1 2 5 3 
2 5 6 3 
3 6 7 3 
4 7 8 3 
5 8 9 3 
6 9 10 3 
7 10 11 3 
8 11 12 3 
9 12 13 3 
10 13 14 3 
11 14 15 3 
12 15 16 3 
13 16 17 3 
14 17 18 3 
15 18 19 3 
16 19 20 3 
17 20 21 3 
18 21 22 3 
19 22 23 3 
20 23 24 3 
21 24 25 3 
22 25 26 3 
23 26 27 3 
24 27 28 3 
25 28 29 3 
26 29 30 3 
27 30 31 3 
28 31 32 3 
29 32 33 3 
30 33 34 3 
31 34 35 3 
32 35 36 3 
33 36 37 3 
34 37 38 3 
35 38 39 3 
36 39 40 3 
37 40 41 3 
38 41 42 3 
39 42 43 3 
40 43 44 3 
41 44 45 3 
42 45 46 3 
43 46 47 3 
44 47 48 3 
45 48 49 3 
46 49 50 3 
47 50 51 3 
48 51 52 3 
49 52 53 3 
50 53 54 3 
51 54 55 3 
52 55 56 3 
53 56 57 3 
54 57 58 3 
55 58 59 3 
56 59 60 3 
57 60 61 3 
58 61 62 3 
59 62 63 3 
60 63 64 3 
61 64 65 3 
62 65 66 3 
63 66 67 3 
64 67 68 3 
65 68 69 3 
66 69 70 3 
67 70 71 3 
68 71 72 3 
69 72 73 3 
70 73 74 3 
71 74 75 3 
72 75 76 3 
73 76 77 3 
74 77 78 3 
75 78 79 3 
76 79 80 3 
77 80 81 3 
78 81 82 3 
79 82 83 3 
80 83 84 3 
81 84 85 3 
82 85 86 3 
83 86 87 3 
84 87 88 3 
85 88 89 3 
86 89 90 3 
87 90 91 3 
88 91 92 3 
89 92 93 3 
90 93 94 3 
91 94 95 3 
92 95 96 3 
93 96 97 3 
94 97 98 3 
95 98 99 3 
96 99 100 3 
97 100 101 3 
98 101 102 3 
99 102 103 3 
100 103 104 3 
101 104 105 3 
102 105 106 3 
103 106 107 3 
104 107 108 3 
105 108 109 3 
106 109 110 3 
107 110 111 3 
108 111 112 3 
109 112 113 3 
110 113 114 3 
111 114 115 3 
112 115 116 3 
113 116 117 3 
114 117 118 3 
115 118 119 3 
116 119 120 3 
117 120 121 3 
118 121 122 3 
119 122 123 3 
120 123 124 3 
121 124 125 3 
122 125 126 3 
123 126 127 3 
124 127 128 3 
125 128 129 3 
126 129 130 3 
127 130 131 3 
128 131 132 3 
129 132 133 3 
130 133 134 3 
131 134 135 3 
132 135 136 3 
133 136 137 3 
134 137 138 3 
135 138 139 3 
136 139 140 3 
137 140 141 3 
138 141 142 3 
139 142 143 3 
140 143 144 3 
141 144 145 3 
142 145 146 3 
143 146 147 3 
144 147 148 3 
145 148 149 3 
146 149 150 3 
147 150 151 3 
148 151 152 3 
149 152 153 3 
150 153 154 3 
151 154 155 3 
152 155 156 3 
153 156 157 3 
154 157 158 3 
155 158 159 3 
156 159 160 3 
157 160 161 3 
158 161 162 3 
159 162 163 3 
160 163 164 3 
161 164 165 3 
162 165 166 3 
163 166 167 3 
164 167 168 3 
165 168 169 3 
166 169 170 3 
167 170 171 3 
168 171 172 3 
169 172 173 3 
170 173 174 3 
171 174 175 3 
172 175 176 3 
173 176 177 3 
174 177 178 3 
175 178 179 3 
176 179 180 3 
177 180 181 3 
178 181 182 3 
179 182 183 3 
180 183 184 3 
181 184 185 3 
182 185 186 3 
183 186 187 3 
184 187 188 3 
185 188 189 3 
186 189 190 3 
187 190 191 3 
188 191 192 3 
189 192 193 3 
190 193 194 3 
191 194 195 3 
192 195 196 3 
193 196 197 3 
194 197 198 3 
195 198 199 3 
196 199 200 3 
197 200 201 3 
198 201 202 3 
199 202 203 3 
200 203 204 3 
201 204 205 3 
202 205 206 3 
203 206 207 3 
204 207 208 3 
205 208 209 3 
206 209 210 3 
207 210 211 3 
208 211 212 3 
209 212 213 3 
210 213 214 3 
211 214 215 3 
212 215 216 3 
213 216 217 3 
214 217 218 3 
215 218 219 3 
216 219 220 3 
217 220 221 3 
218 221 222 3 
219 222 223 3 
220 223 224 3 
221 224 225 3 
222 225 226 3 
223 226 227 3 
224 227 228 3 
225 228 229 3 
226 229 230 3 
227 230 231 3 
228 231 232 3 
229 232 233 3 
230 233 234 3 
231 234 235 3 
232 235 236 3 
233 236 237 3 
234 237 238 3 
235 238 239 3 
236 239 240 3 
237 240 241 3 
238 241 242 3 
239 242 243 3 
240 243 244 3 
241 244 245 3 
242 245 246 3 
243 246 247 3 
244 247 248 3 
245 248 249 3 
246 249 250 3 
247 250 251 3 
248 251 252 3 
249 252 253 3 
250 253 254 3 
251 254 255 3 
252 255 256 3 
253 256 257 3 
254 257 258 3 
255 258 259 3 
256 259 260 3 
257 260 261 3 
258 261 262 3 
259 262 263 3 
260 263 264 3 
261 264 265 3 
262 265 266 3 
263 266 267 3 
264 267 268 3 
265 268 269 3 
266 269 270 3 
267 270 271 3 
268 271 272 3 
269 272 273 3 
270 273 274 3 
271 274 275 3 
272 275 276 3 
273 276 277 3 
274 277 278 3 
275 278 279 3 
276 279 280 3 
277 280 281 3 
278 281 282 3 
279 282 283 3 
280 283 284 3 
281 284 285 3 
282 285 286 3 
283 286 287 3 
284 287 288 3 
285 288 289 3 
286 289 290 3 
287 290 291 3 
288 291 292 3 
289 292 293 3 
290 293 294 3 
291 294 295 3 
292 295 296 3 
293 296 297 3 
294 297 298 3 
295 298 299 3 
296 299 300 3 
297 300 301 3 
298 301 302 3 
299 302 303 3 
300 303 304 3 
301 304 305 3 
302 305 306 3 
303 306 307 3 
304 307 308 3 
305 308 309 3 
306 309 310 3 
307 310 311 3 
308 311 312 3 
309 312 313 3 
310 313 314 3 
311 314 315 3 
312 315 316 3 
313 316 317 3 
314 317 318 3 
315 318 319 3 
316 319 320 3 
317 320 321 3 
318 321 322 3 
319 322 323 3 
320 323 324 3 
321 324 325 3 
322 325 326 3 
323 326 327 3 
324 327 328 3 
325 328 329 3 
326 329 330 3 
327 330 331 3 
328 331 332 3 
329 332 333 3 
330 333 334 3 
331 334 335 3 
332 335 336 3 
333 336 337 3 
334 337 338 3 
335 338 339 3 
336 339 340 3 
337 340 341 3 
338 341 342 3 
339 342 343 3 
340 343 344 3 
341 344 345 3 
342 345 346 3 
343 346 347 3 
344 347 348 3 
345 348 349 3 
346 349 350 3 
347 350 351 3 
348 351 352 3 
349 352 353 3 
350 353 354 3 
351 354 355 3 
352 355 356 3 
353 356 357 3 
354 357 358 3 
355 358 359 3 
356 359 360 3 
357 360 361 3 
358 361 362 3 
359 362 363 3 
360 363 364 3 
361 364 365 3 
362 365 366 3 
363 366 367 3 
364 367 368 3 
365 368 369 3 
366 369 370 3 
367 370 371 3 
368 371 372 3 
369 372 373 3 
370 373 374 3 
371 374 375 3 
372 375 376 3 
373 376 377 3 
374 377 378 3 
375 378 379 3 
376 379 380 3 
377 380 381 3 
378 381 382 3 
379 382 383 3 
380 383 384 3 
381 384 385 3 
382 385 386 3 
383 386 387 3 
384 387 388 3 
385 388 389 3 
386 389 390 3 
387 390 391 3 
388 391 392 3 
389 392 393 3 
390 393 394 3 
391 394 395 3 
392 395 396 3 
393 396 397 3 
394 397 398 3 
395 398 399 3 
396 399 400 3 
397 400 401 3 
398 401 402 3 
399 402 403 3 
400 403 3 3 
401 1 404 2 
402 404 405 2 
403 405 406 2 
404 406 407 2 
405 407 408 2 
406 408 409 2 
407 409 410 2 
408 410 411 2 
409 411 412 2 
410 412 413 2 
411 413 414 2 
412 414 415 2 
413 415 416 2 
414 416 417 2 
415 417 418 2 
416 418 419 2 
417 419 420 2 
418 420 421 2 
419 421 422 2 
420 422 423 2 
421 423 424 2 
422 424 425 2 
423 425 426 2 
424 426 427 2 
425 427 428 2 
426 428 429 2 
427 429 430 2 
428 430 431 2 
429 431 432 2 
430 432 433 2 
431 433 434 2 
432 434 435 2 
433 435 436 2 
434 436 437 2 
435 437 438 2 
436 438 439 2 
437 439 440 2 
438 440 441 2 
439 441 442 2 
440 442 443 2 
441 443 444 2 
442 444 445 2 
443 445 446 2 
444 446 447 2 
445 447 448 2 
446 448 449 2 
447 449 450 2 
448 450 451 2 
449 451 452 2 
450 452 453 2 
451 453 454 2 
452 454 455 2 
453 455 456 2 
454 456 457 2 
455 457 458 2 
456 458 459 2 
457 459 460 2 
458 460 461 2 
459 461 462 2 
460 462 463 2 
461 463 464 2 
462 464 465 2 
463 465 466 2 
464 466 467 2 
465 467 468 2 
466 468 469 2 
467 469 470 2 
468 470 471 2 
469 471 472 2 
470 472 473 2 
471 473 474 2 
472 474 475 2 
473 475 476 2 
474 476 477 2 
475 477 478 2 
476 478 479 2 
477 479 480 2 
478 480 481 2 
479 481 482 2 
480 482 483 2 
481 483 484 2 
482 484 485 2 
483 485 486 2 
484 486 487 2 
485 487 488 2 
486 488 489 2 
487 489 490 2 
488 490 491 2 
489 491 492 2 
490 492 493 2 
491 493 494 2 
492 494 495 2 
493 495 496 2 
494 496 497 2 
495 497 498 2 
496 498 499 2 
497 499 500 2 
498 500 501 2 
499 501 502 2 
500 502 503 2 
501 503 504 2 
502 504 505 2 
503 505 506 2 
504 506 507 2 
505 507 508 2 
506 508 509 2 
507 509 510 2 
508 510 511 2 
509 511 512 2 
510 512 513 2 
511 513 514 2 
512 514 515 2 
513 515 516 2 
514 516 517 2 
515 517 518 2 
516 518 519 2 
517 519 520 2 
518 520 521 2 
519 521 522 2 
520 522 523 2 
521 523 524 2 
522 524 525 2 
523 525 526 2 
524 526 527 2 
525 527 528 2 
526 528 529 2 
527 529 530 2 
528 530 531 2 
529 531 532 2 
530 532 533 2 
531 533 534 2 
532 534 535 2 
533 535 536 2 
534 536 537 2 
535 537 538 2 
536 538 539 2 
537 539 540 2 
538 540 541 2 
539 541 542 2 
540 542 543 2 
541 543 544 2 
542 544 545 2 
543 545 546 2 
544 546 547 2 
545 547 548 2 
546 548 549 2 
547 549 550 2 
548 550 551 2 
549 551 552 2 
550 552 553 2 
551 553 554 2 
552 554 555 2 
553 555 556 2 
554 556 557 2 
555 557 558 2 
556 558 559 2 
557 559 560 2 
558 560 561 2 
559 561 562 2 
560 562 563 2 
561 563 564 2 
562 564 565 2 
563 565 566 2 
564 566 567 2 
565 567 568 2 
566 568 569 2 
567 569 570 2 
568 570 571 2 
569 571 572 2 
570 572 573 2 
571 573 574 2 
572 574 575 2 
573 575 576 2 
574 576 577 2 
575 577 578 2 
576 578 579 2 
577 579 580 2 
578 580 581 2 
579 581 582 2 
580 582 583 2 
581 583 584 2 
582 584 585 2 
583 585 586 2 
584 586 587 2 
585 587 588 2 
586 588 589 2 
587 589 590 2 
588 590 591 2 
589 591 592 2 
590 592 593 2 
591 593 594 2 
592 594 595 2 
593 595 596 2 
594 596 597 2 
595 597 598 2 
596 598 599 2 
597 599 600 2 
598 600 601 2 
599 601 602 2 
600 602 603 2 
601 603 604 2 
602 604 605 2 
603 605 606 2 
604 606 607 2 
605 607 608 2 
606 608 609 2 
607 609 610 2 
608 610 611 2 
609 611 612 2 
610 612 613 2 
611 613 614 2 
612 614 615 2 
613 615 616 2 
614 616 617 2 
615 617 618 2 
616 618 619 2 
617 619 620 2 
618 620 621 2 
619 621 622 2 
620 622 623 2 
621 623 624 2 
622 624 625 2 
623 625 626 2 
624 626 627 2 
625 627 628 2 
626 628 629 2 
627 629 630 2 
628 630 631 2 
629 631 632 2 
630 632 633 2 
631 633 634 2 
632 634 635 2 
633 635 636 2 
634 636 637 2 
635 637 638 2 
636 638 639 2 
637 639 640 2 
638 640 641 2 
639 641 642 2 
640 642 643 2 
641 643 644 2 
642 644 645 2 
643 645 646 2 
644 646 647 2 
645 647 648 2 
646 648 649 2 
647 649 650 2 
648 650 651 2 
649 651 652 2 
650 652 653 2 
651 653 654 2 
652 654 655 2 
653 655 656 2 
654 656 657 2 
655 657 658 2 
656 658 659 2 
657 659 660 2 
658 660 661 2 
659 661 662 2 
660 662 663 2 
661 663 664 2 
662 664 665 2 
663 665 666 2 
664 666 667 2 
665 667 668 2 
666 668 669 2 
667 669 670 2 
668 670 671 2 
669 671 672 2 
670 672 673 2 
671 673 674 2 
672 674 675 2 
673 675 676 2 
674 676 677 2 
675 677 678 2 
676 678 679 2 
677 679 680 2 
678 680 681 2 
679 681 682 2 
680 682 683 2 
681 683 684 2 
682 684 685 2 
683 685 686 2 
684 686 687 2 
685 687 688 2 
686 688 689 2 
687 689 690 2 
688 690 691 2 
689 691 692 2 
690 692 693 2 
691 693 694 2 
692 694 695 2 
693 695 696 2 
694 696 697 2 
695 697 698 2 
696 698 699 2 
697 699 700 2 
698 700 701 2 
699 701 702 2 
700 702 703 2 
701 703 704 2 
702 704 705 2 
703 705 706 2 
704 706 707 2 
705 707 708 2 
706 708 709 2 
707 709 710 2 
708 710 711 2 
709 711 712 2 
710 712 713 2 
711 713 714 2 
712 714 715 2 
713 715 716 2 
714 716 717 2 
715 717 718 2 
716 718 719 2 
717 719 720 2 
718 720 721 2 
719 721 722 2 
720 722 723 2 
721 723 724 2 
722 724 725 2 
723 725 726 2 
724 726 727 2 
725 727 728 2 
726 728 729 2 
727 729 730 2 
728 730 731 2 
729 731 732 2 
730 732 733 2 
731 733 734 2 
732 734 735 2 
733 735 736 2 
734 736 737 2 
735 737 738 2 
736 738 739 2 
737 739 740 2 
738 740 741 2 
739 741 742 2 
740 742 743 2 
741 743 744 2 
742 744 745 2 
743 745 746 2 
744 746 747 2 
745 747 748 2 
746 748 749 2 
747 749 750 2 
748 750 751 2 
749 751 752 2 
750 752 753 2 
751 753 754 2 
752 754 755 2 
753 755 756 2 
754 756 757 2 
755 757 758 2 
756 758 759 2 
757 759 760 2 
758 760 761 2 
759 761 762 2 
760 762 763 2 
761 763 764 2 
762 764 765 2 
763 765 766 2 
764 766 767 2 
765 767 768 2 
766 768 769 2 
767 769 770 2 
768 770 771 2 
769 771 772 2 
770 772 773 2 
771 773 774 2 
772 774 775 2 
773 775 776 2 
774 776 777 2 
775 777 778 2 
776 778 779 2 
777 779 780 2 
778 780 781 2 
779 781 782 2 
780 782 783 2 
781 783 784 2 
782 784 785 2 
783 785 786 2 
784 786 787 2 
785 787 788 2 
786 788 789 2 
787 789 790 2 
788 790 791 2 
789 791 792 2 
790 792 793 2 
791 793 794 2 
792 794 795 2 
793 795 796 2 
794 796 797 2 
795 797 798 2 
796 798 799 2 
797 799 800 2 
798 800 801 2 
799 801 802 2 
800 802 4 2 
801 1 803 4 
802 803 804 4 
803 804 805 4 
804 805 806 4 
805 806 807 4 
806 807 808 4 
807 808 809 4 
808 809 810 4 
809 810 811 4 
810 811 812 4 
811 812 813 4 
812 813 814 4 
813 814 815 4 
814 815 816 4 
815 816 817 4 
816 817 818 4 
817 818 819 4 
818 819 820 4 
819 820 821 4 
820 821 822 4 
821 822 823 4 
822 823 824 4 
823 824 825 4 
824 825 826 4 
825 826 827 4 
826 827 828 4 
827 828 829 4 
828 829 830 4 
829 830 831 4 
830 831 832 4 
831 832 833 4 
832 833 834 4 
833 834 835 4 
834 835 836 4 
835 836 837 4 
836 837 838 4 
837 838 839 4 
838 839 840 4 
839 840 841 4 
840 841 842 4 
841 842 843 4 
842 843 844 4 
843 844 845 4 
844 845 846 4 
845 846 847 4 
846 847 848 4 
847 848 849 4 
848 849 850 4 
849 850 851 4 
850 851 852 4 
851 852 853 4 
852 853 854 4 
853 854 855 4 
854 855 856 4 
855 856 857 4 
856 857 858 4 
857 858 859 4 
858 859 860 4 
859 860 861 4 
860 861 862 4 
861 862 863 4 
862 863 864 4 
863 864 865 4 
864 865 866 4 
865 866 867 4 
866 867 868 4 
867 868 869 4 
868 869 870 4 
869 870 871 4 
870 871 872 4 
871 872 873 4 
872 873 874 4 
873 874 875 4 
874 875 876 4 
875 876 877 4 
876 877 878 4 
877 878 879 4 
878 879 880 4 
879 880 881 4 
880 881 882 4 
881 882 883 4 
882 883 884 4 
883 884 885 4 
884 885 886 4 
885 886 887 4 
886 887 888 4 
887 888 889 4 
888 889 890 4 
889 890 891 4 
890 891 892 4 
891 892 893 4 
892 893 894 4 
893 894 895 4 
894 895 896 4 
895 896 897 4 
896 897 898 4 
897 898 899 4 
898 899 900 4 
899 900 901 4 
900 901 902 4 
901 902 903 4 
902 903 904 4 
903 904 905 4 
904 905 906 4 
905 906 907 4 
906 907 908 4 
907 908 909 4 
908 909 910 4 
909 910 911 4 
910 911 912 4 
911 912 913 4 
912 913 914 4 
913 914 915 4 
914 915 916 4 
915 916 917 4 
916 917 918 4 
917 918 919 4 
918 919 920 4 
919 920 921 4 
920 921 922 4 
921 922 923 4 
922 923 924 4 
923 924 925 4 
924 925 926 4 
925 926 927 4 
926 927 928 4 
927 928 929 4 
928 929 930 4 
929 930 931 4 
930 931 932 4 
931 932 933 4 
932 933 934 4 
933 934 935 4 
934 935 936 4 
935 936 937 4 
936 937 938 4 
937 938 939 4 
938 939 940 4 
939 940 941 4 
940 941 942 4 
941 942 943 4 
942 943 944 4 
943 944 945 4 
944 945 946 4 
945 946 947 4 
946 947 948 4 
947 948 949 4 
948 949 950 4 
949 950 951 4 
950 951 952 4 
951 952 953 4 
952 953 954 4 
953 954 955 4 
954 955 956 4 
955 956 957 4 
956 957 958 4 
957 958 959 4 
958 959 960 4 
959 960 961 4 
960 961 962 4 
961 962 963 4 
962 963 964 4 
963 964 965 4 
964 965 966 4 
965 966 967 4 
966 967 968 4 
967 968 969 4 
968 969 970 4 
969 970 971 4 
970 971 972 4 
971 972 973 4 
972 973 974 4 
973 974 975 4 
974 975 976 4 
975 976 977 4 
976 977 978 4 
977 978 979 4 
978 979 980 4 
979 980 981 4 
980 981 982 4 
981 982 983 4 
982 983 984 4 
983 984 985 4 
984 985 986 4 
985 986 987 4 
986 987 988 4 
987 988 989 4 
988 989 990 4 
989 990 991 4 
990 991 992 4 
991 992 993 4 
992 993 994 4 
993 994 995 4 
994 995 996 4 
995 996 997 4 
996 997 998 4 
997 998 999 4 
998 999 1000 4 
999 1000 1001 4 
1000 1001 1002 4 
1001 1002 1003 4 
1002 1003 1004 4 
1003 1004 1005 4 
1004 1005 1006 4 
1005 1006 1007 4 
1006 1007 1008 4 
1007 1008 1009 4 
1008 1009 1010 4 
1009 1010 1011 4 
1010 1011 1012 4 
1011 1012 1013 4 
1012 1013 1014 4 
1013 1014 1015 4 
1014 1015 1016 4 
1015 1016 1017 4 
1016 1017 1018 4 
1017 1018 1019 4 
1018 1019 1020 4 
1019 1020 1021 4 
1020 1021 1022 4 
1021 1022 1023 4 
1022 1023 1024 4 
1023 1024 1025 4 
1024 1025 1026 4 
1025 1026 1027 4 
1026 1027 1028 4 
1027 1028 1029 4 
1028 1029 1030 4 
1029 1030 1031 4 
1030 1031 1032 4 
1031 1032 1033 4 
1032 1033 1034 4 
1033 1034 1035 4 
1034 1035 1036 4 
1035 1036 1037 4 
1036 1037 1038 4 
1037 1038 1039 4 
1038 1039 1040 4 
1039 1040 1041 4 
1040 1041 1042 4 
1041 1042 1043 4 
1042 1043 1044 4 
1043 1044 1045 4 
1044 1045 1046 4 
1045 1046 1047 4 
1046 1047 1048 4 
1047 1048 1049 4 
1048 1049 1050 4 
1049 1050 1051 4 
1050 1051 1052 4 
1051 1052 1053 4 
1052 1053 1054 4 
1053 1054 1055 4 
1054 1055 1056 4 
1055 1056 1057 4 
1056 1057 1058 4 
1057 1058 1059 4 
1058 1059 1060 4 
1059 1060 1061 4 
1060 1061 2 4 
1061 4 1062 1 
1062 1062 1063 1 
1063 1063 1064 1 
1064 1064 1065 1 
1065 1065 1066 1 
1066 1066 1067 1 
1067 1067 1068 1 
1068 1068 1069 1 
1069 1069 1070 1 
1070 1070 1071 1 
1071 1071 1072 1 
1072 1072 1073 1 
1073 1073 1074 1 
1074 1074 1075 1 
1075 1075 1076 1 
1076 1076 1077 1 
1077 1077 1078 1 
1078 1078 1079 1 
1079 1079 1080 1 
1080 1080 1081 1 
1081 1081 1082 1 
1082 1082 1083 1 
1083 1083 1084 1 
1084 1084 1085 1 
1085 1085 1086 1 
1086 1086 1087 1 
1087 1087 1088 1 
1088 1088 1089 1 
1089 1089 1090 1 
1090 1090 1091 1 
1091 1091 1092 1 
1092 1092 1093 1 
1093 1093 1094 1 
1094 1094 1095 1 
1095 1095 1096 1 
1096 1096 1097 1 
1097 1097 1098 1 
1098 1098 1099 1 
1099 1099 1100 1 
1100 1100 1101 1 
1101 1101 1102 1 
1102 1102 1103 1 
1103 1103 1104 1 
1104 1104 1105 1 
1105 1105 1106 1 
1106 1106 1107 1 
1107 1107 1108 1 
1108 1108 1109 1 
1109 1109 1110 1 
1110 1110 1111 1 
1111 1111 1112 1 
1112 1112 1113 1 
1113 1113 1114 1 
1114 1114 1115 1 
1115 1115 1116 1 
1116 1116 1117 1 
1117 1117 1118 1 
1118 1118 1119 1 
1119 1119 1120 1 
1120 1120 1121 1 
1121 1121 1122 1 
1122 1122 1123 1 
1123 1123 1124 1 
1124 1124 1125 1 
1125 1125 1126 1 
1126 1126 1127 1 
1127 1127 1128 1 
1128 1128 1129 1 
1129 1129 1130 1 
1130 1130 1131 1 
1131 1131 1132 1 
1132 1132 1133 1 
1133 1133 1134 1 
1134 1134 1135 1 
1135 1135 1136 1 
1136 1136 1137 1 
1137 1137 1138 1 
1138 1138 1139 1 
1139 1139 1140 1 
1140 1140 1141 1 
1141 1141 1142 1 
1142 1142 1143 1 
1143 1143 1144 1 
1144 1144 1145 1 
1145 1145 1146 1 
1146 1146 1147 1 
1147 1147 1148 1 
1148 1148 1149 1 
1149 1149 1150 1 
1150 1150 1151 1 
1151 1151 1152 1 
1152 1152 1153 1 
1153 1153 1154 1 
1154 1154 1155 1 
1155 1155 1156 1 
1156 1156 1157 1 
1157 1157 1158 1 
1158 1158 1159 1 
1159 1159 1160 1 
1160 1160 1161 1 
1161 1161 1162 1 
1162 1162 1163 1 
1163 1163 1164 1 
1164 1164 1165 1 
1165 1165 1166 1 
1166 1166 1167 1 
1167 1167 1168 1 
1168 1168 1169 1 
1169 1169 1170 1 
1170 1170 1171 1 
1171 1171 1172 1 
1172 1172 1173 1 
1173 1173 1174 1 
1174 1174 1175 1 
1175 1175 1176 1 
1176 1176 1177 1 
1177 1177 1178 1 
1178 1178 1179 1 
1179 1179 1180 1 
1180 1180 1181 1 
1181 1181 1182 1 
1182 1182 1183 1 
1183 1183 1184 1 
1184 1184 1185 1 
1185 1185 1186 1 
1186 1186 1187 1 
1187 1187 1188 1 
1188 1188 1189 1 
1189 1189 1190 1 
1190 1190 1191 1 
1191 1191 1192 1 
1192 1192 1193 1 
1193 1193 1194 1 
1194 1194 1195 1 
1195 1195 1196 1 
1196 1196 1197 1 
1197 1197 1198 1 
1198 1198 1199 1 
1199 1199 1200 1 
1200 1200 1201 1 
1201 1201 1202 1 
1202 1202 1203 1 
1203 1203 1204 1 
1204 1204 1205 1 
1205 1205 1206 1 
1206 1206 1207 1 
1207 1207 1208 1 
1208 1208 1209 1 
1209 1209 1210 1 
1210 1210 1211 1 
1211 1211 1212 1 
1212 1212 1213 1 
1213 1213 1214 1 
1214 1214 1215 1 
1215 1215 1216 1 
1216 1216 1217 1 
1217 1217 1218 1 
1218 1218 1219 1 
1219 1219 1220 1 
1220 1220 1221 1 
1221 1221 1222 1 
1222 1222 1223 1 
1223 1223 1224 1 
1224 1224 1225 1 
1225 1225 1226 1 
1226 1226 1227 1 
1227 1227 1228 1 
1228 1228 1229 1 
1229 1229 1230 1 
1230 1230 1231 1 
1231 1231 1232 1 
1232 1232 1233 1 
1233 1233 1234 1 
1234 1234 1235 1 
1235 1235 1236 1 
1236 1236 1237 1 
1237 1237 1238 1 
1238 1238 1239 1 
1239 1239 1240 1 
1240 1240 1241 1 
1241 1241 1242 1 
1242 1242 1243 1 
1243 1243 1244 1 
1244 1244 1245 1 
1245 1245 1246 1 
1246 1246 1247 1 
1247 1247 1248 1 
1248 1248 1249 1 
1249 1249 1250 1 
1250 1250 1251 1 
1251 1251 1252 1 
1252 1252 1253 1 
1253 1253 1254 1 
1254 1254 1255 1 
1255 1255 1256 1 
1256 1256 1257 1 
1257 1257 1258 1 
1258 1258 1259 1 
1259 1259 1260 1 
1260 1260 1261 1 
1261 1261 1262 1 
1262 1262 1263 1 
1263 1263 1264 1 
1264 1264 1265 1 
1265 1265 1266 1 
1266 1266 1267 1 
1267 1267 1268 1 
1268 1268 1269 1 
1269 1269 1270 1 
1270 1270 1271 1 
1271 1271 1272 1 
1272 1272 1273 1 
1273 1273 1274 1 
1274 1274 1275 1 
1275 1275 1276 1 
1276 1276 1277 1 
1277 1277 1278 1 
1278 1278 1279 1 
1279 1279 1280 1 
1280 1280 1281 1 
1281 1281 1282 1 
1282 1282 1283 1 
1283 1283 1284 1 
1284 1284 1285 1 
1285 1285 1286 1 
1286 1286 1287 1 
1287 1287 1288 1 
1288 1288 1289 1 
1289 1289 1290 1 
1290 1290 1291 1 
1291 1291 1292 1 
1292 1292 1293 1 
1293 1293 1294 1 
1294 1294 1295 1 
1295 1295 1296 1 
1296 1296 1297 1 
1297 1297 1298 1 
1298 1298 1299 1 
1299 1299 1300 1 
1300 1300 1301 1 
1301 1301 1302 1 
1302 1302 1303 1 
1303 1303 1304 1 
1304 1304 1305 1 
1305 1305 1306 1 
1306 1306 1307 1 
1307 1307 1308 1 
1308 1308 1309 1 
1309 1309 1310 1 
1310 1310 1311 1 
1311 1311 1312 1 
1312 1312 1313 1 
1313 1313 1314 1 
1314 1314 1315 1 
1315 1315 1316 1 
1316 1316 1317 1 
1317 1317 1318 1 
1318 1318 1319 1 
1319 1319 1320 1 
1320 1320 3 1 
