1 1 9 2 
2 9 10 2 
3 10 11 2 
4 11 12 2 
5 12 13 2 
6 13 14 2 
7 14 15 2 
8 15 16 2 
9 16 17 2 
10 17 18 2 
11 18 19 2 
12 19 20 2 
13 20 21 2 
14 21 22 2 
15 22 2 2 
16 3 23 0 
17 23 24 0 
18 24 25 0 
19 25 26 0 
20 26 27 0 
21 27 28 0 
22 28 29 0 
23 29 30 0 
24 30 31 0 
25 31 32 0 
26 32 33 0 
27 33 34 0 
28 34 35 0 
29 35 36 0 
30 36 37 0 
31 37 38 0 
32 38 39 0 
33 39 40 0 
34 40 41 0 
35 41 1 0 
36 4 42 1 
37 42 43 1 
38 43 44 1 
39 44 45 1 
40 45 46 1 
41 46 47 1 
42 47 48 1 
43 48 49 1 
44 49 50 1 
45 50 51 1 
46 51 52 1 
47 52 53 1 
48 53 54 1 
49 54 55 1 
50 55 3 1 
51 2 56 4 
52 56 57 4 
53 57 58 4 
54 58 59 4 
55 59 60 4 
56 60 61 4 
57 61 62 4 
58 62 63 4 
59 63 64 4 
60 64 65 4 
61 65 66 4 
62 66 67 4 
63 67 68 4 
64 68 69 4 
65 69 70 4 
66 70 71 4 
67 71 72 4 
68 72 73 4 
69 73 74 4 
70 74 4 4 
71 5 75 2 
72 75 76 2 
73 76 77 2 
74 77 78 2 
75 78 79 2 
76 79 80 2 
77 80 81 2 
78 81 82 2 
79 82 83 2 
80 83 84 2 
81 84 85 2 
82 85 86 2 
83 86 87 2 
84 87 88 2 
85 88 89 2 
86 89 90 2 
87 90 91 2 
88 91 92 2 
89 92 93 2 
90 93 94 2 
91 94 95 2 
92 95 96 2 
93 96 97 2 
94 97 98 2 
95 98 99 2 
96 99 100 2 
97 100 101 2 
98 101 102 2 
99 102 103 2 
100 103 104 2 
101 104 105 2 
102 105 106 2 
103 106 107 2 
104 107 108 2 
105 108 109 2 
106 109 110 2 
107 110 111 2 
108 111 112 2 
109 112 113 2 
110 113 114 2 
111 114 115 2 
112 115 116 2 
113 116 117 2 
114 117 118 2 
115 118 119 2 
116 119 120 2 
117 120 121 2 
118 121 122 2 
119 122 123 2 
120 123 1 2 
121 6 124 3 
122 124 125 3 
123 125 126 3 
124 126 127 3 
125 127 128 3 
126 128 129 3 
127 129 130 3 
128 130 131 3 
129 131 132 3 
130 132 133 3 
131 133 134 3 
132 134 135 3 
133 135 136 3 
134 136 137 3 
135 137 138 3 
136 138 139 3 
137 139 140 3 
138 140 141 3 
139 141 142 3 
140 142 5 3 
141 3 143 0 
142 143 144 0 
143 144 145 0 
144 145 146 0 
145 146 147 0 
146 147 148 0 
147 148 149 0 
148 149 150 0 
149 150 151 0 
150 151 152 0 
151 152 153 0 
152 153 154 0 
153 154 155 0 
154 155 156 0 
155 156 157 0 
156 157 158 0 
157 158 159 0 
158 159 160 0 
159 160 161 0 
160 161 162 0 
161 162 163 0 
162 163 164 0 
163 164 165 0 
164 165 166 0 
165 166 167 0 
166 167 168 0 
167 168 169 0 
168 169 170 0 
169 170 171 0 
170 171 172 0 
171 172 173 0 
172 173 174 0 
173 174 175 0 
174 175 176 0 
175 176 177 0 
176 177 178 0 
177 178 179 0 
178 179 180 0 
179 180 181 0 
180 181 182 0 
181 182 183 0 
182 183 184 0 
183 184 185 0 
184 185 186 0 
185 186 187 0 
186 187 188 0 
187 188 189 0 
188 189 190 0 
189 190 191 0 
190 191 6 0 
191 7 192 3 
192 192 193 3 
193 193 194 3 
194 194 195 3 
195 195 196 3 
196 196 197 3 
197 197 198 3 
198 198 199 3 
199 199 200 3 
200 200 201 3 
201 201 202 3 
202 202 203 3 
203 203 204 3 
204 204 205 3 
205 205 206 3 
206 206 207 3 
207 207 208 3 
208 208 209 3 
209 209 210 3 
210 210 211 3 
211 211 212 3 
212 212 213 3 
213 213 214 3 
214 214 215 3 
215 215 216 3 
216 216 217 3 
217 217 218 3 
218 218 219 3 
219 219 220 3 
220 220 221 3 
221 221 222 3 
222 222 223 3 
223 223 224 3 
224 224 225 3 
225 225 226 3 
226 226 227 3 
227 227 228 3 
228 228 229 3 
229 229 230 3 
230 230 231 3 
231 231 232 3 
232 232 233 3 
233 233 234 3 
234 234 235 3 
235 235 236 3 
236 236 237 3 
237 237 238 3 
238 238 239 3 
239 239 240 3 
240 240 241 3 
241 241 242 3 
242 242 243 3 
243 243 244 3 
244 244 245 3 
245 245 246 3 
246 246 247 3 
247 247 248 3 
248 248 249 3 
249 249 250 3 
250 250 251 3 
251 251 252 3 
252 252 253 3 
253 253 254 3 
254 254 255 3 
255 255 256 3 
256 256 257 3 
257 257 258 3 
258 258 259 3 
259 259 260 3 
260 260 261 3 
261 261 262 3 
262 262 263 3 
263 263 264 3 
264 264 265 3 
265 265 266 3 
266 266 267 3 
267 267 268 3 
268 268 269 3 
269 269 270 3 
270 270 6 3 
271 8 271 3 
272 271 272 3 
273 272 273 3 
274 273 274 3 
275 274 275 3 
276 275 276 3 
277 276 277 3 
278 277 278 3 
279 278 279 3 
280 279 280 3 
281 280 281 3 
282 281 282 3 
283 282 283 3 
284 283 284 3 
285 284 285 3 
286 285 286 3 
287 286 287 3 
288 287 288 3 
289 288 289 3 
290 289 290 3 
291 290 291 3 
292 291 292 3 
293 292 293 3 
294 293 294 3 
295 294 295 3 
296 295 296 3 
297 296 297 3 
298 297 298 3 
299 298 299 3 
300 299 300 3 
301 300 301 3 
302 301 302 3 
303 302 303 3 
304 303 304 3 
305 304 305 3 
306 305 306 3 
307 306 307 3 
308 307 308 3 
309 308 309 3 
310 309 310 3 
311 310 311 3 
312 311 312 3 
313 312 313 3 
314 313 314 3 
315 314 315 3 
316 315 316 3 
317 316 317 3 
318 317 318 3 
319 318 319 3 
320 319 7 3 
321 3 320 1 
322 320 321 1 
323 321 322 1 
324 322 323 1 
325 323 324 1 
326 324 325 1 
327 325 326 1 
328 326 327 1 
329 327 328 1 
330 328 329 1 
331 329 330 1 
332 330 331 1 
333 331 332 1 
334 332 333 1 
335 333 334 1 
336 334 335 1 
337 335 336 1 
338 336 337 1 
339 337 338 1 
340 338 339 1 
341 339 340 1 
342 340 341 1 
343 341 342 1 
344 342 343 1 
345 343 344 1 
346 344 345 1 
347 345 346 1 
348 346 347 1 
349 347 348 1 
350 348 349 1 
351 349 350 1 
352 350 351 1 
353 351 352 1 
354 352 353 1 
355 353 354 1 
356 354 355 1 
357 355 356 1 
358 356 357 1 
359 357 358 1 
360 358 359 1 
361 359 360 1 
362 360 361 1 
363 361 362 1 
364 362 363 1 
365 363 364 1 
366 364 365 1 
367 365 366 1 
368 366 367 1 
369 367 368 1 
370 368 369 1 
371 369 370 1 
372 370 371 1 
373 371 372 1 
374 372 373 1 
375 373 374 1 
376 374 375 1 
377 375 376 1 
378 376 377 1 
379 377 378 1 
380 378 379 1 
381 379 380 1 
382 380 381 1 
383 381 382 1 
384 382 383 1 
385 383 384 1 
386 384 385 1 
387 385 386 1 
388 386 387 1 
389 387 388 1 
390 388 389 1 
391 389 390 1 
392 390 391 1 
393 391 392 1 
394 392 393 1 
395 393 394 1 
396 394 395 1 
397 395 396 1 
398 396 397 1 
399 397 398 1 
400 398 8 1 
