+------------------------------ CFD LOVES C++ ---------------------------+
|--------------------DISCONTINUOS GALERKIN METHOD SOLVER-----------------|
|                                  Author                                |
|   Nam Ha Tran.                                                         |
|   Ver 1.00                                                             |
+------------------------------------------------------------------------+
|   This program uses Discontinous Galerkin method to solve 2D problems  |
|   on structural and unstructural mesh.                                 |
+------------------------------------------------------------------------+
	Program ran at (d-m-y_h-m-s) 30-11-2018_12-18-50

	MasterElemOfEdge array

5300 
1279 
5300 
5299 
279 
279 
6599 
5319 
5219 
6599 
5319 
5599 
298 
5599 
5600 
299 
5600 
6600 
5619 
5619 
6600 
6679 
6679 
10599 
5298 
10599 
5320 
19 
5320 
5340 
5340 
39 
5360 
5360 
59 
5380 
5380 
79 
5400 
5400 
99 
5420 
5420 
119 
5440 
5440 
139 
5460 
5460 
159 
5480 
5480 
179 
5500 
5500 
199 
5520 
5520 
219 
5540 
5540 
239 
5560 
5560 
259 
5580 
5580 
5319 
5318 
6598 
5318 
6598 
5318 
5317 
6597 
5317 
6597 
5317 
5316 
6596 
5316 
6596 
5316 
5315 
6595 
5315 
6595 
5315 
5314 
6594 
5314 
6594 
5314 
5313 
6593 
5313 
6593 
5313 
5312 
6592 
5312 
6592 
5312 
5311 
6591 
5311 
6591 
5311 
5310 
6590 
5310 
6590 
5310 
5309 
6589 
5309 
6589 
5309 
5308 
6588 
5308 
6588 
5308 
5307 
6587 
5307 
6587 
5307 
5306 
6586 
5306 
6586 
5306 
5305 
6585 
5305 
6585 
5305 
5304 
6584 
5304 
6584 
5304 
5303 
6583 
5303 
6583 
5303 
5302 
6582 
5302 
6582 
5302 
5301 
6581 
5301 
6581 
5301 
5300 
6580 
6580 
5579 
5599 
5579 
5559 
5579 
5559 
5539 
5559 
5539 
5519 
5539 
5519 
5499 
5519 
5499 
5479 
5499 
5479 
5459 
5479 
5459 
5439 
5459 
5439 
5419 
5439 
5419 
5399 
5419 
5399 
5379 
5399 
5379 
5359 
5379 
5359 
5339 
5359 
5339 
5339 
280 
5580 
5581 
281 
5581 
5582 
282 
5582 
5583 
283 
5583 
5584 
284 
5584 
5585 
285 
5585 
5586 
286 
5586 
5587 
287 
5587 
5588 
288 
5588 
5589 
289 
5589 
5590 
290 
5590 
5591 
291 
5591 
5592 
292 
5592 
5593 
293 
5593 
5594 
294 
5594 
5595 
295 
5595 
5596 
296 
5596 
5597 
297 
5597 
5598 
5598 
5620 
5620 
319 
5640 
5640 
339 
5660 
5660 
359 
5680 
5680 
379 
5700 
5700 
399 
5720 
5720 
419 
5740 
5740 
439 
5760 
5760 
459 
5780 
5780 
479 
5800 
5800 
499 
5820 
5820 
519 
5840 
5840 
539 
5860 
5860 
559 
5880 
5880 
579 
5900 
5900 
599 
5920 
5920 
619 
5940 
5940 
639 
5960 
5960 
659 
5980 
5980 
679 
6000 
6000 
699 
6020 
6020 
719 
6040 
6040 
739 
6060 
6060 
759 
6080 
6080 
779 
6100 
6100 
799 
6120 
6120 
819 
6140 
6140 
839 
6160 
6160 
859 
6180 
6180 
879 
6200 
6200 
899 
6220 
6220 
919 
6240 
6240 
939 
6260 
6260 
959 
6280 
6280 
979 
6300 
6300 
999 
6320 
6320 
1019 
6340 
6340 
1039 
6360 
6360 
1059 
6380 
6380 
1079 
6400 
6400 
1099 
6420 
6420 
1119 
6440 
6440 
1139 
6460 
6460 
1159 
6480 
6480 
1179 
6500 
6500 
1199 
6520 
6520 
1219 
6540 
6540 
1239 
6560 
6560 
1259 
6580 
5619 
5618 
5618 
5618 
5617 
5617 
5617 
5616 
5616 
5616 
5615 
5615 
5615 
5614 
5614 
5614 
5613 
5613 
5613 
5612 
5612 
5612 
5611 
5611 
5611 
5610 
5610 
5610 
5609 
5609 
5609 
5608 
5608 
5608 
5607 
5607 
5607 
5606 
5606 
5606 
5605 
5605 
5605 
5604 
5604 
5604 
5603 
5603 
5603 
5602 
5602 
5602 
5601 
5601 
5601 
5600 
6579 
6599 
10520 
6579 
10520 
6559 
6579 
10440 
6559 
10440 
6539 
6559 
10360 
6539 
10360 
6519 
6539 
10280 
6519 
10280 
6499 
6519 
10200 
6499 
10200 
6479 
6499 
10120 
6479 
10120 
6459 
6479 
10040 
6459 
10040 
6439 
6459 
9960 
6439 
9960 
6419 
6439 
9880 
6419 
9880 
6399 
6419 
9800 
6399 
9800 
6379 
6399 
9720 
6379 
9720 
6359 
6379 
9640 
6359 
9640 
6339 
6359 
9560 
6339 
9560 
6319 
6339 
9480 
6319 
9480 
6299 
6319 
9400 
6299 
9400 
6279 
6299 
9320 
6279 
9320 
6259 
6279 
9240 
6259 
9240 
6239 
6259 
9160 
6239 
9160 
6219 
6239 
9080 
6219 
9080 
6199 
6219 
9000 
6199 
9000 
6179 
6199 
8920 
6179 
8920 
6159 
6179 
8840 
6159 
8840 
6139 
6159 
8760 
6139 
8760 
6119 
6139 
8680 
6119 
8680 
6099 
6119 
8600 
6099 
8600 
6079 
6099 
8520 
6079 
8520 
6059 
6079 
8440 
6059 
8440 
6039 
6059 
8360 
6039 
8360 
6019 
6039 
8280 
6019 
8280 
5999 
6019 
8200 
5999 
8200 
5979 
5999 
8120 
5979 
8120 
5959 
5979 
8040 
5959 
8040 
5939 
5959 
7960 
5939 
7960 
5919 
5939 
7880 
5919 
7880 
5899 
5919 
7800 
5899 
7800 
5879 
5899 
7720 
5879 
7720 
5859 
5879 
7640 
5859 
7640 
5839 
5859 
7560 
5839 
7560 
5819 
5839 
7480 
5819 
7480 
5799 
5819 
7400 
5799 
7400 
5779 
5799 
7320 
5779 
7320 
5759 
5779 
7240 
5759 
7240 
5739 
5759 
7160 
5739 
7160 
5719 
5739 
7080 
5719 
7080 
5699 
5719 
7000 
5699 
7000 
5679 
5699 
6920 
5679 
6920 
5659 
5679 
6840 
5659 
6840 
5639 
5659 
6760 
5639 
6760 
5639 
6680 
6680 
6679 
6678 
6678 
6678 
6677 
6677 
6677 
6676 
6676 
6676 
6675 
6675 
6675 
6674 
6674 
6674 
6673 
6673 
6673 
6672 
6672 
6672 
6671 
6671 
6671 
6670 
6670 
6670 
6669 
6669 
6669 
6668 
6668 
6668 
6667 
6667 
6667 
6666 
6666 
6666 
6665 
6665 
6665 
6664 
6664 
6664 
6663 
6663 
6663 
6662 
6662 
6662 
6661 
6661 
6661 
6660 
6660 
6660 
6659 
6659 
6659 
6658 
6658 
6658 
6657 
6657 
6657 
6656 
6656 
6656 
6655 
6655 
6655 
6654 
6654 
6654 
6653 
6653 
6653 
6652 
6652 
6652 
6651 
6651 
6651 
6650 
6650 
6650 
6649 
6649 
6649 
6648 
6648 
6648 
6647 
6647 
6647 
6646 
6646 
6646 
6645 
6645 
6645 
6644 
6644 
6644 
6643 
6643 
6643 
6642 
6642 
6642 
6641 
6641 
6641 
6640 
6640 
6640 
6639 
6639 
6639 
6638 
6638 
6638 
6637 
6637 
6637 
6636 
6636 
6636 
6635 
6635 
6635 
6634 
6634 
6634 
6633 
6633 
6633 
6632 
6632 
6632 
6631 
6631 
6631 
6630 
6630 
6630 
6629 
6629 
6629 
6628 
6628 
6628 
6627 
6627 
6627 
6626 
6626 
6626 
6625 
6625 
6625 
6624 
6624 
6624 
6623 
6623 
6623 
6622 
6622 
6622 
6621 
6621 
6621 
6620 
6620 
6620 
6619 
6619 
6619 
6618 
6618 
6618 
6617 
6617 
6617 
6616 
6616 
6616 
6615 
6615 
6615 
6614 
6614 
6614 
6613 
6613 
6613 
6612 
6612 
6612 
6611 
6611 
6611 
6610 
6610 
6610 
6609 
6609 
6609 
6608 
6608 
6608 
6607 
6607 
6607 
6606 
6606 
6606 
6605 
6605 
6605 
6604 
6604 
6604 
6603 
6603 
6603 
6602 
6602 
6602 
6601 
6601 
6601 
6600 
10519 
10599 
10519 
10439 
10519 
10439 
10359 
10439 
10359 
10279 
10359 
10279 
10199 
10279 
10199 
10119 
10199 
10119 
10039 
10119 
10039 
9959 
10039 
9959 
9879 
9959 
9879 
9799 
9879 
9799 
9719 
9799 
9719 
9639 
9719 
9639 
9559 
9639 
9559 
9479 
9559 
9479 
9399 
9479 
9399 
9319 
9399 
9319 
9239 
9319 
9239 
9159 
9239 
9159 
9079 
9159 
9079 
8999 
9079 
8999 
8919 
8999 
8919 
8839 
8919 
8839 
8759 
8839 
8759 
8679 
8759 
8679 
8599 
8679 
8599 
8519 
8599 
8519 
8439 
8519 
8439 
8359 
8439 
8359 
8279 
8359 
8279 
8199 
8279 
8199 
8119 
8199 
8119 
8039 
8119 
8039 
7959 
8039 
7959 
7879 
7959 
7879 
7799 
7879 
7799 
7719 
7799 
7719 
7639 
7719 
7639 
7559 
7639 
7559 
7479 
7559 
7479 
7399 
7479 
7399 
7319 
7399 
7319 
7239 
7319 
7239 
7159 
7239 
7159 
7079 
7159 
7079 
6999 
7079 
6999 
6919 
6999 
6919 
6839 
6919 
6839 
6759 
6839 
6759 
6759 
5220 
10520 
10521 
5221 
10521 
10522 
5222 
10522 
10523 
5223 
10523 
10524 
5224 
10524 
10525 
5225 
10525 
10526 
5226 
10526 
10527 
5227 
10527 
10528 
5228 
10528 
10529 
5229 
10529 
10530 
5230 
10530 
10531 
5231 
10531 
10532 
5232 
10532 
10533 
5233 
10533 
10534 
5234 
10534 
10535 
5235 
10535 
10536 
5236 
10536 
10537 
5237 
10537 
10538 
5238 
10538 
10539 
5239 
10539 
10540 
5240 
10540 
10541 
5241 
10541 
10542 
5242 
10542 
10543 
5243 
10543 
10544 
5244 
10544 
10545 
5245 
10545 
10546 
5246 
10546 
10547 
5247 
10547 
10548 
5248 
10548 
10549 
5249 
10549 
10550 
5250 
10550 
10551 
5251 
10551 
10552 
5252 
10552 
10553 
5253 
10553 
10554 
5254 
10554 
10555 
5255 
10555 
10556 
5256 
10556 
10557 
5257 
10557 
10558 
5258 
10558 
10559 
5259 
10559 
10560 
5260 
10560 
10561 
5261 
10561 
10562 
5262 
10562 
10563 
5263 
10563 
10564 
5264 
10564 
10565 
5265 
10565 
10566 
5266 
10566 
10567 
5267 
10567 
10568 
5268 
10568 
10569 
5269 
10569 
10570 
5270 
10570 
10571 
5271 
10571 
10572 
5272 
10572 
10573 
5273 
10573 
10574 
5274 
10574 
10575 
5275 
10575 
10576 
5276 
10576 
10577 
5277 
10577 
10578 
5278 
10578 
10579 
5279 
10579 
10580 
5280 
10580 
10581 
5281 
10581 
10582 
5282 
10582 
10583 
5283 
10583 
10584 
5284 
10584 
10585 
5285 
10585 
10586 
5286 
10586 
10587 
5287 
10587 
10588 
5288 
10588 
10589 
5289 
10589 
10590 
5290 
10590 
10591 
5291 
10591 
10592 
5292 
10592 
10593 
5293 
10593 
10594 
5294 
10594 
10595 
5295 
10595 
10596 
5296 
10596 
10597 
5297 
10597 
10598 
10598 
5321 
5321 
5320 
5322 
5322 
5321 
5323 
5323 
5322 
5324 
5324 
5323 
5325 
5325 
5324 
5326 
5326 
5325 
5327 
5327 
5326 
5328 
5328 
5327 
5329 
5329 
5328 
5330 
5330 
5329 
5331 
5331 
5330 
5332 
5332 
5331 
5333 
5333 
5332 
5334 
5334 
5333 
5335 
5335 
5334 
5336 
5336 
5335 
5337 
5337 
5336 
5338 
5338 
5337 
5338 
5341 
5341 
5340 
5342 
5342 
5341 
5343 
5343 
5342 
5344 
5344 
5343 
5345 
5345 
5344 
5346 
5346 
5345 
5347 
5347 
5346 
5348 
5348 
5347 
5349 
5349 
5348 
5350 
5350 
5349 
5351 
5351 
5350 
5352 
5352 
5351 
5353 
5353 
5352 
5354 
5354 
5353 
5355 
5355 
5354 
5356 
5356 
5355 
5357 
5357 
5356 
5358 
5358 
5357 
5358 
5361 
5361 
5360 
5362 
5362 
5361 
5363 
5363 
5362 
5364 
5364 
5363 
5365 
5365 
5364 
5366 
5366 
5365 
5367 
5367 
5366 
5368 
5368 
5367 
5369 
5369 
5368 
5370 
5370 
5369 
5371 
5371 
5370 
5372 
5372 
5371 
5373 
5373 
5372 
5374 
5374 
5373 
5375 
5375 
5374 
5376 
5376 
5375 
5377 
5377 
5376 
5378 
5378 
5377 
5378 
5381 
5381 
5380 
5382 
5382 
5381 
5383 
5383 
5382 
5384 
5384 
5383 
5385 
5385 
5384 
5386 
5386 
5385 
5387 
5387 
5386 
5388 
5388 
5387 
5389 
5389 
5388 
5390 
5390 
5389 
5391 
5391 
5390 
5392 
5392 
5391 
5393 
5393 
5392 
5394 
5394 
5393 
5395 
5395 
5394 
5396 
5396 
5395 
5397 
5397 
5396 
5398 
5398 
5397 
5398 
5401 
5401 
5400 
5402 
5402 
5401 
5403 
5403 
5402 
5404 
5404 
5403 
5405 
5405 
5404 
5406 
5406 
5405 
5407 
5407 
5406 
5408 
5408 
5407 
5409 
5409 
5408 
5410 
5410 
5409 
5411 
5411 
5410 
5412 
5412 
5411 
5413 
5413 
5412 
5414 
5414 
5413 
5415 
5415 
5414 
5416 
5416 
5415 
5417 
5417 
5416 
5418 
5418 
5417 
5418 
5421 
5421 
5420 
5422 
5422 
5421 
5423 
5423 
5422 
5424 
5424 
5423 
5425 
5425 
5424 
5426 
5426 
5425 
5427 
5427 
5426 
5428 
5428 
5427 
5429 
5429 
5428 
5430 
5430 
5429 
5431 
5431 
5430 
5432 
5432 
5431 
5433 
5433 
5432 
5434 
5434 
5433 
5435 
5435 
5434 
5436 
5436 
5435 
5437 
5437 
5436 
5438 
5438 
5437 
5438 
5441 
5441 
5440 
5442 
5442 
5441 
5443 
5443 
5442 
5444 
5444 
5443 
5445 
5445 
5444 
5446 
5446 
5445 
5447 
5447 
5446 
5448 
5448 
5447 
5449 
5449 
5448 
5450 
5450 
5449 
5451 
5451 
5450 
5452 
5452 
5451 
5453 
5453 
5452 
5454 
5454 
5453 
5455 
5455 
5454 
5456 
5456 
5455 
5457 
5457 
5456 
5458 
5458 
5457 
5458 
5461 
5461 
5460 
5462 
5462 
5461 
5463 
5463 
5462 
5464 
5464 
5463 
5465 
5465 
5464 
5466 
5466 
5465 
5467 
5467 
5466 
5468 
5468 
5467 
5469 
5469 
5468 
5470 
5470 
5469 
5471 
5471 
5470 
5472 
5472 
5471 
5473 
5473 
5472 
5474 
5474 
5473 
5475 
5475 
5474 
5476 
5476 
5475 
5477 
5477 
5476 
5478 
5478 
5477 
5478 
5481 
5481 
5480 
5482 
5482 
5481 
5483 
5483 
5482 
5484 
5484 
5483 
5485 
5485 
5484 
5486 
5486 
5485 
5487 
5487 
5486 
5488 
5488 
5487 
5489 
5489 
5488 
5490 
5490 
5489 
5491 
5491 
5490 
5492 
5492 
5491 
5493 
5493 
5492 
5494 
5494 
5493 
5495 
5495 
5494 
5496 
5496 
5495 
5497 
5497 
5496 
5498 
5498 
5497 
5498 
5501 
5501 
5500 
5502 
5502 
5501 
5503 
5503 
5502 
5504 
5504 
5503 
5505 
5505 
5504 
5506 
5506 
5505 
5507 
5507 
5506 
5508 
5508 
5507 
5509 
5509 
5508 
5510 
5510 
5509 
5511 
5511 
5510 
5512 
5512 
5511 
5513 
5513 
5512 
5514 
5514 
5513 
5515 
5515 
5514 
5516 
5516 
5515 
5517 
5517 
5516 
5518 
5518 
5517 
5518 
5521 
5521 
5520 
5522 
5522 
5521 
5523 
5523 
5522 
5524 
5524 
5523 
5525 
5525 
5524 
5526 
5526 
5525 
5527 
5527 
5526 
5528 
5528 
5527 
5529 
5529 
5528 
5530 
5530 
5529 
5531 
5531 
5530 
5532 
5532 
5531 
5533 
5533 
5532 
5534 
5534 
5533 
5535 
5535 
5534 
5536 
5536 
5535 
5537 
5537 
5536 
5538 
5538 
5537 
5538 
5541 
5541 
5540 
5542 
5542 
5541 
5543 
5543 
5542 
5544 
5544 
5543 
5545 
5545 
5544 
5546 
5546 
5545 
5547 
5547 
5546 
5548 
5548 
5547 
5549 
5549 
5548 
5550 
5550 
5549 
5551 
5551 
5550 
5552 
5552 
5551 
5553 
5553 
5552 
5554 
5554 
5553 
5555 
5555 
5554 
5556 
5556 
5555 
5557 
5557 
5556 
5558 
5558 
5557 
5558 
5561 
5561 
5560 
5562 
5562 
5561 
5563 
5563 
5562 
5564 
5564 
5563 
5565 
5565 
5564 
5566 
5566 
5565 
5567 
5567 
5566 
5568 
5568 
5567 
5569 
5569 
5568 
5570 
5570 
5569 
5571 
5571 
5570 
5572 
5572 
5571 
5573 
5573 
5572 
5574 
5574 
5573 
5575 
5575 
5574 
5576 
5576 
5575 
5577 
5577 
5576 
5578 
5578 
5577 
5578 
5581 
5582 
5583 
5584 
5585 
5586 
5587 
5588 
5589 
5590 
5591 
5592 
5593 
5594 
5595 
5596 
5597 
5598 
5621 
5621 
5620 
5622 
5622 
5621 
5623 
5623 
5622 
5624 
5624 
5623 
5625 
5625 
5624 
5626 
5626 
5625 
5627 
5627 
5626 
5628 
5628 
5627 
5629 
5629 
5628 
5630 
5630 
5629 
5631 
5631 
5630 
5632 
5632 
5631 
5633 
5633 
5632 
5634 
5634 
5633 
5635 
5635 
5634 
5636 
5636 
5635 
5637 
5637 
5636 
5638 
5638 
5637 
5638 
5641 
5641 
5640 
5642 
5642 
5641 
5643 
5643 
5642 
5644 
5644 
5643 
5645 
5645 
5644 
5646 
5646 
5645 
5647 
5647 
5646 
5648 
5648 
5647 
5649 
5649 
5648 
5650 
5650 
5649 
5651 
5651 
5650 
5652 
5652 
5651 
5653 
5653 
5652 
5654 
5654 
5653 
5655 
5655 
5654 
5656 
5656 
5655 
5657 
5657 
5656 
5658 
5658 
5657 
5658 
5661 
5661 
5660 
5662 
5662 
5661 
5663 
5663 
5662 
5664 
5664 
5663 
5665 
5665 
5664 
5666 
5666 
5665 
5667 
5667 
5666 
5668 
5668 
5667 
5669 
5669 
5668 
5670 
5670 
5669 
5671 
5671 
5670 
5672 
5672 
5671 
5673 
5673 
5672 
5674 
5674 
5673 
5675 
5675 
5674 
5676 
5676 
5675 
5677 
5677 
5676 
5678 
5678 
5677 
5678 
5681 
5681 
5680 
5682 
5682 
5681 
5683 
5683 
5682 
5684 
5684 
5683 
5685 
5685 
5684 
5686 
5686 
5685 
5687 
5687 
5686 
5688 
5688 
5687 
5689 
5689 
5688 
5690 
5690 
5689 
5691 
5691 
5690 
5692 
5692 
5691 
5693 
5693 
5692 
5694 
5694 
5693 
5695 
5695 
5694 
5696 
5696 
5695 
5697 
5697 
5696 
5698 
5698 
5697 
5698 
5701 
5701 
5700 
5702 
5702 
5701 
5703 
5703 
5702 
5704 
5704 
5703 
5705 
5705 
5704 
5706 
5706 
5705 
5707 
5707 
5706 
5708 
5708 
5707 
5709 
5709 
5708 
5710 
5710 
5709 
5711 
5711 
5710 
5712 
5712 
5711 
5713 
5713 
5712 
5714 
5714 
5713 
5715 
5715 
5714 
5716 
5716 
5715 
5717 
5717 
5716 
5718 
5718 
5717 
5718 
5721 
5721 
5720 
5722 
5722 
5721 
5723 
5723 
5722 
5724 
5724 
5723 
5725 
5725 
5724 
5726 
5726 
5725 
5727 
5727 
5726 
5728 
5728 
5727 
5729 
5729 
5728 
5730 
5730 
5729 
5731 
5731 
5730 
5732 
5732 
5731 
5733 
5733 
5732 
5734 
5734 
5733 
5735 
5735 
5734 
5736 
5736 
5735 
5737 
5737 
5736 
5738 
5738 
5737 
5738 
5741 
5741 
5740 
5742 
5742 
5741 
5743 
5743 
5742 
5744 
5744 
5743 
5745 
5745 
5744 
5746 
5746 
5745 
5747 
5747 
5746 
5748 
5748 
5747 
5749 
5749 
5748 
5750 
5750 
5749 
5751 
5751 
5750 
5752 
5752 
5751 
5753 
5753 
5752 
5754 
5754 
5753 
5755 
5755 
5754 
5756 
5756 
5755 
5757 
5757 
5756 
5758 
5758 
5757 
5758 
5761 
5761 
5760 
5762 
5762 
5761 
5763 
5763 
5762 
5764 
5764 
5763 
5765 
5765 
5764 
5766 
5766 
5765 
5767 
5767 
5766 
5768 
5768 
5767 
5769 
5769 
5768 
5770 
5770 
5769 
5771 
5771 
5770 
5772 
5772 
5771 
5773 
5773 
5772 
5774 
5774 
5773 
5775 
5775 
5774 
5776 
5776 
5775 
5777 
5777 
5776 
5778 
5778 
5777 
5778 
5781 
5781 
5780 
5782 
5782 
5781 
5783 
5783 
5782 
5784 
5784 
5783 
5785 
5785 
5784 
5786 
5786 
5785 
5787 
5787 
5786 
5788 
5788 
5787 
5789 
5789 
5788 
5790 
5790 
5789 
5791 
5791 
5790 
5792 
5792 
5791 
5793 
5793 
5792 
5794 
5794 
5793 
5795 
5795 
5794 
5796 
5796 
5795 
5797 
5797 
5796 
5798 
5798 
5797 
5798 
5801 
5801 
5800 
5802 
5802 
5801 
5803 
5803 
5802 
5804 
5804 
5803 
5805 
5805 
5804 
5806 
5806 
5805 
5807 
5807 
5806 
5808 
5808 
5807 
5809 
5809 
5808 
5810 
5810 
5809 
5811 
5811 
5810 
5812 
5812 
5811 
5813 
5813 
5812 
5814 
5814 
5813 
5815 
5815 
5814 
5816 
5816 
5815 
5817 
5817 
5816 
5818 
5818 
5817 
5818 
5821 
5821 
5820 
5822 
5822 
5821 
5823 
5823 
5822 
5824 
5824 
5823 
5825 
5825 
5824 
5826 
5826 
5825 
5827 
5827 
5826 
5828 
5828 
5827 
5829 
5829 
5828 
5830 
5830 
5829 
5831 
5831 
5830 
5832 
5832 
5831 
5833 
5833 
5832 
5834 
5834 
5833 
5835 
5835 
5834 
5836 
5836 
5835 
5837 
5837 
5836 
5838 
5838 
5837 
5838 
5841 
5841 
5840 
5842 
5842 
5841 
5843 
5843 
5842 
5844 
5844 
5843 
5845 
5845 
5844 
5846 
5846 
5845 
5847 
5847 
5846 
5848 
5848 
5847 
5849 
5849 
5848 
5850 
5850 
5849 
5851 
5851 
5850 
5852 
5852 
5851 
5853 
5853 
5852 
5854 
5854 
5853 
5855 
5855 
5854 
5856 
5856 
5855 
5857 
5857 
5856 
5858 
5858 
5857 
5858 
5861 
5861 
5860 
5862 
5862 
5861 
5863 
5863 
5862 
5864 
5864 
5863 
5865 
5865 
5864 
5866 
5866 
5865 
5867 
5867 
5866 
5868 
5868 
5867 
5869 
5869 
5868 
5870 
5870 
5869 
5871 
5871 
5870 
5872 
5872 
5871 
5873 
5873 
5872 
5874 
5874 
5873 
5875 
5875 
5874 
5876 
5876 
5875 
5877 
5877 
5876 
5878 
5878 
5877 
5878 
5881 
5881 
5880 
5882 
5882 
5881 
5883 
5883 
5882 
5884 
5884 
5883 
5885 
5885 
5884 
5886 
5886 
5885 
5887 
5887 
5886 
5888 
5888 
5887 
5889 
5889 
5888 
5890 
5890 
5889 
5891 
5891 
5890 
5892 
5892 
5891 
5893 
5893 
5892 
5894 
5894 
5893 
5895 
5895 
5894 
5896 
5896 
5895 
5897 
5897 
5896 
5898 
5898 
5897 
5898 
5901 
5901 
5900 
5902 
5902 
5901 
5903 
5903 
5902 
5904 
5904 
5903 
5905 
5905 
5904 
5906 
5906 
5905 
5907 
5907 
5906 
5908 
5908 
5907 
5909 
5909 
5908 
5910 
5910 
5909 
5911 
5911 
5910 
5912 
5912 
5911 
5913 
5913 
5912 
5914 
5914 
5913 
5915 
5915 
5914 
5916 
5916 
5915 
5917 
5917 
5916 
5918 
5918 
5917 
5918 
5921 
5921 
5920 
5922 
5922 
5921 
5923 
5923 
5922 
5924 
5924 
5923 
5925 
5925 
5924 
5926 
5926 
5925 
5927 
5927 
5926 
5928 
5928 
5927 
5929 
5929 
5928 
5930 
5930 
5929 
5931 
5931 
5930 
5932 
5932 
5931 
5933 
5933 
5932 
5934 
5934 
5933 
5935 
5935 
5934 
5936 
5936 
5935 
5937 
5937 
5936 
5938 
5938 
5937 
5938 
5941 
5941 
5940 
5942 
5942 
5941 
5943 
5943 
5942 
5944 
5944 
5943 
5945 
5945 
5944 
5946 
5946 
5945 
5947 
5947 
5946 
5948 
5948 
5947 
5949 
5949 
5948 
5950 
5950 
5949 
5951 
5951 
5950 
5952 
5952 
5951 
5953 
5953 
5952 
5954 
5954 
5953 
5955 
5955 
5954 
5956 
5956 
5955 
5957 
5957 
5956 
5958 
5958 
5957 
5958 
5961 
5961 
5960 
5962 
5962 
5961 
5963 
5963 
5962 
5964 
5964 
5963 
5965 
5965 
5964 
5966 
5966 
5965 
5967 
5967 
5966 
5968 
5968 
5967 
5969 
5969 
5968 
5970 
5970 
5969 
5971 
5971 
5970 
5972 
5972 
5971 
5973 
5973 
5972 
5974 
5974 
5973 
5975 
5975 
5974 
5976 
5976 
5975 
5977 
5977 
5976 
5978 
5978 
5977 
5978 
5981 
5981 
5980 
5982 
5982 
5981 
5983 
5983 
5982 
5984 
5984 
5983 
5985 
5985 
5984 
5986 
5986 
5985 
5987 
5987 
5986 
5988 
5988 
5987 
5989 
5989 
5988 
5990 
5990 
5989 
5991 
5991 
5990 
5992 
5992 
5991 
5993 
5993 
5992 
5994 
5994 
5993 
5995 
5995 
5994 
5996 
5996 
5995 
5997 
5997 
5996 
5998 
5998 
5997 
5998 
6001 
6001 
6000 
6002 
6002 
6001 
6003 
6003 
6002 
6004 
6004 
6003 
6005 
6005 
6004 
6006 
6006 
6005 
6007 
6007 
6006 
6008 
6008 
6007 
6009 
6009 
6008 
6010 
6010 
6009 
6011 
6011 
6010 
6012 
6012 
6011 
6013 
6013 
6012 
6014 
6014 
6013 
6015 
6015 
6014 
6016 
6016 
6015 
6017 
6017 
6016 
6018 
6018 
6017 
6018 
6021 
6021 
6020 
6022 
6022 
6021 
6023 
6023 
6022 
6024 
6024 
6023 
6025 
6025 
6024 
6026 
6026 
6025 
6027 
6027 
6026 
6028 
6028 
6027 
6029 
6029 
6028 
6030 
6030 
6029 
6031 
6031 
6030 
6032 
6032 
6031 
6033 
6033 
6032 
6034 
6034 
6033 
6035 
6035 
6034 
6036 
6036 
6035 
6037 
6037 
6036 
6038 
6038 
6037 
6038 
6041 
6041 
6040 
6042 
6042 
6041 
6043 
6043 
6042 
6044 
6044 
6043 
6045 
6045 
6044 
6046 
6046 
6045 
6047 
6047 
6046 
6048 
6048 
6047 
6049 
6049 
6048 
6050 
6050 
6049 
6051 
6051 
6050 
6052 
6052 
6051 
6053 
6053 
6052 
6054 
6054 
6053 
6055 
6055 
6054 
6056 
6056 
6055 
6057 
6057 
6056 
6058 
6058 
6057 
6058 
6061 
6061 
6060 
6062 
6062 
6061 
6063 
6063 
6062 
6064 
6064 
6063 
6065 
6065 
6064 
6066 
6066 
6065 
6067 
6067 
6066 
6068 
6068 
6067 
6069 
6069 
6068 
6070 
6070 
6069 
6071 
6071 
6070 
6072 
6072 
6071 
6073 
6073 
6072 
6074 
6074 
6073 
6075 
6075 
6074 
6076 
6076 
6075 
6077 
6077 
6076 
6078 
6078 
6077 
6078 
6081 
6081 
6080 
6082 
6082 
6081 
6083 
6083 
6082 
6084 
6084 
6083 
6085 
6085 
6084 
6086 
6086 
6085 
6087 
6087 
6086 
6088 
6088 
6087 
6089 
6089 
6088 
6090 
6090 
6089 
6091 
6091 
6090 
6092 
6092 
6091 
6093 
6093 
6092 
6094 
6094 
6093 
6095 
6095 
6094 
6096 
6096 
6095 
6097 
6097 
6096 
6098 
6098 
6097 
6098 
6101 
6101 
6100 
6102 
6102 
6101 
6103 
6103 
6102 
6104 
6104 
6103 
6105 
6105 
6104 
6106 
6106 
6105 
6107 
6107 
6106 
6108 
6108 
6107 
6109 
6109 
6108 
6110 
6110 
6109 
6111 
6111 
6110 
6112 
6112 
6111 
6113 
6113 
6112 
6114 
6114 
6113 
6115 
6115 
6114 
6116 
6116 
6115 
6117 
6117 
6116 
6118 
6118 
6117 
6118 
6121 
6121 
6120 
6122 
6122 
6121 
6123 
6123 
6122 
6124 
6124 
6123 
6125 
6125 
6124 
6126 
6126 
6125 
6127 
6127 
6126 
6128 
6128 
6127 
6129 
6129 
6128 
6130 
6130 
6129 
6131 
6131 
6130 
6132 
6132 
6131 
6133 
6133 
6132 
6134 
6134 
6133 
6135 
6135 
6134 
6136 
6136 
6135 
6137 
6137 
6136 
6138 
6138 
6137 
6138 
6141 
6141 
6140 
6142 
6142 
6141 
6143 
6143 
6142 
6144 
6144 
6143 
6145 
6145 
6144 
6146 
6146 
6145 
6147 
6147 
6146 
6148 
6148 
6147 
6149 
6149 
6148 
6150 
6150 
6149 
6151 
6151 
6150 
6152 
6152 
6151 
6153 
6153 
6152 
6154 
6154 
6153 
6155 
6155 
6154 
6156 
6156 
6155 
6157 
6157 
6156 
6158 
6158 
6157 
6158 
6161 
6161 
6160 
6162 
6162 
6161 
6163 
6163 
6162 
6164 
6164 
6163 
6165 
6165 
6164 
6166 
6166 
6165 
6167 
6167 
6166 
6168 
6168 
6167 
6169 
6169 
6168 
6170 
6170 
6169 
6171 
6171 
6170 
6172 
6172 
6171 
6173 
6173 
6172 
6174 
6174 
6173 
6175 
6175 
6174 
6176 
6176 
6175 
6177 
6177 
6176 
6178 
6178 
6177 
6178 
6181 
6181 
6180 
6182 
6182 
6181 
6183 
6183 
6182 
6184 
6184 
6183 
6185 
6185 
6184 
6186 
6186 
6185 
6187 
6187 
6186 
6188 
6188 
6187 
6189 
6189 
6188 
6190 
6190 
6189 
6191 
6191 
6190 
6192 
6192 
6191 
6193 
6193 
6192 
6194 
6194 
6193 
6195 
6195 
6194 
6196 
6196 
6195 
6197 
6197 
6196 
6198 
6198 
6197 
6198 
6201 
6201 
6200 
6202 
6202 
6201 
6203 
6203 
6202 
6204 
6204 
6203 
6205 
6205 
6204 
6206 
6206 
6205 
6207 
6207 
6206 
6208 
6208 
6207 
6209 
6209 
6208 
6210 
6210 
6209 
6211 
6211 
6210 
6212 
6212 
6211 
6213 
6213 
6212 
6214 
6214 
6213 
6215 
6215 
6214 
6216 
6216 
6215 
6217 
6217 
6216 
6218 
6218 
6217 
6218 
6221 
6221 
6220 
6222 
6222 
6221 
6223 
6223 
6222 
6224 
6224 
6223 
6225 
6225 
6224 
6226 
6226 
6225 
6227 
6227 
6226 
6228 
6228 
6227 
6229 
6229 
6228 
6230 
6230 
6229 
6231 
6231 
6230 
6232 
6232 
6231 
6233 
6233 
6232 
6234 
6234 
6233 
6235 
6235 
6234 
6236 
6236 
6235 
6237 
6237 
6236 
6238 
6238 
6237 
6238 
6241 
6241 
6240 
6242 
6242 
6241 
6243 
6243 
6242 
6244 
6244 
6243 
6245 
6245 
6244 
6246 
6246 
6245 
6247 
6247 
6246 
6248 
6248 
6247 
6249 
6249 
6248 
6250 
6250 
6249 
6251 
6251 
6250 
6252 
6252 
6251 
6253 
6253 
6252 
6254 
6254 
6253 
6255 
6255 
6254 
6256 
6256 
6255 
6257 
6257 
6256 
6258 
6258 
6257 
6258 
6261 
6261 
6260 
6262 
6262 
6261 
6263 
6263 
6262 
6264 
6264 
6263 
6265 
6265 
6264 
6266 
6266 
6265 
6267 
6267 
6266 
6268 
6268 
6267 
6269 
6269 
6268 
6270 
6270 
6269 
6271 
6271 
6270 
6272 
6272 
6271 
6273 
6273 
6272 
6274 
6274 
6273 
6275 
6275 
6274 
6276 
6276 
6275 
6277 
6277 
6276 
6278 
6278 
6277 
6278 
6281 
6281 
6280 
6282 
6282 
6281 
6283 
6283 
6282 
6284 
6284 
6283 
6285 
6285 
6284 
6286 
6286 
6285 
6287 
6287 
6286 
6288 
6288 
6287 
6289 
6289 
6288 
6290 
6290 
6289 
6291 
6291 
6290 
6292 
6292 
6291 
6293 
6293 
6292 
6294 
6294 
6293 
6295 
6295 
6294 
6296 
6296 
6295 
6297 
6297 
6296 
6298 
6298 
6297 
6298 
6301 
6301 
6300 
6302 
6302 
6301 
6303 
6303 
6302 
6304 
6304 
6303 
6305 
6305 
6304 
6306 
6306 
6305 
6307 
6307 
6306 
6308 
6308 
6307 
6309 
6309 
6308 
6310 
6310 
6309 
6311 
6311 
6310 
6312 
6312 
6311 
6313 
6313 
6312 
6314 
6314 
6313 
6315 
6315 
6314 
6316 
6316 
6315 
6317 
6317 
6316 
6318 
6318 
6317 
6318 
6321 
6321 
6320 
6322 
6322 
6321 
6323 
6323 
6322 
6324 
6324 
6323 
6325 
6325 
6324 
6326 
6326 
6325 
6327 
6327 
6326 
6328 
6328 
6327 
6329 
6329 
6328 
6330 
6330 
6329 
6331 
6331 
6330 
6332 
6332 
6331 
6333 
6333 
6332 
6334 
6334 
6333 
6335 
6335 
6334 
6336 
6336 
6335 
6337 
6337 
6336 
6338 
6338 
6337 
6338 
6341 
6341 
6340 
6342 
6342 
6341 
6343 
6343 
6342 
6344 
6344 
6343 
6345 
6345 
6344 
6346 
6346 
6345 
6347 
6347 
6346 
6348 
6348 
6347 
6349 
6349 
6348 
6350 
6350 
6349 
6351 
6351 
6350 
6352 
6352 
6351 
6353 
6353 
6352 
6354 
6354 
6353 
6355 
6355 
6354 
6356 
6356 
6355 
6357 
6357 
6356 
6358 
6358 
6357 
6358 
6361 
6361 
6360 
6362 
6362 
6361 
6363 
6363 
6362 
6364 
6364 
6363 
6365 
6365 
6364 
6366 
6366 
6365 
6367 
6367 
6366 
6368 
6368 
6367 
6369 
6369 
6368 
6370 
6370 
6369 
6371 
6371 
6370 
6372 
6372 
6371 
6373 
6373 
6372 
6374 
6374 
6373 
6375 
6375 
6374 
6376 
6376 
6375 
6377 
6377 
6376 
6378 
6378 
6377 
6378 
6381 
6381 
6380 
6382 
6382 
6381 
6383 
6383 
6382 
6384 
6384 
6383 
6385 
6385 
6384 
6386 
6386 
6385 
6387 
6387 
6386 
6388 
6388 
6387 
6389 
6389 
6388 
6390 
6390 
6389 
6391 
6391 
6390 
6392 
6392 
6391 
6393 
6393 
6392 
6394 
6394 
6393 
6395 
6395 
6394 
6396 
6396 
6395 
6397 
6397 
6396 
6398 
6398 
6397 
6398 
6401 
6401 
6400 
6402 
6402 
6401 
6403 
6403 
6402 
6404 
6404 
6403 
6405 
6405 
6404 
6406 
6406 
6405 
6407 
6407 
6406 
6408 
6408 
6407 
6409 
6409 
6408 
6410 
6410 
6409 
6411 
6411 
6410 
6412 
6412 
6411 
6413 
6413 
6412 
6414 
6414 
6413 
6415 
6415 
6414 
6416 
6416 
6415 
6417 
6417 
6416 
6418 
6418 
6417 
6418 
6421 
6421 
6420 
6422 
6422 
6421 
6423 
6423 
6422 
6424 
6424 
6423 
6425 
6425 
6424 
6426 
6426 
6425 
6427 
6427 
6426 
6428 
6428 
6427 
6429 
6429 
6428 
6430 
6430 
6429 
6431 
6431 
6430 
6432 
6432 
6431 
6433 
6433 
6432 
6434 
6434 
6433 
6435 
6435 
6434 
6436 
6436 
6435 
6437 
6437 
6436 
6438 
6438 
6437 
6438 
6441 
6441 
6440 
6442 
6442 
6441 
6443 
6443 
6442 
6444 
6444 
6443 
6445 
6445 
6444 
6446 
6446 
6445 
6447 
6447 
6446 
6448 
6448 
6447 
6449 
6449 
6448 
6450 
6450 
6449 
6451 
6451 
6450 
6452 
6452 
6451 
6453 
6453 
6452 
6454 
6454 
6453 
6455 
6455 
6454 
6456 
6456 
6455 
6457 
6457 
6456 
6458 
6458 
6457 
6458 
6461 
6461 
6460 
6462 
6462 
6461 
6463 
6463 
6462 
6464 
6464 
6463 
6465 
6465 
6464 
6466 
6466 
6465 
6467 
6467 
6466 
6468 
6468 
6467 
6469 
6469 
6468 
6470 
6470 
6469 
6471 
6471 
6470 
6472 
6472 
6471 
6473 
6473 
6472 
6474 
6474 
6473 
6475 
6475 
6474 
6476 
6476 
6475 
6477 
6477 
6476 
6478 
6478 
6477 
6478 
6481 
6481 
6480 
6482 
6482 
6481 
6483 
6483 
6482 
6484 
6484 
6483 
6485 
6485 
6484 
6486 
6486 
6485 
6487 
6487 
6486 
6488 
6488 
6487 
6489 
6489 
6488 
6490 
6490 
6489 
6491 
6491 
6490 
6492 
6492 
6491 
6493 
6493 
6492 
6494 
6494 
6493 
6495 
6495 
6494 
6496 
6496 
6495 
6497 
6497 
6496 
6498 
6498 
6497 
6498 
6501 
6501 
6500 
6502 
6502 
6501 
6503 
6503 
6502 
6504 
6504 
6503 
6505 
6505 
6504 
6506 
6506 
6505 
6507 
6507 
6506 
6508 
6508 
6507 
6509 
6509 
6508 
6510 
6510 
6509 
6511 
6511 
6510 
6512 
6512 
6511 
6513 
6513 
6512 
6514 
6514 
6513 
6515 
6515 
6514 
6516 
6516 
6515 
6517 
6517 
6516 
6518 
6518 
6517 
6518 
6521 
6521 
6520 
6522 
6522 
6521 
6523 
6523 
6522 
6524 
6524 
6523 
6525 
6525 
6524 
6526 
6526 
6525 
6527 
6527 
6526 
6528 
6528 
6527 
6529 
6529 
6528 
6530 
6530 
6529 
6531 
6531 
6530 
6532 
6532 
6531 
6533 
6533 
6532 
6534 
6534 
6533 
6535 
6535 
6534 
6536 
6536 
6535 
6537 
6537 
6536 
6538 
6538 
6537 
6538 
6541 
6541 
6540 
6542 
6542 
6541 
6543 
6543 
6542 
6544 
6544 
6543 
6545 
6545 
6544 
6546 
6546 
6545 
6547 
6547 
6546 
6548 
6548 
6547 
6549 
6549 
6548 
6550 
6550 
6549 
6551 
6551 
6550 
6552 
6552 
6551 
6553 
6553 
6552 
6554 
6554 
6553 
6555 
6555 
6554 
6556 
6556 
6555 
6557 
6557 
6556 
6558 
6558 
6557 
6558 
6561 
6561 
6560 
6562 
6562 
6561 
6563 
6563 
6562 
6564 
6564 
6563 
6565 
6565 
6564 
6566 
6566 
6565 
6567 
6567 
6566 
6568 
6568 
6567 
6569 
6569 
6568 
6570 
6570 
6569 
6571 
6571 
6570 
6572 
6572 
6571 
6573 
6573 
6572 
6574 
6574 
6573 
6575 
6575 
6574 
6576 
6576 
6575 
6577 
6577 
6576 
6578 
6578 
6577 
6578 
6581 
6582 
6583 
6584 
6585 
6586 
6587 
6588 
6589 
6590 
6591 
6592 
6593 
6594 
6595 
6596 
6597 
6598 
6681 
6681 
6680 
6682 
6682 
6681 
6683 
6683 
6682 
6684 
6684 
6683 
6685 
6685 
6684 
6686 
6686 
6685 
6687 
6687 
6686 
6688 
6688 
6687 
6689 
6689 
6688 
6690 
6690 
6689 
6691 
6691 
6690 
6692 
6692 
6691 
6693 
6693 
6692 
6694 
6694 
6693 
6695 
6695 
6694 
6696 
6696 
6695 
6697 
6697 
6696 
6698 
6698 
6697 
6699 
6699 
6698 
6700 
6700 
6699 
6701 
6701 
6700 
6702 
6702 
6701 
6703 
6703 
6702 
6704 
6704 
6703 
6705 
6705 
6704 
6706 
6706 
6705 
6707 
6707 
6706 
6708 
6708 
6707 
6709 
6709 
6708 
6710 
6710 
6709 
6711 
6711 
6710 
6712 
6712 
6711 
6713 
6713 
6712 
6714 
6714 
6713 
6715 
6715 
6714 
6716 
6716 
6715 
6717 
6717 
6716 
6718 
6718 
6717 
6719 
6719 
6718 
6720 
6720 
6719 
6721 
6721 
6720 
6722 
6722 
6721 
6723 
6723 
6722 
6724 
6724 
6723 
6725 
6725 
6724 
6726 
6726 
6725 
6727 
6727 
6726 
6728 
6728 
6727 
6729 
6729 
6728 
6730 
6730 
6729 
6731 
6731 
6730 
6732 
6732 
6731 
6733 
6733 
6732 
6734 
6734 
6733 
6735 
6735 
6734 
6736 
6736 
6735 
6737 
6737 
6736 
6738 
6738 
6737 
6739 
6739 
6738 
6740 
6740 
6739 
6741 
6741 
6740 
6742 
6742 
6741 
6743 
6743 
6742 
6744 
6744 
6743 
6745 
6745 
6744 
6746 
6746 
6745 
6747 
6747 
6746 
6748 
6748 
6747 
6749 
6749 
6748 
6750 
6750 
6749 
6751 
6751 
6750 
6752 
6752 
6751 
6753 
6753 
6752 
6754 
6754 
6753 
6755 
6755 
6754 
6756 
6756 
6755 
6757 
6757 
6756 
6758 
6758 
6757 
6758 
6761 
6761 
6760 
6762 
6762 
6761 
6763 
6763 
6762 
6764 
6764 
6763 
6765 
6765 
6764 
6766 
6766 
6765 
6767 
6767 
6766 
6768 
6768 
6767 
6769 
6769 
6768 
6770 
6770 
6769 
6771 
6771 
6770 
6772 
6772 
6771 
6773 
6773 
6772 
6774 
6774 
6773 
6775 
6775 
6774 
6776 
6776 
6775 
6777 
6777 
6776 
6778 
6778 
6777 
6779 
6779 
6778 
6780 
6780 
6779 
6781 
6781 
6780 
6782 
6782 
6781 
6783 
6783 
6782 
6784 
6784 
6783 
6785 
6785 
6784 
6786 
6786 
6785 
6787 
6787 
6786 
6788 
6788 
6787 
6789 
6789 
6788 
6790 
6790 
6789 
6791 
6791 
6790 
6792 
6792 
6791 
6793 
6793 
6792 
6794 
6794 
6793 
6795 
6795 
6794 
6796 
6796 
6795 
6797 
6797 
6796 
6798 
6798 
6797 
6799 
6799 
6798 
6800 
6800 
6799 
6801 
6801 
6800 
6802 
6802 
6801 
6803 
6803 
6802 
6804 
6804 
6803 
6805 
6805 
6804 
6806 
6806 
6805 
6807 
6807 
6806 
6808 
6808 
6807 
6809 
6809 
6808 
6810 
6810 
6809 
6811 
6811 
6810 
6812 
6812 
6811 
6813 
6813 
6812 
6814 
6814 
6813 
6815 
6815 
6814 
6816 
6816 
6815 
6817 
6817 
6816 
6818 
6818 
6817 
6819 
6819 
6818 
6820 
6820 
6819 
6821 
6821 
6820 
6822 
6822 
6821 
6823 
6823 
6822 
6824 
6824 
6823 
6825 
6825 
6824 
6826 
6826 
6825 
6827 
6827 
6826 
6828 
6828 
6827 
6829 
6829 
6828 
6830 
6830 
6829 
6831 
6831 
6830 
6832 
6832 
6831 
6833 
6833 
6832 
6834 
6834 
6833 
6835 
6835 
6834 
6836 
6836 
6835 
6837 
6837 
6836 
6838 
6838 
6837 
6838 
6841 
6841 
6840 
6842 
6842 
6841 
6843 
6843 
6842 
6844 
6844 
6843 
6845 
6845 
6844 
6846 
6846 
6845 
6847 
6847 
6846 
6848 
6848 
6847 
6849 
6849 
6848 
6850 
6850 
6849 
6851 
6851 
6850 
6852 
6852 
6851 
6853 
6853 
6852 
6854 
6854 
6853 
6855 
6855 
6854 
6856 
6856 
6855 
6857 
6857 
6856 
6858 
6858 
6857 
6859 
6859 
6858 
6860 
6860 
6859 
6861 
6861 
6860 
6862 
6862 
6861 
6863 
6863 
6862 
6864 
6864 
6863 
6865 
6865 
6864 
6866 
6866 
6865 
6867 
6867 
6866 
6868 
6868 
6867 
6869 
6869 
6868 
6870 
6870 
6869 
6871 
6871 
6870 
6872 
6872 
6871 
6873 
6873 
6872 
6874 
6874 
6873 
6875 
6875 
6874 
6876 
6876 
6875 
6877 
6877 
6876 
6878 
6878 
6877 
6879 
6879 
6878 
6880 
6880 
6879 
6881 
6881 
6880 
6882 
6882 
6881 
6883 
6883 
6882 
6884 
6884 
6883 
6885 
6885 
6884 
6886 
6886 
6885 
6887 
6887 
6886 
6888 
6888 
6887 
6889 
6889 
6888 
6890 
6890 
6889 
6891 
6891 
6890 
6892 
6892 
6891 
6893 
6893 
6892 
6894 
6894 
6893 
6895 
6895 
6894 
6896 
6896 
6895 
6897 
6897 
6896 
6898 
6898 
6897 
6899 
6899 
6898 
6900 
6900 
6899 
6901 
6901 
6900 
6902 
6902 
6901 
6903 
6903 
6902 
6904 
6904 
6903 
6905 
6905 
6904 
6906 
6906 
6905 
6907 
6907 
6906 
6908 
6908 
6907 
6909 
6909 
6908 
6910 
6910 
6909 
6911 
6911 
6910 
6912 
6912 
6911 
6913 
6913 
6912 
6914 
6914 
6913 
6915 
6915 
6914 
6916 
6916 
6915 
6917 
6917 
6916 
6918 
6918 
6917 
6918 
6921 
6921 
6920 
6922 
6922 
6921 
6923 
6923 
6922 
6924 
6924 
6923 
6925 
6925 
6924 
6926 
6926 
6925 
6927 
6927 
6926 
6928 
6928 
6927 
6929 
6929 
6928 
6930 
6930 
6929 
6931 
6931 
6930 
6932 
6932 
6931 
6933 
6933 
6932 
6934 
6934 
6933 
6935 
6935 
6934 
6936 
6936 
6935 
6937 
6937 
6936 
6938 
6938 
6937 
6939 
6939 
6938 
6940 
6940 
6939 
6941 
6941 
6940 
6942 
6942 
6941 
6943 
6943 
6942 
6944 
6944 
6943 
6945 
6945 
6944 
6946 
6946 
6945 
6947 
6947 
6946 
6948 
6948 
6947 
6949 
6949 
6948 
6950 
6950 
6949 
6951 
6951 
6950 
6952 
6952 
6951 
6953 
6953 
6952 
6954 
6954 
6953 
6955 
6955 
6954 
6956 
6956 
6955 
6957 
6957 
6956 
6958 
6958 
6957 
6959 
6959 
6958 
6960 
6960 
6959 
6961 
6961 
6960 
6962 
6962 
6961 
6963 
6963 
6962 
6964 
6964 
6963 
6965 
6965 
6964 
6966 
6966 
6965 
6967 
6967 
6966 
6968 
6968 
6967 
6969 
6969 
6968 
6970 
6970 
6969 
6971 
6971 
6970 
6972 
6972 
6971 
6973 
6973 
6972 
6974 
6974 
6973 
6975 
6975 
6974 
6976 
6976 
6975 
6977 
6977 
6976 
6978 
6978 
6977 
6979 
6979 
6978 
6980 
6980 
6979 
6981 
6981 
6980 
6982 
6982 
6981 
6983 
6983 
6982 
6984 
6984 
6983 
6985 
6985 
6984 
6986 
6986 
6985 
6987 
6987 
6986 
6988 
6988 
6987 
6989 
6989 
6988 
6990 
6990 
6989 
6991 
6991 
6990 
6992 
6992 
6991 
6993 
6993 
6992 
6994 
6994 
6993 
6995 
6995 
6994 
6996 
6996 
6995 
6997 
6997 
6996 
6998 
6998 
6997 
6998 
7001 
7001 
7000 
7002 
7002 
7001 
7003 
7003 
7002 
7004 
7004 
7003 
7005 
7005 
7004 
7006 
7006 
7005 
7007 
7007 
7006 
7008 
7008 
7007 
7009 
7009 
7008 
7010 
7010 
7009 
7011 
7011 
7010 
7012 
7012 
7011 
7013 
7013 
7012 
7014 
7014 
7013 
7015 
7015 
7014 
7016 
7016 
7015 
7017 
7017 
7016 
7018 
7018 
7017 
7019 
7019 
7018 
7020 
7020 
7019 
7021 
7021 
7020 
7022 
7022 
7021 
7023 
7023 
7022 
7024 
7024 
7023 
7025 
7025 
7024 
7026 
7026 
7025 
7027 
7027 
7026 
7028 
7028 
7027 
7029 
7029 
7028 
7030 
7030 
7029 
7031 
7031 
7030 
7032 
7032 
7031 
7033 
7033 
7032 
7034 
7034 
7033 
7035 
7035 
7034 
7036 
7036 
7035 
7037 
7037 
7036 
7038 
7038 
7037 
7039 
7039 
7038 
7040 
7040 
7039 
7041 
7041 
7040 
7042 
7042 
7041 
7043 
7043 
7042 
7044 
7044 
7043 
7045 
7045 
7044 
7046 
7046 
7045 
7047 
7047 
7046 
7048 
7048 
7047 
7049 
7049 
7048 
7050 
7050 
7049 
7051 
7051 
7050 
7052 
7052 
7051 
7053 
7053 
7052 
7054 
7054 
7053 
7055 
7055 
7054 
7056 
7056 
7055 
7057 
7057 
7056 
7058 
7058 
7057 
7059 
7059 
7058 
7060 
7060 
7059 
7061 
7061 
7060 
7062 
7062 
7061 
7063 
7063 
7062 
7064 
7064 
7063 
7065 
7065 
7064 
7066 
7066 
7065 
7067 
7067 
7066 
7068 
7068 
7067 
7069 
7069 
7068 
7070 
7070 
7069 
7071 
7071 
7070 
7072 
7072 
7071 
7073 
7073 
7072 
7074 
7074 
7073 
7075 
7075 
7074 
7076 
7076 
7075 
7077 
7077 
7076 
7078 
7078 
7077 
7078 
7081 
7081 
7080 
7082 
7082 
7081 
7083 
7083 
7082 
7084 
7084 
7083 
7085 
7085 
7084 
7086 
7086 
7085 
7087 
7087 
7086 
7088 
7088 
7087 
7089 
7089 
7088 
7090 
7090 
7089 
7091 
7091 
7090 
7092 
7092 
7091 
7093 
7093 
7092 
7094 
7094 
7093 
7095 
7095 
7094 
7096 
7096 
7095 
7097 
7097 
7096 
7098 
7098 
7097 
7099 
7099 
7098 
7100 
7100 
7099 
7101 
7101 
7100 
7102 
7102 
7101 
7103 
7103 
7102 
7104 
7104 
7103 
7105 
7105 
7104 
7106 
7106 
7105 
7107 
7107 
7106 
7108 
7108 
7107 
7109 
7109 
7108 
7110 
7110 
7109 
7111 
7111 
7110 
7112 
7112 
7111 
7113 
7113 
7112 
7114 
7114 
7113 
7115 
7115 
7114 
7116 
7116 
7115 
7117 
7117 
7116 
7118 
7118 
7117 
7119 
7119 
7118 
7120 
7120 
7119 
7121 
7121 
7120 
7122 
7122 
7121 
7123 
7123 
7122 
7124 
7124 
7123 
7125 
7125 
7124 
7126 
7126 
7125 
7127 
7127 
7126 
7128 
7128 
7127 
7129 
7129 
7128 
7130 
7130 
7129 
7131 
7131 
7130 
7132 
7132 
7131 
7133 
7133 
7132 
7134 
7134 
7133 
7135 
7135 
7134 
7136 
7136 
7135 
7137 
7137 
7136 
7138 
7138 
7137 
7139 
7139 
7138 
7140 
7140 
7139 
7141 
7141 
7140 
7142 
7142 
7141 
7143 
7143 
7142 
7144 
7144 
7143 
7145 
7145 
7144 
7146 
7146 
7145 
7147 
7147 
7146 
7148 
7148 
7147 
7149 
7149 
7148 
7150 
7150 
7149 
7151 
7151 
7150 
7152 
7152 
7151 
7153 
7153 
7152 
7154 
7154 
7153 
7155 
7155 
7154 
7156 
7156 
7155 
7157 
7157 
7156 
7158 
7158 
7157 
7158 
7161 
7161 
7160 
7162 
7162 
7161 
7163 
7163 
7162 
7164 
7164 
7163 
7165 
7165 
7164 
7166 
7166 
7165 
7167 
7167 
7166 
7168 
7168 
7167 
7169 
7169 
7168 
7170 
7170 
7169 
7171 
7171 
7170 
7172 
7172 
7171 
7173 
7173 
7172 
7174 
7174 
7173 
7175 
7175 
7174 
7176 
7176 
7175 
7177 
7177 
7176 
7178 
7178 
7177 
7179 
7179 
7178 
7180 
7180 
7179 
7181 
7181 
7180 
7182 
7182 
7181 
7183 
7183 
7182 
7184 
7184 
7183 
7185 
7185 
7184 
7186 
7186 
7185 
7187 
7187 
7186 
7188 
7188 
7187 
7189 
7189 
7188 
7190 
7190 
7189 
7191 
7191 
7190 
7192 
7192 
7191 
7193 
7193 
7192 
7194 
7194 
7193 
7195 
7195 
7194 
7196 
7196 
7195 
7197 
7197 
7196 
7198 
7198 
7197 
7199 
7199 
7198 
7200 
7200 
7199 
7201 
7201 
7200 
7202 
7202 
7201 
7203 
7203 
7202 
7204 
7204 
7203 
7205 
7205 
7204 
7206 
7206 
7205 
7207 
7207 
7206 
7208 
7208 
7207 
7209 
7209 
7208 
7210 
7210 
7209 
7211 
7211 
7210 
7212 
7212 
7211 
7213 
7213 
7212 
7214 
7214 
7213 
7215 
7215 
7214 
7216 
7216 
7215 
7217 
7217 
7216 
7218 
7218 
7217 
7219 
7219 
7218 
7220 
7220 
7219 
7221 
7221 
7220 
7222 
7222 
7221 
7223 
7223 
7222 
7224 
7224 
7223 
7225 
7225 
7224 
7226 
7226 
7225 
7227 
7227 
7226 
7228 
7228 
7227 
7229 
7229 
7228 
7230 
7230 
7229 
7231 
7231 
7230 
7232 
7232 
7231 
7233 
7233 
7232 
7234 
7234 
7233 
7235 
7235 
7234 
7236 
7236 
7235 
7237 
7237 
7236 
7238 
7238 
7237 
7238 
7241 
7241 
7240 
7242 
7242 
7241 
7243 
7243 
7242 
7244 
7244 
7243 
7245 
7245 
7244 
7246 
7246 
7245 
7247 
7247 
7246 
7248 
7248 
7247 
7249 
7249 
7248 
7250 
7250 
7249 
7251 
7251 
7250 
7252 
7252 
7251 
7253 
7253 
7252 
7254 
7254 
7253 
7255 
7255 
7254 
7256 
7256 
7255 
7257 
7257 
7256 
7258 
7258 
7257 
7259 
7259 
7258 
7260 
7260 
7259 
7261 
7261 
7260 
7262 
7262 
7261 
7263 
7263 
7262 
7264 
7264 
7263 
7265 
7265 
7264 
7266 
7266 
7265 
7267 
7267 
7266 
7268 
7268 
7267 
7269 
7269 
7268 
7270 
7270 
7269 
7271 
7271 
7270 
7272 
7272 
7271 
7273 
7273 
7272 
7274 
7274 
7273 
7275 
7275 
7274 
7276 
7276 
7275 
7277 
7277 
7276 
7278 
7278 
7277 
7279 
7279 
7278 
7280 
7280 
7279 
7281 
7281 
7280 
7282 
7282 
7281 
7283 
7283 
7282 
7284 
7284 
7283 
7285 
7285 
7284 
7286 
7286 
7285 
7287 
7287 
7286 
7288 
7288 
7287 
7289 
7289 
7288 
7290 
7290 
7289 
7291 
7291 
7290 
7292 
7292 
7291 
7293 
7293 
7292 
7294 
7294 
7293 
7295 
7295 
7294 
7296 
7296 
7295 
7297 
7297 
7296 
7298 
7298 
7297 
7299 
7299 
7298 
7300 
7300 
7299 
7301 
7301 
7300 
7302 
7302 
7301 
7303 
7303 
7302 
7304 
7304 
7303 
7305 
7305 
7304 
7306 
7306 
7305 
7307 
7307 
7306 
7308 
7308 
7307 
7309 
7309 
7308 
7310 
7310 
7309 
7311 
7311 
7310 
7312 
7312 
7311 
7313 
7313 
7312 
7314 
7314 
7313 
7315 
7315 
7314 
7316 
7316 
7315 
7317 
7317 
7316 
7318 
7318 
7317 
7318 
7321 
7321 
7320 
7322 
7322 
7321 
7323 
7323 
7322 
7324 
7324 
7323 
7325 
7325 
7324 
7326 
7326 
7325 
7327 
7327 
7326 
7328 
7328 
7327 
7329 
7329 
7328 
7330 
7330 
7329 
7331 
7331 
7330 
7332 
7332 
7331 
7333 
7333 
7332 
7334 
7334 
7333 
7335 
7335 
7334 
7336 
7336 
7335 
7337 
7337 
7336 
7338 
7338 
7337 
7339 
7339 
7338 
7340 
7340 
7339 
7341 
7341 
7340 
7342 
7342 
7341 
7343 
7343 
7342 
7344 
7344 
7343 
7345 
7345 
7344 
7346 
7346 
7345 
7347 
7347 
7346 
7348 
7348 
7347 
7349 
7349 
7348 
7350 
7350 
7349 
7351 
7351 
7350 
7352 
7352 
7351 
7353 
7353 
7352 
7354 
7354 
7353 
7355 
7355 
7354 
7356 
7356 
7355 
7357 
7357 
7356 
7358 
7358 
7357 
7359 
7359 
7358 
7360 
7360 
7359 
7361 
7361 
7360 
7362 
7362 
7361 
7363 
7363 
7362 
7364 
7364 
7363 
7365 
7365 
7364 
7366 
7366 
7365 
7367 
7367 
7366 
7368 
7368 
7367 
7369 
7369 
7368 
7370 
7370 
7369 
7371 
7371 
7370 
7372 
7372 
7371 
7373 
7373 
7372 
7374 
7374 
7373 
7375 
7375 
7374 
7376 
7376 
7375 
7377 
7377 
7376 
7378 
7378 
7377 
7379 
7379 
7378 
7380 
7380 
7379 
7381 
7381 
7380 
7382 
7382 
7381 
7383 
7383 
7382 
7384 
7384 
7383 
7385 
7385 
7384 
7386 
7386 
7385 
7387 
7387 
7386 
7388 
7388 
7387 
7389 
7389 
7388 
7390 
7390 
7389 
7391 
7391 
7390 
7392 
7392 
7391 
7393 
7393 
7392 
7394 
7394 
7393 
7395 
7395 
7394 
7396 
7396 
7395 
7397 
7397 
7396 
7398 
7398 
7397 
7398 
7401 
7401 
7400 
7402 
7402 
7401 
7403 
7403 
7402 
7404 
7404 
7403 
7405 
7405 
7404 
7406 
7406 
7405 
7407 
7407 
7406 
7408 
7408 
7407 
7409 
7409 
7408 
7410 
7410 
7409 
7411 
7411 
7410 
7412 
7412 
7411 
7413 
7413 
7412 
7414 
7414 
7413 
7415 
7415 
7414 
7416 
7416 
7415 
7417 
7417 
7416 
7418 
7418 
7417 
7419 
7419 
7418 
7420 
7420 
7419 
7421 
7421 
7420 
7422 
7422 
7421 
7423 
7423 
7422 
7424 
7424 
7423 
7425 
7425 
7424 
7426 
7426 
7425 
7427 
7427 
7426 
7428 
7428 
7427 
7429 
7429 
7428 
7430 
7430 
7429 
7431 
7431 
7430 
7432 
7432 
7431 
7433 
7433 
7432 
7434 
7434 
7433 
7435 
7435 
7434 
7436 
7436 
7435 
7437 
7437 
7436 
7438 
7438 
7437 
7439 
7439 
7438 
7440 
7440 
7439 
7441 
7441 
7440 
7442 
7442 
7441 
7443 
7443 
7442 
7444 
7444 
7443 
7445 
7445 
7444 
7446 
7446 
7445 
7447 
7447 
7446 
7448 
7448 
7447 
7449 
7449 
7448 
7450 
7450 
7449 
7451 
7451 
7450 
7452 
7452 
7451 
7453 
7453 
7452 
7454 
7454 
7453 
7455 
7455 
7454 
7456 
7456 
7455 
7457 
7457 
7456 
7458 
7458 
7457 
7459 
7459 
7458 
7460 
7460 
7459 
7461 
7461 
7460 
7462 
7462 
7461 
7463 
7463 
7462 
7464 
7464 
7463 
7465 
7465 
7464 
7466 
7466 
7465 
7467 
7467 
7466 
7468 
7468 
7467 
7469 
7469 
7468 
7470 
7470 
7469 
7471 
7471 
7470 
7472 
7472 
7471 
7473 
7473 
7472 
7474 
7474 
7473 
7475 
7475 
7474 
7476 
7476 
7475 
7477 
7477 
7476 
7478 
7478 
7477 
7478 
7481 
7481 
7480 
7482 
7482 
7481 
7483 
7483 
7482 
7484 
7484 
7483 
7485 
7485 
7484 
7486 
7486 
7485 
7487 
7487 
7486 
7488 
7488 
7487 
7489 
7489 
7488 
7490 
7490 
7489 
7491 
7491 
7490 
7492 
7492 
7491 
7493 
7493 
7492 
7494 
7494 
7493 
7495 
7495 
7494 
7496 
7496 
7495 
7497 
7497 
7496 
7498 
7498 
7497 
7499 
7499 
7498 
7500 
7500 
7499 
7501 
7501 
7500 
7502 
7502 
7501 
7503 
7503 
7502 
7504 
7504 
7503 
7505 
7505 
7504 
7506 
7506 
7505 
7507 
7507 
7506 
7508 
7508 
7507 
7509 
7509 
7508 
7510 
7510 
7509 
7511 
7511 
7510 
7512 
7512 
7511 
7513 
7513 
7512 
7514 
7514 
7513 
7515 
7515 
7514 
7516 
7516 
7515 
7517 
7517 
7516 
7518 
7518 
7517 
7519 
7519 
7518 
7520 
7520 
7519 
7521 
7521 
7520 
7522 
7522 
7521 
7523 
7523 
7522 
7524 
7524 
7523 
7525 
7525 
7524 
7526 
7526 
7525 
7527 
7527 
7526 
7528 
7528 
7527 
7529 
7529 
7528 
7530 
7530 
7529 
7531 
7531 
7530 
7532 
7532 
7531 
7533 
7533 
7532 
7534 
7534 
7533 
7535 
7535 
7534 
7536 
7536 
7535 
7537 
7537 
7536 
7538 
7538 
7537 
7539 
7539 
7538 
7540 
7540 
7539 
7541 
7541 
7540 
7542 
7542 
7541 
7543 
7543 
7542 
7544 
7544 
7543 
7545 
7545 
7544 
7546 
7546 
7545 
7547 
7547 
7546 
7548 
7548 
7547 
7549 
7549 
7548 
7550 
7550 
7549 
7551 
7551 
7550 
7552 
7552 
7551 
7553 
7553 
7552 
7554 
7554 
7553 
7555 
7555 
7554 
7556 
7556 
7555 
7557 
7557 
7556 
7558 
7558 
7557 
7558 
7561 
7561 
7560 
7562 
7562 
7561 
7563 
7563 
7562 
7564 
7564 
7563 
7565 
7565 
7564 
7566 
7566 
7565 
7567 
7567 
7566 
7568 
7568 
7567 
7569 
7569 
7568 
7570 
7570 
7569 
7571 
7571 
7570 
7572 
7572 
7571 
7573 
7573 
7572 
7574 
7574 
7573 
7575 
7575 
7574 
7576 
7576 
7575 
7577 
7577 
7576 
7578 
7578 
7577 
7579 
7579 
7578 
7580 
7580 
7579 
7581 
7581 
7580 
7582 
7582 
7581 
7583 
7583 
7582 
7584 
7584 
7583 
7585 
7585 
7584 
7586 
7586 
7585 
7587 
7587 
7586 
7588 
7588 
7587 
7589 
7589 
7588 
7590 
7590 
7589 
7591 
7591 
7590 
7592 
7592 
7591 
7593 
7593 
7592 
7594 
7594 
7593 
7595 
7595 
7594 
7596 
7596 
7595 
7597 
7597 
7596 
7598 
7598 
7597 
7599 
7599 
7598 
7600 
7600 
7599 
7601 
7601 
7600 
7602 
7602 
7601 
7603 
7603 
7602 
7604 
7604 
7603 
7605 
7605 
7604 
7606 
7606 
7605 
7607 
7607 
7606 
7608 
7608 
7607 
7609 
7609 
7608 
7610 
7610 
7609 
7611 
7611 
7610 
7612 
7612 
7611 
7613 
7613 
7612 
7614 
7614 
7613 
7615 
7615 
7614 
7616 
7616 
7615 
7617 
7617 
7616 
7618 
7618 
7617 
7619 
7619 
7618 
7620 
7620 
7619 
7621 
7621 
7620 
7622 
7622 
7621 
7623 
7623 
7622 
7624 
7624 
7623 
7625 
7625 
7624 
7626 
7626 
7625 
7627 
7627 
7626 
7628 
7628 
7627 
7629 
7629 
7628 
7630 
7630 
7629 
7631 
7631 
7630 
7632 
7632 
7631 
7633 
7633 
7632 
7634 
7634 
7633 
7635 
7635 
7634 
7636 
7636 
7635 
7637 
7637 
7636 
7638 
7638 
7637 
7638 
7641 
7641 
7640 
7642 
7642 
7641 
7643 
7643 
7642 
7644 
7644 
7643 
7645 
7645 
7644 
7646 
7646 
7645 
7647 
7647 
7646 
7648 
7648 
7647 
7649 
7649 
7648 
7650 
7650 
7649 
7651 
7651 
7650 
7652 
7652 
7651 
7653 
7653 
7652 
7654 
7654 
7653 
7655 
7655 
7654 
7656 
7656 
7655 
7657 
7657 
7656 
7658 
7658 
7657 
7659 
7659 
7658 
7660 
7660 
7659 
7661 
7661 
7660 
7662 
7662 
7661 
7663 
7663 
7662 
7664 
7664 
7663 
7665 
7665 
7664 
7666 
7666 
7665 
7667 
7667 
7666 
7668 
7668 
7667 
7669 
7669 
7668 
7670 
7670 
7669 
7671 
7671 
7670 
7672 
7672 
7671 
7673 
7673 
7672 
7674 
7674 
7673 
7675 
7675 
7674 
7676 
7676 
7675 
7677 
7677 
7676 
7678 
7678 
7677 
7679 
7679 
7678 
7680 
7680 
7679 
7681 
7681 
7680 
7682 
7682 
7681 
7683 
7683 
7682 
7684 
7684 
7683 
7685 
7685 
7684 
7686 
7686 
7685 
7687 
7687 
7686 
7688 
7688 
7687 
7689 
7689 
7688 
7690 
7690 
7689 
7691 
7691 
7690 
7692 
7692 
7691 
7693 
7693 
7692 
7694 
7694 
7693 
7695 
7695 
7694 
7696 
7696 
7695 
7697 
7697 
7696 
7698 
7698 
7697 
7699 
7699 
7698 
7700 
7700 
7699 
7701 
7701 
7700 
7702 
7702 
7701 
7703 
7703 
7702 
7704 
7704 
7703 
7705 
7705 
7704 
7706 
7706 
7705 
7707 
7707 
7706 
7708 
7708 
7707 
7709 
7709 
7708 
7710 
7710 
7709 
7711 
7711 
7710 
7712 
7712 
7711 
7713 
7713 
7712 
7714 
7714 
7713 
7715 
7715 
7714 
7716 
7716 
7715 
7717 
7717 
7716 
7718 
7718 
7717 
7718 
7721 
7721 
7720 
7722 
7722 
7721 
7723 
7723 
7722 
7724 
7724 
7723 
7725 
7725 
7724 
7726 
7726 
7725 
7727 
7727 
7726 
7728 
7728 
7727 
7729 
7729 
7728 
7730 
7730 
7729 
7731 
7731 
7730 
7732 
7732 
7731 
7733 
7733 
7732 
7734 
7734 
7733 
7735 
7735 
7734 
7736 
7736 
7735 
7737 
7737 
7736 
7738 
7738 
7737 
7739 
7739 
7738 
7740 
7740 
7739 
7741 
7741 
7740 
7742 
7742 
7741 
7743 
7743 
7742 
7744 
7744 
7743 
7745 
7745 
7744 
7746 
7746 
7745 
7747 
7747 
7746 
7748 
7748 
7747 
7749 
7749 
7748 
7750 
7750 
7749 
7751 
7751 
7750 
7752 
7752 
7751 
7753 
7753 
7752 
7754 
7754 
7753 
7755 
7755 
7754 
7756 
7756 
7755 
7757 
7757 
7756 
7758 
7758 
7757 
7759 
7759 
7758 
7760 
7760 
7759 
7761 
7761 
7760 
7762 
7762 
7761 
7763 
7763 
7762 
7764 
7764 
7763 
7765 
7765 
7764 
7766 
7766 
7765 
7767 
7767 
7766 
7768 
7768 
7767 
7769 
7769 
7768 
7770 
7770 
7769 
7771 
7771 
7770 
7772 
7772 
7771 
7773 
7773 
7772 
7774 
7774 
7773 
7775 
7775 
7774 
7776 
7776 
7775 
7777 
7777 
7776 
7778 
7778 
7777 
7779 
7779 
7778 
7780 
7780 
7779 
7781 
7781 
7780 
7782 
7782 
7781 
7783 
7783 
7782 
7784 
7784 
7783 
7785 
7785 
7784 
7786 
7786 
7785 
7787 
7787 
7786 
7788 
7788 
7787 
7789 
7789 
7788 
7790 
7790 
7789 
7791 
7791 
7790 
7792 
7792 
7791 
7793 
7793 
7792 
7794 
7794 
7793 
7795 
7795 
7794 
7796 
7796 
7795 
7797 
7797 
7796 
7798 
7798 
7797 
7798 
7801 
7801 
7800 
7802 
7802 
7801 
7803 
7803 
7802 
7804 
7804 
7803 
7805 
7805 
7804 
7806 
7806 
7805 
7807 
7807 
7806 
7808 
7808 
7807 
7809 
7809 
7808 
7810 
7810 
7809 
7811 
7811 
7810 
7812 
7812 
7811 
7813 
7813 
7812 
7814 
7814 
7813 
7815 
7815 
7814 
7816 
7816 
7815 
7817 
7817 
7816 
7818 
7818 
7817 
7819 
7819 
7818 
7820 
7820 
7819 
7821 
7821 
7820 
7822 
7822 
7821 
7823 
7823 
7822 
7824 
7824 
7823 
7825 
7825 
7824 
7826 
7826 
7825 
7827 
7827 
7826 
7828 
7828 
7827 
7829 
7829 
7828 
7830 
7830 
7829 
7831 
7831 
7830 
7832 
7832 
7831 
7833 
7833 
7832 
7834 
7834 
7833 
7835 
7835 
7834 
7836 
7836 
7835 
7837 
7837 
7836 
7838 
7838 
7837 
7839 
7839 
7838 
7840 
7840 
7839 
7841 
7841 
7840 
7842 
7842 
7841 
7843 
7843 
7842 
7844 
7844 
7843 
7845 
7845 
7844 
7846 
7846 
7845 
7847 
7847 
7846 
7848 
7848 
7847 
7849 
7849 
7848 
7850 
7850 
7849 
7851 
7851 
7850 
7852 
7852 
7851 
7853 
7853 
7852 
7854 
7854 
7853 
7855 
7855 
7854 
7856 
7856 
7855 
7857 
7857 
7856 
7858 
7858 
7857 
7859 
7859 
7858 
7860 
7860 
7859 
7861 
7861 
7860 
7862 
7862 
7861 
7863 
7863 
7862 
7864 
7864 
7863 
7865 
7865 
7864 
7866 
7866 
7865 
7867 
7867 
7866 
7868 
7868 
7867 
7869 
7869 
7868 
7870 
7870 
7869 
7871 
7871 
7870 
7872 
7872 
7871 
7873 
7873 
7872 
7874 
7874 
7873 
7875 
7875 
7874 
7876 
7876 
7875 
7877 
7877 
7876 
7878 
7878 
7877 
7878 
7881 
7881 
7880 
7882 
7882 
7881 
7883 
7883 
7882 
7884 
7884 
7883 
7885 
7885 
7884 
7886 
7886 
7885 
7887 
7887 
7886 
7888 
7888 
7887 
7889 
7889 
7888 
7890 
7890 
7889 
7891 
7891 
7890 
7892 
7892 
7891 
7893 
7893 
7892 
7894 
7894 
7893 
7895 
7895 
7894 
7896 
7896 
7895 
7897 
7897 
7896 
7898 
7898 
7897 
7899 
7899 
7898 
7900 
7900 
7899 
7901 
7901 
7900 
7902 
7902 
7901 
7903 
7903 
7902 
7904 
7904 
7903 
7905 
7905 
7904 
7906 
7906 
7905 
7907 
7907 
7906 
7908 
7908 
7907 
7909 
7909 
7908 
7910 
7910 
7909 
7911 
7911 
7910 
7912 
7912 
7911 
7913 
7913 
7912 
7914 
7914 
7913 
7915 
7915 
7914 
7916 
7916 
7915 
7917 
7917 
7916 
7918 
7918 
7917 
7919 
7919 
7918 
7920 
7920 
7919 
7921 
7921 
7920 
7922 
7922 
7921 
7923 
7923 
7922 
7924 
7924 
7923 
7925 
7925 
7924 
7926 
7926 
7925 
7927 
7927 
7926 
7928 
7928 
7927 
7929 
7929 
7928 
7930 
7930 
7929 
7931 
7931 
7930 
7932 
7932 
7931 
7933 
7933 
7932 
7934 
7934 
7933 
7935 
7935 
7934 
7936 
7936 
7935 
7937 
7937 
7936 
7938 
7938 
7937 
7939 
7939 
7938 
7940 
7940 
7939 
7941 
7941 
7940 
7942 
7942 
7941 
7943 
7943 
7942 
7944 
7944 
7943 
7945 
7945 
7944 
7946 
7946 
7945 
7947 
7947 
7946 
7948 
7948 
7947 
7949 
7949 
7948 
7950 
7950 
7949 
7951 
7951 
7950 
7952 
7952 
7951 
7953 
7953 
7952 
7954 
7954 
7953 
7955 
7955 
7954 
7956 
7956 
7955 
7957 
7957 
7956 
7958 
7958 
7957 
7958 
7961 
7961 
7960 
7962 
7962 
7961 
7963 
7963 
7962 
7964 
7964 
7963 
7965 
7965 
7964 
7966 
7966 
7965 
7967 
7967 
7966 
7968 
7968 
7967 
7969 
7969 
7968 
7970 
7970 
7969 
7971 
7971 
7970 
7972 
7972 
7971 
7973 
7973 
7972 
7974 
7974 
7973 
7975 
7975 
7974 
7976 
7976 
7975 
7977 
7977 
7976 
7978 
7978 
7977 
7979 
7979 
7978 
7980 
7980 
7979 
7981 
7981 
7980 
7982 
7982 
7981 
7983 
7983 
7982 
7984 
7984 
7983 
7985 
7985 
7984 
7986 
7986 
7985 
7987 
7987 
7986 
7988 
7988 
7987 
7989 
7989 
7988 
7990 
7990 
7989 
7991 
7991 
7990 
7992 
7992 
7991 
7993 
7993 
7992 
7994 
7994 
7993 
7995 
7995 
7994 
7996 
7996 
7995 
7997 
7997 
7996 
7998 
7998 
7997 
7999 
7999 
7998 
8000 
8000 
7999 
8001 
8001 
8000 
8002 
8002 
8001 
8003 
8003 
8002 
8004 
8004 
8003 
8005 
8005 
8004 
8006 
8006 
8005 
8007 
8007 
8006 
8008 
8008 
8007 
8009 
8009 
8008 
8010 
8010 
8009 
8011 
8011 
8010 
8012 
8012 
8011 
8013 
8013 
8012 
8014 
8014 
8013 
8015 
8015 
8014 
8016 
8016 
8015 
8017 
8017 
8016 
8018 
8018 
8017 
8019 
8019 
8018 
8020 
8020 
8019 
8021 
8021 
8020 
8022 
8022 
8021 
8023 
8023 
8022 
8024 
8024 
8023 
8025 
8025 
8024 
8026 
8026 
8025 
8027 
8027 
8026 
8028 
8028 
8027 
8029 
8029 
8028 
8030 
8030 
8029 
8031 
8031 
8030 
8032 
8032 
8031 
8033 
8033 
8032 
8034 
8034 
8033 
8035 
8035 
8034 
8036 
8036 
8035 
8037 
8037 
8036 
8038 
8038 
8037 
8038 
8041 
8041 
8040 
8042 
8042 
8041 
8043 
8043 
8042 
8044 
8044 
8043 
8045 
8045 
8044 
8046 
8046 
8045 
8047 
8047 
8046 
8048 
8048 
8047 
8049 
8049 
8048 
8050 
8050 
8049 
8051 
8051 
8050 
8052 
8052 
8051 
8053 
8053 
8052 
8054 
8054 
8053 
8055 
8055 
8054 
8056 
8056 
8055 
8057 
8057 
8056 
8058 
8058 
8057 
8059 
8059 
8058 
8060 
8060 
8059 
8061 
8061 
8060 
8062 
8062 
8061 
8063 
8063 
8062 
8064 
8064 
8063 
8065 
8065 
8064 
8066 
8066 
8065 
8067 
8067 
8066 
8068 
8068 
8067 
8069 
8069 
8068 
8070 
8070 
8069 
8071 
8071 
8070 
8072 
8072 
8071 
8073 
8073 
8072 
8074 
8074 
8073 
8075 
8075 
8074 
8076 
8076 
8075 
8077 
8077 
8076 
8078 
8078 
8077 
8079 
8079 
8078 
8080 
8080 
8079 
8081 
8081 
8080 
8082 
8082 
8081 
8083 
8083 
8082 
8084 
8084 
8083 
8085 
8085 
8084 
8086 
8086 
8085 
8087 
8087 
8086 
8088 
8088 
8087 
8089 
8089 
8088 
8090 
8090 
8089 
8091 
8091 
8090 
8092 
8092 
8091 
8093 
8093 
8092 
8094 
8094 
8093 
8095 
8095 
8094 
8096 
8096 
8095 
8097 
8097 
8096 
8098 
8098 
8097 
8099 
8099 
8098 
8100 
8100 
8099 
8101 
8101 
8100 
8102 
8102 
8101 
8103 
8103 
8102 
8104 
8104 
8103 
8105 
8105 
8104 
8106 
8106 
8105 
8107 
8107 
8106 
8108 
8108 
8107 
8109 
8109 
8108 
8110 
8110 
8109 
8111 
8111 
8110 
8112 
8112 
8111 
8113 
8113 
8112 
8114 
8114 
8113 
8115 
8115 
8114 
8116 
8116 
8115 
8117 
8117 
8116 
8118 
8118 
8117 
8118 
8121 
8121 
8120 
8122 
8122 
8121 
8123 
8123 
8122 
8124 
8124 
8123 
8125 
8125 
8124 
8126 
8126 
8125 
8127 
8127 
8126 
8128 
8128 
8127 
8129 
8129 
8128 
8130 
8130 
8129 
8131 
8131 
8130 
8132 
8132 
8131 
8133 
8133 
8132 
8134 
8134 
8133 
8135 
8135 
8134 
8136 
8136 
8135 
8137 
8137 
8136 
8138 
8138 
8137 
8139 
8139 
8138 
8140 
8140 
8139 
8141 
8141 
8140 
8142 
8142 
8141 
8143 
8143 
8142 
8144 
8144 
8143 
8145 
8145 
8144 
8146 
8146 
8145 
8147 
8147 
8146 
8148 
8148 
8147 
8149 
8149 
8148 
8150 
8150 
8149 
8151 
8151 
8150 
8152 
8152 
8151 
8153 
8153 
8152 
8154 
8154 
8153 
8155 
8155 
8154 
8156 
8156 
8155 
8157 
8157 
8156 
8158 
8158 
8157 
8159 
8159 
8158 
8160 
8160 
8159 
8161 
8161 
8160 
8162 
8162 
8161 
8163 
8163 
8162 
8164 
8164 
8163 
8165 
8165 
8164 
8166 
8166 
8165 
8167 
8167 
8166 
8168 
8168 
8167 
8169 
8169 
8168 
8170 
8170 
8169 
8171 
8171 
8170 
8172 
8172 
8171 
8173 
8173 
8172 
8174 
8174 
8173 
8175 
8175 
8174 
8176 
8176 
8175 
8177 
8177 
8176 
8178 
8178 
8177 
8179 
8179 
8178 
8180 
8180 
8179 
8181 
8181 
8180 
8182 
8182 
8181 
8183 
8183 
8182 
8184 
8184 
8183 
8185 
8185 
8184 
8186 
8186 
8185 
8187 
8187 
8186 
8188 
8188 
8187 
8189 
8189 
8188 
8190 
8190 
8189 
8191 
8191 
8190 
8192 
8192 
8191 
8193 
8193 
8192 
8194 
8194 
8193 
8195 
8195 
8194 
8196 
8196 
8195 
8197 
8197 
8196 
8198 
8198 
8197 
8198 
8201 
8201 
8200 
8202 
8202 
8201 
8203 
8203 
8202 
8204 
8204 
8203 
8205 
8205 
8204 
8206 
8206 
8205 
8207 
8207 
8206 
8208 
8208 
8207 
8209 
8209 
8208 
8210 
8210 
8209 
8211 
8211 
8210 
8212 
8212 
8211 
8213 
8213 
8212 
8214 
8214 
8213 
8215 
8215 
8214 
8216 
8216 
8215 
8217 
8217 
8216 
8218 
8218 
8217 
8219 
8219 
8218 
8220 
8220 
8219 
8221 
8221 
8220 
8222 
8222 
8221 
8223 
8223 
8222 
8224 
8224 
8223 
8225 
8225 
8224 
8226 
8226 
8225 
8227 
8227 
8226 
8228 
8228 
8227 
8229 
8229 
8228 
8230 
8230 
8229 
8231 
8231 
8230 
8232 
8232 
8231 
8233 
8233 
8232 
8234 
8234 
8233 
8235 
8235 
8234 
8236 
8236 
8235 
8237 
8237 
8236 
8238 
8238 
8237 
8239 
8239 
8238 
8240 
8240 
8239 
8241 
8241 
8240 
8242 
8242 
8241 
8243 
8243 
8242 
8244 
8244 
8243 
8245 
8245 
8244 
8246 
8246 
8245 
8247 
8247 
8246 
8248 
8248 
8247 
8249 
8249 
8248 
8250 
8250 
8249 
8251 
8251 
8250 
8252 
8252 
8251 
8253 
8253 
8252 
8254 
8254 
8253 
8255 
8255 
8254 
8256 
8256 
8255 
8257 
8257 
8256 
8258 
8258 
8257 
8259 
8259 
8258 
8260 
8260 
8259 
8261 
8261 
8260 
8262 
8262 
8261 
8263 
8263 
8262 
8264 
8264 
8263 
8265 
8265 
8264 
8266 
8266 
8265 
8267 
8267 
8266 
8268 
8268 
8267 
8269 
8269 
8268 
8270 
8270 
8269 
8271 
8271 
8270 
8272 
8272 
8271 
8273 
8273 
8272 
8274 
8274 
8273 
8275 
8275 
8274 
8276 
8276 
8275 
8277 
8277 
8276 
8278 
8278 
8277 
8278 
8281 
8281 
8280 
8282 
8282 
8281 
8283 
8283 
8282 
8284 
8284 
8283 
8285 
8285 
8284 
8286 
8286 
8285 
8287 
8287 
8286 
8288 
8288 
8287 
8289 
8289 
8288 
8290 
8290 
8289 
8291 
8291 
8290 
8292 
8292 
8291 
8293 
8293 
8292 
8294 
8294 
8293 
8295 
8295 
8294 
8296 
8296 
8295 
8297 
8297 
8296 
8298 
8298 
8297 
8299 
8299 
8298 
8300 
8300 
8299 
8301 
8301 
8300 
8302 
8302 
8301 
8303 
8303 
8302 
8304 
8304 
8303 
8305 
8305 
8304 
8306 
8306 
8305 
8307 
8307 
8306 
8308 
8308 
8307 
8309 
8309 
8308 
8310 
8310 
8309 
8311 
8311 
8310 
8312 
8312 
8311 
8313 
8313 
8312 
8314 
8314 
8313 
8315 
8315 
8314 
8316 
8316 
8315 
8317 
8317 
8316 
8318 
8318 
8317 
8319 
8319 
8318 
8320 
8320 
8319 
8321 
8321 
8320 
8322 
8322 
8321 
8323 
8323 
8322 
8324 
8324 
8323 
8325 
8325 
8324 
8326 
8326 
8325 
8327 
8327 
8326 
8328 
8328 
8327 
8329 
8329 
8328 
8330 
8330 
8329 
8331 
8331 
8330 
8332 
8332 
8331 
8333 
8333 
8332 
8334 
8334 
8333 
8335 
8335 
8334 
8336 
8336 
8335 
8337 
8337 
8336 
8338 
8338 
8337 
8339 
8339 
8338 
8340 
8340 
8339 
8341 
8341 
8340 
8342 
8342 
8341 
8343 
8343 
8342 
8344 
8344 
8343 
8345 
8345 
8344 
8346 
8346 
8345 
8347 
8347 
8346 
8348 
8348 
8347 
8349 
8349 
8348 
8350 
8350 
8349 
8351 
8351 
8350 
8352 
8352 
8351 
8353 
8353 
8352 
8354 
8354 
8353 
8355 
8355 
8354 
8356 
8356 
8355 
8357 
8357 
8356 
8358 
8358 
8357 
8358 
8361 
8361 
8360 
8362 
8362 
8361 
8363 
8363 
8362 
8364 
8364 
8363 
8365 
8365 
8364 
8366 
8366 
8365 
8367 
8367 
8366 
8368 
8368 
8367 
8369 
8369 
8368 
8370 
8370 
8369 
8371 
8371 
8370 
8372 
8372 
8371 
8373 
8373 
8372 
8374 
8374 
8373 
8375 
8375 
8374 
8376 
8376 
8375 
8377 
8377 
8376 
8378 
8378 
8377 
8379 
8379 
8378 
8380 
8380 
8379 
8381 
8381 
8380 
8382 
8382 
8381 
8383 
8383 
8382 
8384 
8384 
8383 
8385 
8385 
8384 
8386 
8386 
8385 
8387 
8387 
8386 
8388 
8388 
8387 
8389 
8389 
8388 
8390 
8390 
8389 
8391 
8391 
8390 
8392 
8392 
8391 
8393 
8393 
8392 
8394 
8394 
8393 
8395 
8395 
8394 
8396 
8396 
8395 
8397 
8397 
8396 
8398 
8398 
8397 
8399 
8399 
8398 
8400 
8400 
8399 
8401 
8401 
8400 
8402 
8402 
8401 
8403 
8403 
8402 
8404 
8404 
8403 
8405 
8405 
8404 
8406 
8406 
8405 
8407 
8407 
8406 
8408 
8408 
8407 
8409 
8409 
8408 
8410 
8410 
8409 
8411 
8411 
8410 
8412 
8412 
8411 
8413 
8413 
8412 
8414 
8414 
8413 
8415 
8415 
8414 
8416 
8416 
8415 
8417 
8417 
8416 
8418 
8418 
8417 
8419 
8419 
8418 
8420 
8420 
8419 
8421 
8421 
8420 
8422 
8422 
8421 
8423 
8423 
8422 
8424 
8424 
8423 
8425 
8425 
8424 
8426 
8426 
8425 
8427 
8427 
8426 
8428 
8428 
8427 
8429 
8429 
8428 
8430 
8430 
8429 
8431 
8431 
8430 
8432 
8432 
8431 
8433 
8433 
8432 
8434 
8434 
8433 
8435 
8435 
8434 
8436 
8436 
8435 
8437 
8437 
8436 
8438 
8438 
8437 
8438 
8441 
8441 
8440 
8442 
8442 
8441 
8443 
8443 
8442 
8444 
8444 
8443 
8445 
8445 
8444 
8446 
8446 
8445 
8447 
8447 
8446 
8448 
8448 
8447 
8449 
8449 
8448 
8450 
8450 
8449 
8451 
8451 
8450 
8452 
8452 
8451 
8453 
8453 
8452 
8454 
8454 
8453 
8455 
8455 
8454 
8456 
8456 
8455 
8457 
8457 
8456 
8458 
8458 
8457 
8459 
8459 
8458 
8460 
8460 
8459 
8461 
8461 
8460 
8462 
8462 
8461 
8463 
8463 
8462 
8464 
8464 
8463 
8465 
8465 
8464 
8466 
8466 
8465 
8467 
8467 
8466 
8468 
8468 
8467 
8469 
8469 
8468 
8470 
8470 
8469 
8471 
8471 
8470 
8472 
8472 
8471 
8473 
8473 
8472 
8474 
8474 
8473 
8475 
8475 
8474 
8476 
8476 
8475 
8477 
8477 
8476 
8478 
8478 
8477 
8479 
8479 
8478 
8480 
8480 
8479 
8481 
8481 
8480 
8482 
8482 
8481 
8483 
8483 
8482 
8484 
8484 
8483 
8485 
8485 
8484 
8486 
8486 
8485 
8487 
8487 
8486 
8488 
8488 
8487 
8489 
8489 
8488 
8490 
8490 
8489 
8491 
8491 
8490 
8492 
8492 
8491 
8493 
8493 
8492 
8494 
8494 
8493 
8495 
8495 
8494 
8496 
8496 
8495 
8497 
8497 
8496 
8498 
8498 
8497 
8499 
8499 
8498 
8500 
8500 
8499 
8501 
8501 
8500 
8502 
8502 
8501 
8503 
8503 
8502 
8504 
8504 
8503 
8505 
8505 
8504 
8506 
8506 
8505 
8507 
8507 
8506 
8508 
8508 
8507 
8509 
8509 
8508 
8510 
8510 
8509 
8511 
8511 
8510 
8512 
8512 
8511 
8513 
8513 
8512 
8514 
8514 
8513 
8515 
8515 
8514 
8516 
8516 
8515 
8517 
8517 
8516 
8518 
8518 
8517 
8518 
8521 
8521 
8520 
8522 
8522 
8521 
8523 
8523 
8522 
8524 
8524 
8523 
8525 
8525 
8524 
8526 
8526 
8525 
8527 
8527 
8526 
8528 
8528 
8527 
8529 
8529 
8528 
8530 
8530 
8529 
8531 
8531 
8530 
8532 
8532 
8531 
8533 
8533 
8532 
8534 
8534 
8533 
8535 
8535 
8534 
8536 
8536 
8535 
8537 
8537 
8536 
8538 
8538 
8537 
8539 
8539 
8538 
8540 
8540 
8539 
8541 
8541 
8540 
8542 
8542 
8541 
8543 
8543 
8542 
8544 
8544 
8543 
8545 
8545 
8544 
8546 
8546 
8545 
8547 
8547 
8546 
8548 
8548 
8547 
8549 
8549 
8548 
8550 
8550 
8549 
8551 
8551 
8550 
8552 
8552 
8551 
8553 
8553 
8552 
8554 
8554 
8553 
8555 
8555 
8554 
8556 
8556 
8555 
8557 
8557 
8556 
8558 
8558 
8557 
8559 
8559 
8558 
8560 
8560 
8559 
8561 
8561 
8560 
8562 
8562 
8561 
8563 
8563 
8562 
8564 
8564 
8563 
8565 
8565 
8564 
8566 
8566 
8565 
8567 
8567 
8566 
8568 
8568 
8567 
8569 
8569 
8568 
8570 
8570 
8569 
8571 
8571 
8570 
8572 
8572 
8571 
8573 
8573 
8572 
8574 
8574 
8573 
8575 
8575 
8574 
8576 
8576 
8575 
8577 
8577 
8576 
8578 
8578 
8577 
8579 
8579 
8578 
8580 
8580 
8579 
8581 
8581 
8580 
8582 
8582 
8581 
8583 
8583 
8582 
8584 
8584 
8583 
8585 
8585 
8584 
8586 
8586 
8585 
8587 
8587 
8586 
8588 
8588 
8587 
8589 
8589 
8588 
8590 
8590 
8589 
8591 
8591 
8590 
8592 
8592 
8591 
8593 
8593 
8592 
8594 
8594 
8593 
8595 
8595 
8594 
8596 
8596 
8595 
8597 
8597 
8596 
8598 
8598 
8597 
8598 
8601 
8601 
8600 
8602 
8602 
8601 
8603 
8603 
8602 
8604 
8604 
8603 
8605 
8605 
8604 
8606 
8606 
8605 
8607 
8607 
8606 
8608 
8608 
8607 
8609 
8609 
8608 
8610 
8610 
8609 
8611 
8611 
8610 
8612 
8612 
8611 
8613 
8613 
8612 
8614 
8614 
8613 
8615 
8615 
8614 
8616 
8616 
8615 
8617 
8617 
8616 
8618 
8618 
8617 
8619 
8619 
8618 
8620 
8620 
8619 
8621 
8621 
8620 
8622 
8622 
8621 
8623 
8623 
8622 
8624 
8624 
8623 
8625 
8625 
8624 
8626 
8626 
8625 
8627 
8627 
8626 
8628 
8628 
8627 
8629 
8629 
8628 
8630 
8630 
8629 
8631 
8631 
8630 
8632 
8632 
8631 
8633 
8633 
8632 
8634 
8634 
8633 
8635 
8635 
8634 
8636 
8636 
8635 
8637 
8637 
8636 
8638 
8638 
8637 
8639 
8639 
8638 
8640 
8640 
8639 
8641 
8641 
8640 
8642 
8642 
8641 
8643 
8643 
8642 
8644 
8644 
8643 
8645 
8645 
8644 
8646 
8646 
8645 
8647 
8647 
8646 
8648 
8648 
8647 
8649 
8649 
8648 
8650 
8650 
8649 
8651 
8651 
8650 
8652 
8652 
8651 
8653 
8653 
8652 
8654 
8654 
8653 
8655 
8655 
8654 
8656 
8656 
8655 
8657 
8657 
8656 
8658 
8658 
8657 
8659 
8659 
8658 
8660 
8660 
8659 
8661 
8661 
8660 
8662 
8662 
8661 
8663 
8663 
8662 
8664 
8664 
8663 
8665 
8665 
8664 
8666 
8666 
8665 
8667 
8667 
8666 
8668 
8668 
8667 
8669 
8669 
8668 
8670 
8670 
8669 
8671 
8671 
8670 
8672 
8672 
8671 
8673 
8673 
8672 
8674 
8674 
8673 
8675 
8675 
8674 
8676 
8676 
8675 
8677 
8677 
8676 
8678 
8678 
8677 
8678 
8681 
8681 
8680 
8682 
8682 
8681 
8683 
8683 
8682 
8684 
8684 
8683 
8685 
8685 
8684 
8686 
8686 
8685 
8687 
8687 
8686 
8688 
8688 
8687 
8689 
8689 
8688 
8690 
8690 
8689 
8691 
8691 
8690 
8692 
8692 
8691 
8693 
8693 
8692 
8694 
8694 
8693 
8695 
8695 
8694 
8696 
8696 
8695 
8697 
8697 
8696 
8698 
8698 
8697 
8699 
8699 
8698 
8700 
8700 
8699 
8701 
8701 
8700 
8702 
8702 
8701 
8703 
8703 
8702 
8704 
8704 
8703 
8705 
8705 
8704 
8706 
8706 
8705 
8707 
8707 
8706 
8708 
8708 
8707 
8709 
8709 
8708 
8710 
8710 
8709 
8711 
8711 
8710 
8712 
8712 
8711 
8713 
8713 
8712 
8714 
8714 
8713 
8715 
8715 
8714 
8716 
8716 
8715 
8717 
8717 
8716 
8718 
8718 
8717 
8719 
8719 
8718 
8720 
8720 
8719 
8721 
8721 
8720 
8722 
8722 
8721 
8723 
8723 
8722 
8724 
8724 
8723 
8725 
8725 
8724 
8726 
8726 
8725 
8727 
8727 
8726 
8728 
8728 
8727 
8729 
8729 
8728 
8730 
8730 
8729 
8731 
8731 
8730 
8732 
8732 
8731 
8733 
8733 
8732 
8734 
8734 
8733 
8735 
8735 
8734 
8736 
8736 
8735 
8737 
8737 
8736 
8738 
8738 
8737 
8739 
8739 
8738 
8740 
8740 
8739 
8741 
8741 
8740 
8742 
8742 
8741 
8743 
8743 
8742 
8744 
8744 
8743 
8745 
8745 
8744 
8746 
8746 
8745 
8747 
8747 
8746 
8748 
8748 
8747 
8749 
8749 
8748 
8750 
8750 
8749 
8751 
8751 
8750 
8752 
8752 
8751 
8753 
8753 
8752 
8754 
8754 
8753 
8755 
8755 
8754 
8756 
8756 
8755 
8757 
8757 
8756 
8758 
8758 
8757 
8758 
8761 
8761 
8760 
8762 
8762 
8761 
8763 
8763 
8762 
8764 
8764 
8763 
8765 
8765 
8764 
8766 
8766 
8765 
8767 
8767 
8766 
8768 
8768 
8767 
8769 
8769 
8768 
8770 
8770 
8769 
8771 
8771 
8770 
8772 
8772 
8771 
8773 
8773 
8772 
8774 
8774 
8773 
8775 
8775 
8774 
8776 
8776 
8775 
8777 
8777 
8776 
8778 
8778 
8777 
8779 
8779 
8778 
8780 
8780 
8779 
8781 
8781 
8780 
8782 
8782 
8781 
8783 
8783 
8782 
8784 
8784 
8783 
8785 
8785 
8784 
8786 
8786 
8785 
8787 
8787 
8786 
8788 
8788 
8787 
8789 
8789 
8788 
8790 
8790 
8789 
8791 
8791 
8790 
8792 
8792 
8791 
8793 
8793 
8792 
8794 
8794 
8793 
8795 
8795 
8794 
8796 
8796 
8795 
8797 
8797 
8796 
8798 
8798 
8797 
8799 
8799 
8798 
8800 
8800 
8799 
8801 
8801 
8800 
8802 
8802 
8801 
8803 
8803 
8802 
8804 
8804 
8803 
8805 
8805 
8804 
8806 
8806 
8805 
8807 
8807 
8806 
8808 
8808 
8807 
8809 
8809 
8808 
8810 
8810 
8809 
8811 
8811 
8810 
8812 
8812 
8811 
8813 
8813 
8812 
8814 
8814 
8813 
8815 
8815 
8814 
8816 
8816 
8815 
8817 
8817 
8816 
8818 
8818 
8817 
8819 
8819 
8818 
8820 
8820 
8819 
8821 
8821 
8820 
8822 
8822 
8821 
8823 
8823 
8822 
8824 
8824 
8823 
8825 
8825 
8824 
8826 
8826 
8825 
8827 
8827 
8826 
8828 
8828 
8827 
8829 
8829 
8828 
8830 
8830 
8829 
8831 
8831 
8830 
8832 
8832 
8831 
8833 
8833 
8832 
8834 
8834 
8833 
8835 
8835 
8834 
8836 
8836 
8835 
8837 
8837 
8836 
8838 
8838 
8837 
8838 
8841 
8841 
8840 
8842 
8842 
8841 
8843 
8843 
8842 
8844 
8844 
8843 
8845 
8845 
8844 
8846 
8846 
8845 
8847 
8847 
8846 
8848 
8848 
8847 
8849 
8849 
8848 
8850 
8850 
8849 
8851 
8851 
8850 
8852 
8852 
8851 
8853 
8853 
8852 
8854 
8854 
8853 
8855 
8855 
8854 
8856 
8856 
8855 
8857 
8857 
8856 
8858 
8858 
8857 
8859 
8859 
8858 
8860 
8860 
8859 
8861 
8861 
8860 
8862 
8862 
8861 
8863 
8863 
8862 
8864 
8864 
8863 
8865 
8865 
8864 
8866 
8866 
8865 
8867 
8867 
8866 
8868 
8868 
8867 
8869 
8869 
8868 
8870 
8870 
8869 
8871 
8871 
8870 
8872 
8872 
8871 
8873 
8873 
8872 
8874 
8874 
8873 
8875 
8875 
8874 
8876 
8876 
8875 
8877 
8877 
8876 
8878 
8878 
8877 
8879 
8879 
8878 
8880 
8880 
8879 
8881 
8881 
8880 
8882 
8882 
8881 
8883 
8883 
8882 
8884 
8884 
8883 
8885 
8885 
8884 
8886 
8886 
8885 
8887 
8887 
8886 
8888 
8888 
8887 
8889 
8889 
8888 
8890 
8890 
8889 
8891 
8891 
8890 
8892 
8892 
8891 
8893 
8893 
8892 
8894 
8894 
8893 
8895 
8895 
8894 
8896 
8896 
8895 
8897 
8897 
8896 
8898 
8898 
8897 
8899 
8899 
8898 
8900 
8900 
8899 
8901 
8901 
8900 
8902 
8902 
8901 
8903 
8903 
8902 
8904 
8904 
8903 
8905 
8905 
8904 
8906 
8906 
8905 
8907 
8907 
8906 
8908 
8908 
8907 
8909 
8909 
8908 
8910 
8910 
8909 
8911 
8911 
8910 
8912 
8912 
8911 
8913 
8913 
8912 
8914 
8914 
8913 
8915 
8915 
8914 
8916 
8916 
8915 
8917 
8917 
8916 
8918 
8918 
8917 
8918 
8921 
8921 
8920 
8922 
8922 
8921 
8923 
8923 
8922 
8924 
8924 
8923 
8925 
8925 
8924 
8926 
8926 
8925 
8927 
8927 
8926 
8928 
8928 
8927 
8929 
8929 
8928 
8930 
8930 
8929 
8931 
8931 
8930 
8932 
8932 
8931 
8933 
8933 
8932 
8934 
8934 
8933 
8935 
8935 
8934 
8936 
8936 
8935 
8937 
8937 
8936 
8938 
8938 
8937 
8939 
8939 
8938 
8940 
8940 
8939 
8941 
8941 
8940 
8942 
8942 
8941 
8943 
8943 
8942 
8944 
8944 
8943 
8945 
8945 
8944 
8946 
8946 
8945 
8947 
8947 
8946 
8948 
8948 
8947 
8949 
8949 
8948 
8950 
8950 
8949 
8951 
8951 
8950 
8952 
8952 
8951 
8953 
8953 
8952 
8954 
8954 
8953 
8955 
8955 
8954 
8956 
8956 
8955 
8957 
8957 
8956 
8958 
8958 
8957 
8959 
8959 
8958 
8960 
8960 
8959 
8961 
8961 
8960 
8962 
8962 
8961 
8963 
8963 
8962 
8964 
8964 
8963 
8965 
8965 
8964 
8966 
8966 
8965 
8967 
8967 
8966 
8968 
8968 
8967 
8969 
8969 
8968 
8970 
8970 
8969 
8971 
8971 
8970 
8972 
8972 
8971 
8973 
8973 
8972 
8974 
8974 
8973 
8975 
8975 
8974 
8976 
8976 
8975 
8977 
8977 
8976 
8978 
8978 
8977 
8979 
8979 
8978 
8980 
8980 
8979 
8981 
8981 
8980 
8982 
8982 
8981 
8983 
8983 
8982 
8984 
8984 
8983 
8985 
8985 
8984 
8986 
8986 
8985 
8987 
8987 
8986 
8988 
8988 
8987 
8989 
8989 
8988 
8990 
8990 
8989 
8991 
8991 
8990 
8992 
8992 
8991 
8993 
8993 
8992 
8994 
8994 
8993 
8995 
8995 
8994 
8996 
8996 
8995 
8997 
8997 
8996 
8998 
8998 
8997 
8998 
9001 
9001 
9000 
9002 
9002 
9001 
9003 
9003 
9002 
9004 
9004 
9003 
9005 
9005 
9004 
9006 
9006 
9005 
9007 
9007 
9006 
9008 
9008 
9007 
9009 
9009 
9008 
9010 
9010 
9009 
9011 
9011 
9010 
9012 
9012 
9011 
9013 
9013 
9012 
9014 
9014 
9013 
9015 
9015 
9014 
9016 
9016 
9015 
9017 
9017 
9016 
9018 
9018 
9017 
9019 
9019 
9018 
9020 
9020 
9019 
9021 
9021 
9020 
9022 
9022 
9021 
9023 
9023 
9022 
9024 
9024 
9023 
9025 
9025 
9024 
9026 
9026 
9025 
9027 
9027 
9026 
9028 
9028 
9027 
9029 
9029 
9028 
9030 
9030 
9029 
9031 
9031 
9030 
9032 
9032 
9031 
9033 
9033 
9032 
9034 
9034 
9033 
9035 
9035 
9034 
9036 
9036 
9035 
9037 
9037 
9036 
9038 
9038 
9037 
9039 
9039 
9038 
9040 
9040 
9039 
9041 
9041 
9040 
9042 
9042 
9041 
9043 
9043 
9042 
9044 
9044 
9043 
9045 
9045 
9044 
9046 
9046 
9045 
9047 
9047 
9046 
9048 
9048 
9047 
9049 
9049 
9048 
9050 
9050 
9049 
9051 
9051 
9050 
9052 
9052 
9051 
9053 
9053 
9052 
9054 
9054 
9053 
9055 
9055 
9054 
9056 
9056 
9055 
9057 
9057 
9056 
9058 
9058 
9057 
9059 
9059 
9058 
9060 
9060 
9059 
9061 
9061 
9060 
9062 
9062 
9061 
9063 
9063 
9062 
9064 
9064 
9063 
9065 
9065 
9064 
9066 
9066 
9065 
9067 
9067 
9066 
9068 
9068 
9067 
9069 
9069 
9068 
9070 
9070 
9069 
9071 
9071 
9070 
9072 
9072 
9071 
9073 
9073 
9072 
9074 
9074 
9073 
9075 
9075 
9074 
9076 
9076 
9075 
9077 
9077 
9076 
9078 
9078 
9077 
9078 
9081 
9081 
9080 
9082 
9082 
9081 
9083 
9083 
9082 
9084 
9084 
9083 
9085 
9085 
9084 
9086 
9086 
9085 
9087 
9087 
9086 
9088 
9088 
9087 
9089 
9089 
9088 
9090 
9090 
9089 
9091 
9091 
9090 
9092 
9092 
9091 
9093 
9093 
9092 
9094 
9094 
9093 
9095 
9095 
9094 
9096 
9096 
9095 
9097 
9097 
9096 
9098 
9098 
9097 
9099 
9099 
9098 
9100 
9100 
9099 
9101 
9101 
9100 
9102 
9102 
9101 
9103 
9103 
9102 
9104 
9104 
9103 
9105 
9105 
9104 
9106 
9106 
9105 
9107 
9107 
9106 
9108 
9108 
9107 
9109 
9109 
9108 
9110 
9110 
9109 
9111 
9111 
9110 
9112 
9112 
9111 
9113 
9113 
9112 
9114 
9114 
9113 
9115 
9115 
9114 
9116 
9116 
9115 
9117 
9117 
9116 
9118 
9118 
9117 
9119 
9119 
9118 
9120 
9120 
9119 
9121 
9121 
9120 
9122 
9122 
9121 
9123 
9123 
9122 
9124 
9124 
9123 
9125 
9125 
9124 
9126 
9126 
9125 
9127 
9127 
9126 
9128 
9128 
9127 
9129 
9129 
9128 
9130 
9130 
9129 
9131 
9131 
9130 
9132 
9132 
9131 
9133 
9133 
9132 
9134 
9134 
9133 
9135 
9135 
9134 
9136 
9136 
9135 
9137 
9137 
9136 
9138 
9138 
9137 
9139 
9139 
9138 
9140 
9140 
9139 
9141 
9141 
9140 
9142 
9142 
9141 
9143 
9143 
9142 
9144 
9144 
9143 
9145 
9145 
9144 
9146 
9146 
9145 
9147 
9147 
9146 
9148 
9148 
9147 
9149 
9149 
9148 
9150 
9150 
9149 
9151 
9151 
9150 
9152 
9152 
9151 
9153 
9153 
9152 
9154 
9154 
9153 
9155 
9155 
9154 
9156 
9156 
9155 
9157 
9157 
9156 
9158 
9158 
9157 
9158 
9161 
9161 
9160 
9162 
9162 
9161 
9163 
9163 
9162 
9164 
9164 
9163 
9165 
9165 
9164 
9166 
9166 
9165 
9167 
9167 
9166 
9168 
9168 
9167 
9169 
9169 
9168 
9170 
9170 
9169 
9171 
9171 
9170 
9172 
9172 
9171 
9173 
9173 
9172 
9174 
9174 
9173 
9175 
9175 
9174 
9176 
9176 
9175 
9177 
9177 
9176 
9178 
9178 
9177 
9179 
9179 
9178 
9180 
9180 
9179 
9181 
9181 
9180 
9182 
9182 
9181 
9183 
9183 
9182 
9184 
9184 
9183 
9185 
9185 
9184 
9186 
9186 
9185 
9187 
9187 
9186 
9188 
9188 
9187 
9189 
9189 
9188 
9190 
9190 
9189 
9191 
9191 
9190 
9192 
9192 
9191 
9193 
9193 
9192 
9194 
9194 
9193 
9195 
9195 
9194 
9196 
9196 
9195 
9197 
9197 
9196 
9198 
9198 
9197 
9199 
9199 
9198 
9200 
9200 
9199 
9201 
9201 
9200 
9202 
9202 
9201 
9203 
9203 
9202 
9204 
9204 
9203 
9205 
9205 
9204 
9206 
9206 
9205 
9207 
9207 
9206 
9208 
9208 
9207 
9209 
9209 
9208 
9210 
9210 
9209 
9211 
9211 
9210 
9212 
9212 
9211 
9213 
9213 
9212 
9214 
9214 
9213 
9215 
9215 
9214 
9216 
9216 
9215 
9217 
9217 
9216 
9218 
9218 
9217 
9219 
9219 
9218 
9220 
9220 
9219 
9221 
9221 
9220 
9222 
9222 
9221 
9223 
9223 
9222 
9224 
9224 
9223 
9225 
9225 
9224 
9226 
9226 
9225 
9227 
9227 
9226 
9228 
9228 
9227 
9229 
9229 
9228 
9230 
9230 
9229 
9231 
9231 
9230 
9232 
9232 
9231 
9233 
9233 
9232 
9234 
9234 
9233 
9235 
9235 
9234 
9236 
9236 
9235 
9237 
9237 
9236 
9238 
9238 
9237 
9238 
9241 
9241 
9240 
9242 
9242 
9241 
9243 
9243 
9242 
9244 
9244 
9243 
9245 
9245 
9244 
9246 
9246 
9245 
9247 
9247 
9246 
9248 
9248 
9247 
9249 
9249 
9248 
9250 
9250 
9249 
9251 
9251 
9250 
9252 
9252 
9251 
9253 
9253 
9252 
9254 
9254 
9253 
9255 
9255 
9254 
9256 
9256 
9255 
9257 
9257 
9256 
9258 
9258 
9257 
9259 
9259 
9258 
9260 
9260 
9259 
9261 
9261 
9260 
9262 
9262 
9261 
9263 
9263 
9262 
9264 
9264 
9263 
9265 
9265 
9264 
9266 
9266 
9265 
9267 
9267 
9266 
9268 
9268 
9267 
9269 
9269 
9268 
9270 
9270 
9269 
9271 
9271 
9270 
9272 
9272 
9271 
9273 
9273 
9272 
9274 
9274 
9273 
9275 
9275 
9274 
9276 
9276 
9275 
9277 
9277 
9276 
9278 
9278 
9277 
9279 
9279 
9278 
9280 
9280 
9279 
9281 
9281 
9280 
9282 
9282 
9281 
9283 
9283 
9282 
9284 
9284 
9283 
9285 
9285 
9284 
9286 
9286 
9285 
9287 
9287 
9286 
9288 
9288 
9287 
9289 
9289 
9288 
9290 
9290 
9289 
9291 
9291 
9290 
9292 
9292 
9291 
9293 
9293 
9292 
9294 
9294 
9293 
9295 
9295 
9294 
9296 
9296 
9295 
9297 
9297 
9296 
9298 
9298 
9297 
9299 
9299 
9298 
9300 
9300 
9299 
9301 
9301 
9300 
9302 
9302 
9301 
9303 
9303 
9302 
9304 
9304 
9303 
9305 
9305 
9304 
9306 
9306 
9305 
9307 
9307 
9306 
9308 
9308 
9307 
9309 
9309 
9308 
9310 
9310 
9309 
9311 
9311 
9310 
9312 
9312 
9311 
9313 
9313 
9312 
9314 
9314 
9313 
9315 
9315 
9314 
9316 
9316 
9315 
9317 
9317 
9316 
9318 
9318 
9317 
9318 
9321 
9321 
9320 
9322 
9322 
9321 
9323 
9323 
9322 
9324 
9324 
9323 
9325 
9325 
9324 
9326 
9326 
9325 
9327 
9327 
9326 
9328 
9328 
9327 
9329 
9329 
9328 
9330 
9330 
9329 
9331 
9331 
9330 
9332 
9332 
9331 
9333 
9333 
9332 
9334 
9334 
9333 
9335 
9335 
9334 
9336 
9336 
9335 
9337 
9337 
9336 
9338 
9338 
9337 
9339 
9339 
9338 
9340 
9340 
9339 
9341 
9341 
9340 
9342 
9342 
9341 
9343 
9343 
9342 
9344 
9344 
9343 
9345 
9345 
9344 
9346 
9346 
9345 
9347 
9347 
9346 
9348 
9348 
9347 
9349 
9349 
9348 
9350 
9350 
9349 
9351 
9351 
9350 
9352 
9352 
9351 
9353 
9353 
9352 
9354 
9354 
9353 
9355 
9355 
9354 
9356 
9356 
9355 
9357 
9357 
9356 
9358 
9358 
9357 
9359 
9359 
9358 
9360 
9360 
9359 
9361 
9361 
9360 
9362 
9362 
9361 
9363 
9363 
9362 
9364 
9364 
9363 
9365 
9365 
9364 
9366 
9366 
9365 
9367 
9367 
9366 
9368 
9368 
9367 
9369 
9369 
9368 
9370 
9370 
9369 
9371 
9371 
9370 
9372 
9372 
9371 
9373 
9373 
9372 
9374 
9374 
9373 
9375 
9375 
9374 
9376 
9376 
9375 
9377 
9377 
9376 
9378 
9378 
9377 
9379 
9379 
9378 
9380 
9380 
9379 
9381 
9381 
9380 
9382 
9382 
9381 
9383 
9383 
9382 
9384 
9384 
9383 
9385 
9385 
9384 
9386 
9386 
9385 
9387 
9387 
9386 
9388 
9388 
9387 
9389 
9389 
9388 
9390 
9390 
9389 
9391 
9391 
9390 
9392 
9392 
9391 
9393 
9393 
9392 
9394 
9394 
9393 
9395 
9395 
9394 
9396 
9396 
9395 
9397 
9397 
9396 
9398 
9398 
9397 
9398 
9401 
9401 
9400 
9402 
9402 
9401 
9403 
9403 
9402 
9404 
9404 
9403 
9405 
9405 
9404 
9406 
9406 
9405 
9407 
9407 
9406 
9408 
9408 
9407 
9409 
9409 
9408 
9410 
9410 
9409 
9411 
9411 
9410 
9412 
9412 
9411 
9413 
9413 
9412 
9414 
9414 
9413 
9415 
9415 
9414 
9416 
9416 
9415 
9417 
9417 
9416 
9418 
9418 
9417 
9419 
9419 
9418 
9420 
9420 
9419 
9421 
9421 
9420 
9422 
9422 
9421 
9423 
9423 
9422 
9424 
9424 
9423 
9425 
9425 
9424 
9426 
9426 
9425 
9427 
9427 
9426 
9428 
9428 
9427 
9429 
9429 
9428 
9430 
9430 
9429 
9431 
9431 
9430 
9432 
9432 
9431 
9433 
9433 
9432 
9434 
9434 
9433 
9435 
9435 
9434 
9436 
9436 
9435 
9437 
9437 
9436 
9438 
9438 
9437 
9439 
9439 
9438 
9440 
9440 
9439 
9441 
9441 
9440 
9442 
9442 
9441 
9443 
9443 
9442 
9444 
9444 
9443 
9445 
9445 
9444 
9446 
9446 
9445 
9447 
9447 
9446 
9448 
9448 
9447 
9449 
9449 
9448 
9450 
9450 
9449 
9451 
9451 
9450 
9452 
9452 
9451 
9453 
9453 
9452 
9454 
9454 
9453 
9455 
9455 
9454 
9456 
9456 
9455 
9457 
9457 
9456 
9458 
9458 
9457 
9459 
9459 
9458 
9460 
9460 
9459 
9461 
9461 
9460 
9462 
9462 
9461 
9463 
9463 
9462 
9464 
9464 
9463 
9465 
9465 
9464 
9466 
9466 
9465 
9467 
9467 
9466 
9468 
9468 
9467 
9469 
9469 
9468 
9470 
9470 
9469 
9471 
9471 
9470 
9472 
9472 
9471 
9473 
9473 
9472 
9474 
9474 
9473 
9475 
9475 
9474 
9476 
9476 
9475 
9477 
9477 
9476 
9478 
9478 
9477 
9478 
9481 
9481 
9480 
9482 
9482 
9481 
9483 
9483 
9482 
9484 
9484 
9483 
9485 
9485 
9484 
9486 
9486 
9485 
9487 
9487 
9486 
9488 
9488 
9487 
9489 
9489 
9488 
9490 
9490 
9489 
9491 
9491 
9490 
9492 
9492 
9491 
9493 
9493 
9492 
9494 
9494 
9493 
9495 
9495 
9494 
9496 
9496 
9495 
9497 
9497 
9496 
9498 
9498 
9497 
9499 
9499 
9498 
9500 
9500 
9499 
9501 
9501 
9500 
9502 
9502 
9501 
9503 
9503 
9502 
9504 
9504 
9503 
9505 
9505 
9504 
9506 
9506 
9505 
9507 
9507 
9506 
9508 
9508 
9507 
9509 
9509 
9508 
9510 
9510 
9509 
9511 
9511 
9510 
9512 
9512 
9511 
9513 
9513 
9512 
9514 
9514 
9513 
9515 
9515 
9514 
9516 
9516 
9515 
9517 
9517 
9516 
9518 
9518 
9517 
9519 
9519 
9518 
9520 
9520 
9519 
9521 
9521 
9520 
9522 
9522 
9521 
9523 
9523 
9522 
9524 
9524 
9523 
9525 
9525 
9524 
9526 
9526 
9525 
9527 
9527 
9526 
9528 
9528 
9527 
9529 
9529 
9528 
9530 
9530 
9529 
9531 
9531 
9530 
9532 
9532 
9531 
9533 
9533 
9532 
9534 
9534 
9533 
9535 
9535 
9534 
9536 
9536 
9535 
9537 
9537 
9536 
9538 
9538 
9537 
9539 
9539 
9538 
9540 
9540 
9539 
9541 
9541 
9540 
9542 
9542 
9541 
9543 
9543 
9542 
9544 
9544 
9543 
9545 
9545 
9544 
9546 
9546 
9545 
9547 
9547 
9546 
9548 
9548 
9547 
9549 
9549 
9548 
9550 
9550 
9549 
9551 
9551 
9550 
9552 
9552 
9551 
9553 
9553 
9552 
9554 
9554 
9553 
9555 
9555 
9554 
9556 
9556 
9555 
9557 
9557 
9556 
9558 
9558 
9557 
9558 
9561 
9561 
9560 
9562 
9562 
9561 
9563 
9563 
9562 
9564 
9564 
9563 
9565 
9565 
9564 
9566 
9566 
9565 
9567 
9567 
9566 
9568 
9568 
9567 
9569 
9569 
9568 
9570 
9570 
9569 
9571 
9571 
9570 
9572 
9572 
9571 
9573 
9573 
9572 
9574 
9574 
9573 
9575 
9575 
9574 
9576 
9576 
9575 
9577 
9577 
9576 
9578 
9578 
9577 
9579 
9579 
9578 
9580 
9580 
9579 
9581 
9581 
9580 
9582 
9582 
9581 
9583 
9583 
9582 
9584 
9584 
9583 
9585 
9585 
9584 
9586 
9586 
9585 
9587 
9587 
9586 
9588 
9588 
9587 
9589 
9589 
9588 
9590 
9590 
9589 
9591 
9591 
9590 
9592 
9592 
9591 
9593 
9593 
9592 
9594 
9594 
9593 
9595 
9595 
9594 
9596 
9596 
9595 
9597 
9597 
9596 
9598 
9598 
9597 
9599 
9599 
9598 
9600 
9600 
9599 
9601 
9601 
9600 
9602 
9602 
9601 
9603 
9603 
9602 
9604 
9604 
9603 
9605 
9605 
9604 
9606 
9606 
9605 
9607 
9607 
9606 
9608 
9608 
9607 
9609 
9609 
9608 
9610 
9610 
9609 
9611 
9611 
9610 
9612 
9612 
9611 
9613 
9613 
9612 
9614 
9614 
9613 
9615 
9615 
9614 
9616 
9616 
9615 
9617 
9617 
9616 
9618 
9618 
9617 
9619 
9619 
9618 
9620 
9620 
9619 
9621 
9621 
9620 
9622 
9622 
9621 
9623 
9623 
9622 
9624 
9624 
9623 
9625 
9625 
9624 
9626 
9626 
9625 
9627 
9627 
9626 
9628 
9628 
9627 
9629 
9629 
9628 
9630 
9630 
9629 
9631 
9631 
9630 
9632 
9632 
9631 
9633 
9633 
9632 
9634 
9634 
9633 
9635 
9635 
9634 
9636 
9636 
9635 
9637 
9637 
9636 
9638 
9638 
9637 
9638 
9641 
9641 
9640 
9642 
9642 
9641 
9643 
9643 
9642 
9644 
9644 
9643 
9645 
9645 
9644 
9646 
9646 
9645 
9647 
9647 
9646 
9648 
9648 
9647 
9649 
9649 
9648 
9650 
9650 
9649 
9651 
9651 
9650 
9652 
9652 
9651 
9653 
9653 
9652 
9654 
9654 
9653 
9655 
9655 
9654 
9656 
9656 
9655 
9657 
9657 
9656 
9658 
9658 
9657 
9659 
9659 
9658 
9660 
9660 
9659 
9661 
9661 
9660 
9662 
9662 
9661 
9663 
9663 
9662 
9664 
9664 
9663 
9665 
9665 
9664 
9666 
9666 
9665 
9667 
9667 
9666 
9668 
9668 
9667 
9669 
9669 
9668 
9670 
9670 
9669 
9671 
9671 
9670 
9672 
9672 
9671 
9673 
9673 
9672 
9674 
9674 
9673 
9675 
9675 
9674 
9676 
9676 
9675 
9677 
9677 
9676 
9678 
9678 
9677 
9679 
9679 
9678 
9680 
9680 
9679 
9681 
9681 
9680 
9682 
9682 
9681 
9683 
9683 
9682 
9684 
9684 
9683 
9685 
9685 
9684 
9686 
9686 
9685 
9687 
9687 
9686 
9688 
9688 
9687 
9689 
9689 
9688 
9690 
9690 
9689 
9691 
9691 
9690 
9692 
9692 
9691 
9693 
9693 
9692 
9694 
9694 
9693 
9695 
9695 
9694 
9696 
9696 
9695 
9697 
9697 
9696 
9698 
9698 
9697 
9699 
9699 
9698 
9700 
9700 
9699 
9701 
9701 
9700 
9702 
9702 
9701 
9703 
9703 
9702 
9704 
9704 
9703 
9705 
9705 
9704 
9706 
9706 
9705 
9707 
9707 
9706 
9708 
9708 
9707 
9709 
9709 
9708 
9710 
9710 
9709 
9711 
9711 
9710 
9712 
9712 
9711 
9713 
9713 
9712 
9714 
9714 
9713 
9715 
9715 
9714 
9716 
9716 
9715 
9717 
9717 
9716 
9718 
9718 
9717 
9718 
9721 
9721 
9720 
9722 
9722 
9721 
9723 
9723 
9722 
9724 
9724 
9723 
9725 
9725 
9724 
9726 
9726 
9725 
9727 
9727 
9726 
9728 
9728 
9727 
9729 
9729 
9728 
9730 
9730 
9729 
9731 
9731 
9730 
9732 
9732 
9731 
9733 
9733 
9732 
9734 
9734 
9733 
9735 
9735 
9734 
9736 
9736 
9735 
9737 
9737 
9736 
9738 
9738 
9737 
9739 
9739 
9738 
9740 
9740 
9739 
9741 
9741 
9740 
9742 
9742 
9741 
9743 
9743 
9742 
9744 
9744 
9743 
9745 
9745 
9744 
9746 
9746 
9745 
9747 
9747 
9746 
9748 
9748 
9747 
9749 
9749 
9748 
9750 
9750 
9749 
9751 
9751 
9750 
9752 
9752 
9751 
9753 
9753 
9752 
9754 
9754 
9753 
9755 
9755 
9754 
9756 
9756 
9755 
9757 
9757 
9756 
9758 
9758 
9757 
9759 
9759 
9758 
9760 
9760 
9759 
9761 
9761 
9760 
9762 
9762 
9761 
9763 
9763 
9762 
9764 
9764 
9763 
9765 
9765 
9764 
9766 
9766 
9765 
9767 
9767 
9766 
9768 
9768 
9767 
9769 
9769 
9768 
9770 
9770 
9769 
9771 
9771 
9770 
9772 
9772 
9771 
9773 
9773 
9772 
9774 
9774 
9773 
9775 
9775 
9774 
9776 
9776 
9775 
9777 
9777 
9776 
9778 
9778 
9777 
9779 
9779 
9778 
9780 
9780 
9779 
9781 
9781 
9780 
9782 
9782 
9781 
9783 
9783 
9782 
9784 
9784 
9783 
9785 
9785 
9784 
9786 
9786 
9785 
9787 
9787 
9786 
9788 
9788 
9787 
9789 
9789 
9788 
9790 
9790 
9789 
9791 
9791 
9790 
9792 
9792 
9791 
9793 
9793 
9792 
9794 
9794 
9793 
9795 
9795 
9794 
9796 
9796 
9795 
9797 
9797 
9796 
9798 
9798 
9797 
9798 
9801 
9801 
9800 
9802 
9802 
9801 
9803 
9803 
9802 
9804 
9804 
9803 
9805 
9805 
9804 
9806 
9806 
9805 
9807 
9807 
9806 
9808 
9808 
9807 
9809 
9809 
9808 
9810 
9810 
9809 
9811 
9811 
9810 
9812 
9812 
9811 
9813 
9813 
9812 
9814 
9814 
9813 
9815 
9815 
9814 
9816 
9816 
9815 
9817 
9817 
9816 
9818 
9818 
9817 
9819 
9819 
9818 
9820 
9820 
9819 
9821 
9821 
9820 
9822 
9822 
9821 
9823 
9823 
9822 
9824 
9824 
9823 
9825 
9825 
9824 
9826 
9826 
9825 
9827 
9827 
9826 
9828 
9828 
9827 
9829 
9829 
9828 
9830 
9830 
9829 
9831 
9831 
9830 
9832 
9832 
9831 
9833 
9833 
9832 
9834 
9834 
9833 
9835 
9835 
9834 
9836 
9836 
9835 
9837 
9837 
9836 
9838 
9838 
9837 
9839 
9839 
9838 
9840 
9840 
9839 
9841 
9841 
9840 
9842 
9842 
9841 
9843 
9843 
9842 
9844 
9844 
9843 
9845 
9845 
9844 
9846 
9846 
9845 
9847 
9847 
9846 
9848 
9848 
9847 
9849 
9849 
9848 
9850 
9850 
9849 
9851 
9851 
9850 
9852 
9852 
9851 
9853 
9853 
9852 
9854 
9854 
9853 
9855 
9855 
9854 
9856 
9856 
9855 
9857 
9857 
9856 
9858 
9858 
9857 
9859 
9859 
9858 
9860 
9860 
9859 
9861 
9861 
9860 
9862 
9862 
9861 
9863 
9863 
9862 
9864 
9864 
9863 
9865 
9865 
9864 
9866 
9866 
9865 
9867 
9867 
9866 
9868 
9868 
9867 
9869 
9869 
9868 
9870 
9870 
9869 
9871 
9871 
9870 
9872 
9872 
9871 
9873 
9873 
9872 
9874 
9874 
9873 
9875 
9875 
9874 
9876 
9876 
9875 
9877 
9877 
9876 
9878 
9878 
9877 
9878 
9881 
9881 
9880 
9882 
9882 
9881 
9883 
9883 
9882 
9884 
9884 
9883 
9885 
9885 
9884 
9886 
9886 
9885 
9887 
9887 
9886 
9888 
9888 
9887 
9889 
9889 
9888 
9890 
9890 
9889 
9891 
9891 
9890 
9892 
9892 
9891 
9893 
9893 
9892 
9894 
9894 
9893 
9895 
9895 
9894 
9896 
9896 
9895 
9897 
9897 
9896 
9898 
9898 
9897 
9899 
9899 
9898 
9900 
9900 
9899 
9901 
9901 
9900 
9902 
9902 
9901 
9903 
9903 
9902 
9904 
9904 
9903 
9905 
9905 
9904 
9906 
9906 
9905 
9907 
9907 
9906 
9908 
9908 
9907 
9909 
9909 
9908 
9910 
9910 
9909 
9911 
9911 
9910 
9912 
9912 
9911 
9913 
9913 
9912 
9914 
9914 
9913 
9915 
9915 
9914 
9916 
9916 
9915 
9917 
9917 
9916 
9918 
9918 
9917 
9919 
9919 
9918 
9920 
9920 
9919 
9921 
9921 
9920 
9922 
9922 
9921 
9923 
9923 
9922 
9924 
9924 
9923 
9925 
9925 
9924 
9926 
9926 
9925 
9927 
9927 
9926 
9928 
9928 
9927 
9929 
9929 
9928 
9930 
9930 
9929 
9931 
9931 
9930 
9932 
9932 
9931 
9933 
9933 
9932 
9934 
9934 
9933 
9935 
9935 
9934 
9936 
9936 
9935 
9937 
9937 
9936 
9938 
9938 
9937 
9939 
9939 
9938 
9940 
9940 
9939 
9941 
9941 
9940 
9942 
9942 
9941 
9943 
9943 
9942 
9944 
9944 
9943 
9945 
9945 
9944 
9946 
9946 
9945 
9947 
9947 
9946 
9948 
9948 
9947 
9949 
9949 
9948 
9950 
9950 
9949 
9951 
9951 
9950 
9952 
9952 
9951 
9953 
9953 
9952 
9954 
9954 
9953 
9955 
9955 
9954 
9956 
9956 
9955 
9957 
9957 
9956 
9958 
9958 
9957 
9958 
9961 
9961 
9960 
9962 
9962 
9961 
9963 
9963 
9962 
9964 
9964 
9963 
9965 
9965 
9964 
9966 
9966 
9965 
9967 
9967 
9966 
9968 
9968 
9967 
9969 
9969 
9968 
9970 
9970 
9969 
9971 
9971 
9970 
9972 
9972 
9971 
9973 
9973 
9972 
9974 
9974 
9973 
9975 
9975 
9974 
9976 
9976 
9975 
9977 
9977 
9976 
9978 
9978 
9977 
9979 
9979 
9978 
9980 
9980 
9979 
9981 
9981 
9980 
9982 
9982 
9981 
9983 
9983 
9982 
9984 
9984 
9983 
9985 
9985 
9984 
9986 
9986 
9985 
9987 
9987 
9986 
9988 
9988 
9987 
9989 
9989 
9988 
9990 
9990 
9989 
9991 
9991 
9990 
9992 
9992 
9991 
9993 
9993 
9992 
9994 
9994 
9993 
9995 
9995 
9994 
9996 
9996 
9995 
9997 
9997 
9996 
9998 
9998 
9997 
9999 
9999 
9998 
10000 
10000 
9999 
10001 
10001 
10000 
10002 
10002 
10001 
10003 
10003 
10002 
10004 
10004 
10003 
10005 
10005 
10004 
10006 
10006 
10005 
10007 
10007 
10006 
10008 
10008 
10007 
10009 
10009 
10008 
10010 
10010 
10009 
10011 
10011 
10010 
10012 
10012 
10011 
10013 
10013 
10012 
10014 
10014 
10013 
10015 
10015 
10014 
10016 
10016 
10015 
10017 
10017 
10016 
10018 
10018 
10017 
10019 
10019 
10018 
10020 
10020 
10019 
10021 
10021 
10020 
10022 
10022 
10021 
10023 
10023 
10022 
10024 
10024 
10023 
10025 
10025 
10024 
10026 
10026 
10025 
10027 
10027 
10026 
10028 
10028 
10027 
10029 
10029 
10028 
10030 
10030 
10029 
10031 
10031 
10030 
10032 
10032 
10031 
10033 
10033 
10032 
10034 
10034 
10033 
10035 
10035 
10034 
10036 
10036 
10035 
10037 
10037 
10036 
10038 
10038 
10037 
10038 
10041 
10041 
10040 
10042 
10042 
10041 
10043 
10043 
10042 
10044 
10044 
10043 
10045 
10045 
10044 
10046 
10046 
10045 
10047 
10047 
10046 
10048 
10048 
10047 
10049 
10049 
10048 
10050 
10050 
10049 
10051 
10051 
10050 
10052 
10052 
10051 
10053 
10053 
10052 
10054 
10054 
10053 
10055 
10055 
10054 
10056 
10056 
10055 
10057 
10057 
10056 
10058 
10058 
10057 
10059 
10059 
10058 
10060 
10060 
10059 
10061 
10061 
10060 
10062 
10062 
10061 
10063 
10063 
10062 
10064 
10064 
10063 
10065 
10065 
10064 
10066 
10066 
10065 
10067 
10067 
10066 
10068 
10068 
10067 
10069 
10069 
10068 
10070 
10070 
10069 
10071 
10071 
10070 
10072 
10072 
10071 
10073 
10073 
10072 
10074 
10074 
10073 
10075 
10075 
10074 
10076 
10076 
10075 
10077 
10077 
10076 
10078 
10078 
10077 
10079 
10079 
10078 
10080 
10080 
10079 
10081 
10081 
10080 
10082 
10082 
10081 
10083 
10083 
10082 
10084 
10084 
10083 
10085 
10085 
10084 
10086 
10086 
10085 
10087 
10087 
10086 
10088 
10088 
10087 
10089 
10089 
10088 
10090 
10090 
10089 
10091 
10091 
10090 
10092 
10092 
10091 
10093 
10093 
10092 
10094 
10094 
10093 
10095 
10095 
10094 
10096 
10096 
10095 
10097 
10097 
10096 
10098 
10098 
10097 
10099 
10099 
10098 
10100 
10100 
10099 
10101 
10101 
10100 
10102 
10102 
10101 
10103 
10103 
10102 
10104 
10104 
10103 
10105 
10105 
10104 
10106 
10106 
10105 
10107 
10107 
10106 
10108 
10108 
10107 
10109 
10109 
10108 
10110 
10110 
10109 
10111 
10111 
10110 
10112 
10112 
10111 
10113 
10113 
10112 
10114 
10114 
10113 
10115 
10115 
10114 
10116 
10116 
10115 
10117 
10117 
10116 
10118 
10118 
10117 
10118 
10121 
10121 
10120 
10122 
10122 
10121 
10123 
10123 
10122 
10124 
10124 
10123 
10125 
10125 
10124 
10126 
10126 
10125 
10127 
10127 
10126 
10128 
10128 
10127 
10129 
10129 
10128 
10130 
10130 
10129 
10131 
10131 
10130 
10132 
10132 
10131 
10133 
10133 
10132 
10134 
10134 
10133 
10135 
10135 
10134 
10136 
10136 
10135 
10137 
10137 
10136 
10138 
10138 
10137 
10139 
10139 
10138 
10140 
10140 
10139 
10141 
10141 
10140 
10142 
10142 
10141 
10143 
10143 
10142 
10144 
10144 
10143 
10145 
10145 
10144 
10146 
10146 
10145 
10147 
10147 
10146 
10148 
10148 
10147 
10149 
10149 
10148 
10150 
10150 
10149 
10151 
10151 
10150 
10152 
10152 
10151 
10153 
10153 
10152 
10154 
10154 
10153 
10155 
10155 
10154 
10156 
10156 
10155 
10157 
10157 
10156 
10158 
10158 
10157 
10159 
10159 
10158 
10160 
10160 
10159 
10161 
10161 
10160 
10162 
10162 
10161 
10163 
10163 
10162 
10164 
10164 
10163 
10165 
10165 
10164 
10166 
10166 
10165 
10167 
10167 
10166 
10168 
10168 
10167 
10169 
10169 
10168 
10170 
10170 
10169 
10171 
10171 
10170 
10172 
10172 
10171 
10173 
10173 
10172 
10174 
10174 
10173 
10175 
10175 
10174 
10176 
10176 
10175 
10177 
10177 
10176 
10178 
10178 
10177 
10179 
10179 
10178 
10180 
10180 
10179 
10181 
10181 
10180 
10182 
10182 
10181 
10183 
10183 
10182 
10184 
10184 
10183 
10185 
10185 
10184 
10186 
10186 
10185 
10187 
10187 
10186 
10188 
10188 
10187 
10189 
10189 
10188 
10190 
10190 
10189 
10191 
10191 
10190 
10192 
10192 
10191 
10193 
10193 
10192 
10194 
10194 
10193 
10195 
10195 
10194 
10196 
10196 
10195 
10197 
10197 
10196 
10198 
10198 
10197 
10198 
10201 
10201 
10200 
10202 
10202 
10201 
10203 
10203 
10202 
10204 
10204 
10203 
10205 
10205 
10204 
10206 
10206 
10205 
10207 
10207 
10206 
10208 
10208 
10207 
10209 
10209 
10208 
10210 
10210 
10209 
10211 
10211 
10210 
10212 
10212 
10211 
10213 
10213 
10212 
10214 
10214 
10213 
10215 
10215 
10214 
10216 
10216 
10215 
10217 
10217 
10216 
10218 
10218 
10217 
10219 
10219 
10218 
10220 
10220 
10219 
10221 
10221 
10220 
10222 
10222 
10221 
10223 
10223 
10222 
10224 
10224 
10223 
10225 
10225 
10224 
10226 
10226 
10225 
10227 
10227 
10226 
10228 
10228 
10227 
10229 
10229 
10228 
10230 
10230 
10229 
10231 
10231 
10230 
10232 
10232 
10231 
10233 
10233 
10232 
10234 
10234 
10233 
10235 
10235 
10234 
10236 
10236 
10235 
10237 
10237 
10236 
10238 
10238 
10237 
10239 
10239 
10238 
10240 
10240 
10239 
10241 
10241 
10240 
10242 
10242 
10241 
10243 
10243 
10242 
10244 
10244 
10243 
10245 
10245 
10244 
10246 
10246 
10245 
10247 
10247 
10246 
10248 
10248 
10247 
10249 
10249 
10248 
10250 
10250 
10249 
10251 
10251 
10250 
10252 
10252 
10251 
10253 
10253 
10252 
10254 
10254 
10253 
10255 
10255 
10254 
10256 
10256 
10255 
10257 
10257 
10256 
10258 
10258 
10257 
10259 
10259 
10258 
10260 
10260 
10259 
10261 
10261 
10260 
10262 
10262 
10261 
10263 
10263 
10262 
10264 
10264 
10263 
10265 
10265 
10264 
10266 
10266 
10265 
10267 
10267 
10266 
10268 
10268 
10267 
10269 
10269 
10268 
10270 
10270 
10269 
10271 
10271 
10270 
10272 
10272 
10271 
10273 
10273 
10272 
10274 
10274 
10273 
10275 
10275 
10274 
10276 
10276 
10275 
10277 
10277 
10276 
10278 
10278 
10277 
10278 
10281 
10281 
10280 
10282 
10282 
10281 
10283 
10283 
10282 
10284 
10284 
10283 
10285 
10285 
10284 
10286 
10286 
10285 
10287 
10287 
10286 
10288 
10288 
10287 
10289 
10289 
10288 
10290 
10290 
10289 
10291 
10291 
10290 
10292 
10292 
10291 
10293 
10293 
10292 
10294 
10294 
10293 
10295 
10295 
10294 
10296 
10296 
10295 
10297 
10297 
10296 
10298 
10298 
10297 
10299 
10299 
10298 
10300 
10300 
10299 
10301 
10301 
10300 
10302 
10302 
10301 
10303 
10303 
10302 
10304 
10304 
10303 
10305 
10305 
10304 
10306 
10306 
10305 
10307 
10307 
10306 
10308 
10308 
10307 
10309 
10309 
10308 
10310 
10310 
10309 
10311 
10311 
10310 
10312 
10312 
10311 
10313 
10313 
10312 
10314 
10314 
10313 
10315 
10315 
10314 
10316 
10316 
10315 
10317 
10317 
10316 
10318 
10318 
10317 
10319 
10319 
10318 
10320 
10320 
10319 
10321 
10321 
10320 
10322 
10322 
10321 
10323 
10323 
10322 
10324 
10324 
10323 
10325 
10325 
10324 
10326 
10326 
10325 
10327 
10327 
10326 
10328 
10328 
10327 
10329 
10329 
10328 
10330 
10330 
10329 
10331 
10331 
10330 
10332 
10332 
10331 
10333 
10333 
10332 
10334 
10334 
10333 
10335 
10335 
10334 
10336 
10336 
10335 
10337 
10337 
10336 
10338 
10338 
10337 
10339 
10339 
10338 
10340 
10340 
10339 
10341 
10341 
10340 
10342 
10342 
10341 
10343 
10343 
10342 
10344 
10344 
10343 
10345 
10345 
10344 
10346 
10346 
10345 
10347 
10347 
10346 
10348 
10348 
10347 
10349 
10349 
10348 
10350 
10350 
10349 
10351 
10351 
10350 
10352 
10352 
10351 
10353 
10353 
10352 
10354 
10354 
10353 
10355 
10355 
10354 
10356 
10356 
10355 
10357 
10357 
10356 
10358 
10358 
10357 
10358 
10361 
10361 
10360 
10362 
10362 
10361 
10363 
10363 
10362 
10364 
10364 
10363 
10365 
10365 
10364 
10366 
10366 
10365 
10367 
10367 
10366 
10368 
10368 
10367 
10369 
10369 
10368 
10370 
10370 
10369 
10371 
10371 
10370 
10372 
10372 
10371 
10373 
10373 
10372 
10374 
10374 
10373 
10375 
10375 
10374 
10376 
10376 
10375 
10377 
10377 
10376 
10378 
10378 
10377 
10379 
10379 
10378 
10380 
10380 
10379 
10381 
10381 
10380 
10382 
10382 
10381 
10383 
10383 
10382 
10384 
10384 
10383 
10385 
10385 
10384 
10386 
10386 
10385 
10387 
10387 
10386 
10388 
10388 
10387 
10389 
10389 
10388 
10390 
10390 
10389 
10391 
10391 
10390 
10392 
10392 
10391 
10393 
10393 
10392 
10394 
10394 
10393 
10395 
10395 
10394 
10396 
10396 
10395 
10397 
10397 
10396 
10398 
10398 
10397 
10399 
10399 
10398 
10400 
10400 
10399 
10401 
10401 
10400 
10402 
10402 
10401 
10403 
10403 
10402 
10404 
10404 
10403 
10405 
10405 
10404 
10406 
10406 
10405 
10407 
10407 
10406 
10408 
10408 
10407 
10409 
10409 
10408 
10410 
10410 
10409 
10411 
10411 
10410 
10412 
10412 
10411 
10413 
10413 
10412 
10414 
10414 
10413 
10415 
10415 
10414 
10416 
10416 
10415 
10417 
10417 
10416 
10418 
10418 
10417 
10419 
10419 
10418 
10420 
10420 
10419 
10421 
10421 
10420 
10422 
10422 
10421 
10423 
10423 
10422 
10424 
10424 
10423 
10425 
10425 
10424 
10426 
10426 
10425 
10427 
10427 
10426 
10428 
10428 
10427 
10429 
10429 
10428 
10430 
10430 
10429 
10431 
10431 
10430 
10432 
10432 
10431 
10433 
10433 
10432 
10434 
10434 
10433 
10435 
10435 
10434 
10436 
10436 
10435 
10437 
10437 
10436 
10438 
10438 
10437 
10438 
10441 
10441 
10440 
10442 
10442 
10441 
10443 
10443 
10442 
10444 
10444 
10443 
10445 
10445 
10444 
10446 
10446 
10445 
10447 
10447 
10446 
10448 
10448 
10447 
10449 
10449 
10448 
10450 
10450 
10449 
10451 
10451 
10450 
10452 
10452 
10451 
10453 
10453 
10452 
10454 
10454 
10453 
10455 
10455 
10454 
10456 
10456 
10455 
10457 
10457 
10456 
10458 
10458 
10457 
10459 
10459 
10458 
10460 
10460 
10459 
10461 
10461 
10460 
10462 
10462 
10461 
10463 
10463 
10462 
10464 
10464 
10463 
10465 
10465 
10464 
10466 
10466 
10465 
10467 
10467 
10466 
10468 
10468 
10467 
10469 
10469 
10468 
10470 
10470 
10469 
10471 
10471 
10470 
10472 
10472 
10471 
10473 
10473 
10472 
10474 
10474 
10473 
10475 
10475 
10474 
10476 
10476 
10475 
10477 
10477 
10476 
10478 
10478 
10477 
10479 
10479 
10478 
10480 
10480 
10479 
10481 
10481 
10480 
10482 
10482 
10481 
10483 
10483 
10482 
10484 
10484 
10483 
10485 
10485 
10484 
10486 
10486 
10485 
10487 
10487 
10486 
10488 
10488 
10487 
10489 
10489 
10488 
10490 
10490 
10489 
10491 
10491 
10490 
10492 
10492 
10491 
10493 
10493 
10492 
10494 
10494 
10493 
10495 
10495 
10494 
10496 
10496 
10495 
10497 
10497 
10496 
10498 
10498 
10497 
10499 
10499 
10498 
10500 
10500 
10499 
10501 
10501 
10500 
10502 
10502 
10501 
10503 
10503 
10502 
10504 
10504 
10503 
10505 
10505 
10504 
10506 
10506 
10505 
10507 
10507 
10506 
10508 
10508 
10507 
10509 
10509 
10508 
10510 
10510 
10509 
10511 
10511 
10510 
10512 
10512 
10511 
10513 
10513 
10512 
10514 
10514 
10513 
10515 
10515 
10514 
10516 
10516 
10515 
10517 
10517 
10516 
10518 
10518 
10517 
10518 
10521 
10522 
10523 
10524 
10525 
10526 
10527 
10528 
10529 
10530 
10531 
10532 
10533 
10534 
10535 
10536 
10537 
10538 
10539 
10540 
10541 
10542 
10543 
10544 
10545 
10546 
10547 
10548 
10549 
10550 
10551 
10552 
10553 
10554 
10555 
10556 
10557 
10558 
10559 
10560 
10561 
10562 
10563 
10564 
10565 
10566 
10567 
10568 
10569 
10570 
10571 
10572 
10573 
10574 
10575 
10576 
10577 
10578 
10579 
10580 
10581 
10582 
10583 
10584 
10585 
10586 
10587 
10588 
10589 
10590 
10591 
10592 
10593 
10594 
10595 
10596 
10597 
10598 
