274 3 7 177 -22 
275 7 8 273 -22 
276 9 10 274 -22 
277 11 12 275 -22 
278 13 14 276 -22 
279 15 16 277 -22 
280 17 18 278 -22 
281 19 20 279 -22 
282 21 22 280 -22 
283 23 24 281 -22 
284 25 1 185 -22 
285 4 155 184 -22 
286 155 156 282 -22 
287 157 158 283 -22 
288 159 160 284 -22 
289 161 162 285 -22 
290 163 164 286 -22 
291 165 166 287 -22 
292 167 168 288 -22 
293 169 170 289 -22 
294 171 172 290 -22 
295 173 174 291 -22 
296 175 176 292 -22 
297 2 178 212 -22 
298 178 179 293 -22 
299 180 181 294 -22 
300 182 183 295 -22 
301 184 155 282 -22 
302 185 186 296 -22 
303 187 188 297 -22 
304 189 190 298 -22 
305 191 192 299 -22 
306 193 194 300 -22 
307 195 196 301 -22 
308 197 198 302 -22 
309 199 200 303 -22 
310 201 202 304 -22 
311 203 204 305 -22 
312 205 206 306 -22 
313 207 208 307 -22 
314 209 210 308 -22 
315 211 212 309 -22 
316 177 7 273 -22 
317 25 185 296 -22 
318 273 8 310 -22 
319 8 9 310 -22 
320 9 274 310 -22 
321 10 11 311 -22 
322 12 13 312 -22 
323 14 15 313 -22 
324 16 17 314 -22 
325 18 19 315 -22 
326 20 21 316 -22 
327 22 23 317 -22 
328 10 311 274 -22 
329 24 25 296 -22 
330 283 158 318 -22 
331 158 159 318 -22 
332 282 156 319 -22 
333 156 157 319 -22 
334 157 283 319 -22 
335 159 284 318 -22 
336 160 161 320 -22 
337 162 163 321 -22 
338 164 165 322 -22 
339 166 167 323 -22 
340 168 169 324 -22 
341 170 171 325 -22 
342 172 173 326 -22 
343 174 175 327 -22 
344 212 178 293 -22 
345 176 177 328 -22 
346 179 180 329 -22 
347 181 182 330 -22 
348 183 184 331 -22 
349 186 187 332 -22 
350 188 189 333 -22 
351 190 191 334 -22 
352 192 193 335 -22 
353 194 195 336 -22 
354 196 197 337 -22 
355 198 199 338 -22 
356 200 201 339 -22 
357 202 203 340 -22 
358 204 205 341 -22 
359 206 207 342 -22 
360 208 209 343 -22 
361 210 211 344 -22 
362 177 273 328 -22 
363 176 328 292 -22 
364 313 15 277 -22 
365 24 296 281 -22 
366 275 12 312 -22 
367 276 14 313 -22 
368 277 16 314 -22 
369 278 18 315 -22 
370 279 20 316 -22 
371 280 22 317 -22 
372 284 160 320 -22 
373 285 162 321 -22 
374 286 164 322 -22 
375 287 166 323 -22 
376 288 168 324 -22 
377 289 170 325 -22 
378 290 172 326 -22 
379 291 174 327 -22 
380 294 181 330 -22 
381 295 183 331 -22 
382 297 188 333 -22 
383 298 190 334 -22 
384 299 192 335 -22 
385 300 194 336 -22 
386 301 196 337 -22 
387 302 198 338 -22 
388 303 200 339 -22 
389 304 202 340 -22 
390 305 204 341 -22 
391 306 206 342 -22 
392 307 208 343 -22 
393 308 210 344 -22 
394 314 17 278 -22 
395 315 19 279 -22 
396 316 21 280 -22 
397 317 23 281 -22 
398 324 169 289 -22 
399 325 171 290 -22 
400 326 173 291 -22 
401 327 175 292 -22 
402 329 180 294 -22 
403 330 182 295 -22 
404 332 187 297 -22 
405 333 189 298 -22 
406 334 191 299 -22 
407 335 193 300 -22 
408 336 195 301 -22 
409 337 197 302 -22 
410 338 199 303 -22 
411 339 201 304 -22 
412 340 203 305 -22 
413 341 205 306 -22 
414 342 207 307 -22 
415 343 209 308 -22 
416 344 211 309 -22 
417 312 13 276 -22 
418 311 11 275 -22 
419 323 167 288 -22 
420 322 165 287 -22 
421 321 163 286 -22 
422 320 161 285 -22 
423 179 329 293 -22 
424 186 332 296 -22 
425 310 274 345 -22 
426 323 288 346 -22 
427 276 313 347 -22 
428 311 275 348 -22 
429 277 314 349 -22 
430 281 296 350 -22 
431 296 332 350 -22 
432 278 315 351 -22 
433 279 316 352 -22 
434 317 281 350 -22 
435 284 320 353 -22 
436 324 289 354 -22 
437 274 311 355 -22 
438 345 274 355 -22 
439 311 348 355 -22 
440 285 321 356 -22 
441 318 284 357 -22 
442 284 353 357 -22 
443 319 283 358 -22 
444 282 319 359 -22 
445 319 358 359 -22 
446 293 329 360 -22 
447 286 322 361 -22 
448 320 285 362 -22 
449 285 356 362 -22 
450 287 323 363 -22 
451 323 346 363 -22 
452 321 286 364 -22 
453 356 321 364 -22 
454 286 361 364 -22 
455 288 324 365 -22 
456 346 288 365 -22 
457 324 354 365 -22 
458 322 287 366 -22 
459 361 322 366 -22 
460 287 363 366 -22 
461 325 290 367 -22 
462 326 291 368 -22 
463 327 292 369 -22 
464 294 330 370 -22 
465 329 294 371 -22 
466 294 370 371 -22 
467 212 293 309 -22 
468 292 328 372 -22 
469 369 292 372 -22 
470 328 273 372 -22 
471 283 318 373 -22 
472 318 357 373 -22 
473 297 333 374 -22 
474 184 282 331 -22 
475 273 310 372 -22 
476 333 298 375 -22 
477 334 299 376 -22 
478 335 300 377 -22 
479 336 301 378 -22 
480 337 302 379 -22 
481 338 303 380 -22 
482 339 304 381 -22 
483 340 305 382 -22 
484 341 306 383 -22 
485 342 307 384 -22 
486 343 308 385 -22 
487 314 278 386 -22 
488 349 314 386 -22 
489 278 351 386 -22 
490 312 276 387 -22 
491 276 347 387 -22 
492 275 312 388 -22 
493 348 275 388 -22 
494 312 387 388 -22 
495 313 277 389 -22 
496 347 313 389 -22 
497 277 349 389 -22 
498 309 293 360 -22 
499 331 282 359 -22 
500 352 316 390 -22 
501 316 280 390 -22 
502 309 360 344 -22 
503 331 359 295 -22 
504 351 315 391 -22 
505 315 279 391 -22 
506 279 352 391 -22 
507 344 360 392 -22 
508 280 317 393 -22 
509 353 320 362 -22 
510 358 283 373 -22 
511 360 329 371 -22 
512 370 330 394 -22 
513 330 295 394 -22 
514 289 325 395 -22 
515 290 326 396 -22 
516 291 327 397 -22 
517 378 301 398 -22 
518 301 337 398 -22 
519 333 375 374 -22 
520 289 395 354 -22 
521 332 297 399 -22 
522 390 280 393 -22 
523 310 345 372 -22 
524 298 334 400 -22 
525 335 377 401 -22 
526 299 335 401 -22 
527 300 336 402 -22 
528 337 379 398 -22 
529 302 338 403 -22 
530 303 339 404 -22 
531 304 340 405 -22 
532 305 341 406 -22 
533 306 342 407 -22 
534 307 343 408 -22 
535 308 344 392 -22 
536 295 359 394 -22 
537 298 400 375 -22 
538 385 308 392 -22 
539 384 307 408 -22 
540 383 306 407 -22 
541 382 305 406 -22 
542 381 304 405 -22 
543 380 303 404 -22 
544 379 302 403 -22 
545 367 290 396 -22 
546 332 399 350 -22 
547 406 341 383 -22 
548 393 317 350 -22 
549 397 327 369 -22 
550 396 326 368 -22 
551 408 343 385 -22 
552 395 325 367 -22 
553 291 397 368 -22 
554 407 342 384 -22 
555 405 340 382 -22 
556 404 339 381 -22 
557 399 297 374 -22 
558 400 334 376 -22 
559 300 402 377 -22 
560 299 401 376 -22 
561 402 336 378 -22 
562 403 338 380 -22 
563 368 397 409 -22 
564 367 396 410 -22 
565 394 359 411 -22 
566 359 358 411 -22 
567 392 360 412 -22 
568 360 371 412 -22 
569 391 352 413 -22 
570 353 362 414 -22 
571 357 353 415 -22 
572 353 414 415 -22 
573 406 383 416 -22 
574 400 376 417 -22 
575 387 347 418 -22 
576 375 400 419 -22 
577 363 346 420 -22 
578 373 357 421 -22 
579 357 415 421 -22 
580 407 384 422 -22 
581 350 399 393 -22 
582 408 385 423 -22 
583 396 368 424 -22 
584 368 409 424 -22 
585 378 398 425 -22 
586 370 394 411 -22 
587 354 395 426 -22 
588 351 391 427 -22 
589 391 413 427 -22 
590 390 393 399 -22 
591 401 377 428 -22 
592 402 378 429 -22 
593 378 425 429 -22 
594 385 392 430 -22 
595 423 385 430 -22 
596 392 412 430 -22 
597 377 402 431 -22 
598 428 377 431 -22 
599 402 429 431 -22 
600 403 380 432 -22 
601 374 375 413 -22 
602 379 403 433 -22 
603 403 432 433 -22 
604 374 447 399 -22 
605 404 381 434 -22 
606 382 406 435 -22 
607 406 416 435 -22 
608 405 382 436 -22 
609 382 435 436 -22 
610 383 407 437 -22 
611 407 422 437 -22 
612 395 367 438 -22 
613 426 395 438 -22 
614 367 410 438 -22 
615 384 408 439 -22 
616 408 423 439 -22 
617 369 372 440 -22 
618 372 345 440 -22 
619 371 370 441 -22 
620 412 371 441 -22 
621 370 411 441 -22 
622 356 364 442 -22 
623 348 388 443 -22 
624 384 439 422 -22 
625 397 369 444 -22 
626 361 366 445 -22 
627 416 383 437 -22 
628 400 417 419 -22 
629 419 427 375 -22 
630 389 349 446 -22 
631 352 390 447 -22 
632 358 373 448 -22 
633 373 421 448 -22 
634 364 361 449 -22 
635 442 364 449 -22 
636 361 445 449 -22 
637 397 444 409 -22 
638 401 428 450 -22 
639 396 424 410 -22 
640 420 346 451 -22 
641 346 365 451 -22 
642 418 347 452 -22 
643 347 389 452 -22 
644 376 401 453 -22 
645 366 363 454 -22 
646 445 366 454 -22 
647 363 420 454 -22 
648 376 453 417 -22 
649 432 380 455 -22 
650 380 404 455 -22 
651 365 354 456 -22 
652 354 426 456 -22 
653 414 362 457 -22 
654 362 356 457 -22 
655 411 358 448 -22 
656 398 379 458 -22 
657 401 450 453 -22 
658 379 433 458 -22 
659 434 381 459 -22 
660 381 405 459 -22 
661 369 440 444 -22 
662 440 345 460 -22 
663 345 355 460 -22 
664 388 387 461 -22 
665 443 388 461 -22 
666 387 418 461 -22 
667 404 434 455 -22 
668 386 351 462 -22 
669 351 427 462 -22 
670 355 348 463 -22 
671 460 355 463 -22 
672 348 443 463 -22 
673 398 458 425 -22 
674 457 356 442 -22 
675 459 405 436 -22 
676 425 458 464 -22 
677 422 439 465 -22 
678 414 457 466 -22 
679 409 444 467 -22 
680 416 437 468 -22 
681 455 434 469 -22 
682 446 349 470 -22 
683 471 489 453 -22 
684 448 421 472 -22 
685 424 409 473 -22 
686 409 467 473 -22 
687 450 428 474 -22 
688 410 424 475 -22 
689 424 473 475 -22 
690 459 436 476 -22 
691 432 455 477 -22 
692 455 469 477 -22 
693 429 425 478 -22 
694 425 464 478 -22 
695 390 399 447 -22 
696 433 432 479 -22 
697 432 477 479 -22 
698 415 414 480 -22 
699 414 466 480 -22 
700 389 446 452 -22 
701 434 459 481 -22 
702 459 476 481 -22 
703 453 450 471 -22 
704 435 416 482 -22 
705 416 468 482 -22 
706 444 440 483 -22 
707 467 444 483 -22 
708 440 460 483 -22 
709 436 435 484 -22 
710 435 482 484 -22 
711 437 422 485 -22 
712 422 465 485 -22 
713 349 386 470 -22 
714 411 448 472 -22 
715 470 386 462 -22 
716 452 446 471 -22 
717 436 484 476 -22 
718 450 474 443 -22 
719 454 420 486 -22 
720 413 352 447 -22 
721 426 438 487 -22 
722 442 449 488 -22 
723 446 470 489 -22 
724 474 428 490 -22 
725 428 431 490 -22 
726 443 461 450 -22 
727 431 429 491 -22 
728 490 431 491 -22 
729 429 478 491 -22 
730 451 365 456 -22 
731 421 415 492 -22 
732 457 442 493 -22 
733 415 480 492 -22 
734 434 481 469 -22 
735 439 423 494 -22 
736 458 433 495 -22 
737 445 454 496 -22 
738 454 486 496 -22 
739 456 426 497 -22 
740 426 487 497 -22 
741 465 439 494 -22 
742 472 421 492 -22 
743 464 458 495 -22 
744 437 485 468 -22 
745 493 442 488 -22 
746 438 410 498 -22 
747 410 475 498 -22 
748 411 472 441 -22 
749 486 420 499 -22 
750 420 451 499 -22 
751 457 493 466 -22 
752 495 433 479 -22 
753 471 446 489 -22 
754 476 484 496 -22 
755 443 474 463 -22 
756 487 438 498 -22 
757 447 374 413 -22 
758 412 441 500 -22 
759 451 456 501 -22 
760 456 497 501 -22 
761 476 496 486 -22 
762 465 494 480 -22 
763 495 479 487 -22 
764 413 375 427 -22 
765 470 462 419 -22 
766 418 452 471 -22 
767 449 445 502 -22 
768 441 472 500 -22 
769 465 480 466 -22 
770 469 481 499 -22 
771 492 480 494 -22 
772 494 423 503 -22 
773 468 485 493 -22 
774 427 419 462 -22 
775 412 500 430 -22 
776 502 445 496 -22 
777 470 419 489 -22 
778 496 484 502 -22 
779 463 474 460 -22 
780 476 486 481 -22 
781 487 479 497 -22 
782 494 503 492 -22 
783 495 487 498 -22 
784 493 485 466 -22 
785 503 423 430 -22 
786 468 493 488 -22 
787 477 469 501 -22 
788 481 486 499 -22 
789 449 502 488 -22 
790 478 464 475 -22 
791 479 477 497 -22 
792 460 474 483 -22 
793 473 467 491 -22 
794 465 466 485 -22 
795 482 468 488 -22 
796 464 495 498 -22 
797 484 482 502 -22 
798 482 488 502 -22 
799 475 473 478 -22 
800 478 473 491 -22 
801 475 464 498 -22 
802 467 483 490 -22 
803 451 501 499 -22 
804 474 490 483 -22 
805 417 453 489 -22 
806 501 469 499 -22 
807 497 477 501 -22 
808 491 467 490 -22 
809 419 417 489 -22 
810 418 471 461 -22 
811 500 472 492 -22 
812 503 430 500 -22 
813 471 450 461 -22 
814 492 503 500 -22 
815 26 27 504 -22 
816 27 28 505 -22 
817 29 30 506 -22 
818 31 32 507 -22 
819 33 34 508 -22 
820 35 36 509 -22 
821 37 38 510 -22 
822 39 40 511 -22 
823 41 42 512 -22 
824 43 44 513 -22 
825 45 46 514 -22 
826 47 48 515 -22 
827 49 50 516 -22 
828 51 52 517 -22 
829 53 54 518 -22 
830 55 56 519 -22 
831 57 58 520 -22 
832 59 60 521 -22 
833 61 62 522 -22 
834 63 64 523 -22 
835 65 66 524 -22 
836 67 68 525 -22 
837 69 70 526 -22 
838 71 72 527 -22 
839 73 74 528 -22 
840 75 76 529 -22 
841 77 78 530 -22 
842 79 80 531 -22 
843 81 82 532 -22 
844 83 84 533 -22 
845 85 86 534 -22 
846 87 88 535 -22 
847 89 90 536 -22 
848 91 92 537 -22 
849 93 94 538 -22 
850 95 96 539 -22 
851 97 98 540 -22 
852 99 100 541 -22 
853 101 102 542 -22 
854 103 104 543 -22 
855 105 106 544 -22 
856 107 108 545 -22 
857 109 110 546 -22 
858 111 112 547 -22 
859 113 114 548 -22 
860 115 116 549 -22 
861 117 118 550 -22 
862 119 120 551 -22 
863 121 122 552 -22 
864 123 124 553 -22 
865 125 126 554 -22 
866 127 128 555 -22 
867 129 130 556 -22 
868 131 132 557 -22 
869 133 134 558 -22 
870 135 136 559 -22 
871 137 138 560 -22 
872 139 140 561 -22 
873 141 142 562 -22 
874 143 144 563 -22 
875 145 146 564 -22 
876 147 148 565 -22 
877 149 150 566 -22 
878 151 152 567 -22 
879 153 154 568 -22 
880 154 5 248 -22 
881 568 154 248 -22 
882 1943 1949 1947 -22 
883 186 185 569 -22 
884 187 186 570 -22 
885 186 569 570 -22 
886 188 187 571 -22 
887 187 570 571 -22 
888 190 189 572 -22 
889 191 190 573 -22 
890 190 572 573 -22 
891 192 191 574 -22 
892 191 573 574 -22 
893 194 193 575 -22 
894 195 194 576 -22 
895 194 575 576 -22 
896 196 195 577 -22 
897 195 576 577 -22 
898 197 196 578 -22 
899 196 577 578 -22 
900 198 197 579 -22 
901 197 578 579 -22 
902 199 198 580 -22 
903 198 579 580 -22 
904 200 199 581 -22 
905 199 580 581 -22 
906 201 200 582 -22 
907 200 581 582 -22 
908 202 201 583 -22 
909 201 582 583 -22 
910 203 202 584 -22 
911 202 583 584 -22 
912 204 203 585 -22 
913 203 584 585 -22 
914 205 204 586 -22 
915 204 585 586 -22 
916 206 205 587 -22 
917 205 586 587 -22 
918 207 206 588 -22 
919 206 587 588 -22 
920 208 207 589 -22 
921 207 588 589 -22 
922 209 208 590 -22 
923 208 589 590 -22 
924 210 209 591 -22 
925 209 590 591 -22 
926 211 210 592 -22 
927 210 591 592 -22 
928 212 211 593 -22 
929 211 592 593 -22 
930 2 212 594 -22 
931 247 2 594 -22 
932 212 593 594 -22 
933 6 213 272 -22 
934 213 214 595 -22 
935 215 216 596 -22 
936 217 218 597 -22 
937 219 220 598 -22 
938 221 222 599 -22 
939 223 224 600 -22 
940 225 226 601 -22 
941 227 228 602 -22 
942 229 230 603 -22 
943 231 232 604 -22 
944 233 234 605 -22 
945 235 236 606 -22 
946 237 238 607 -22 
947 239 240 608 -22 
948 241 242 609 -22 
949 243 244 610 -22 
950 245 246 611 -22 
951 246 247 612 -22 
952 611 246 612 -22 
953 247 594 612 -22 
954 249 250 613 -22 
955 251 252 614 -22 
956 253 254 615 -22 
957 255 256 616 -22 
958 257 258 617 -22 
959 259 260 618 -22 
960 261 262 619 -22 
961 263 264 620 -22 
962 265 266 621 -22 
963 267 268 622 -22 
964 269 270 623 -22 
965 271 272 624 -22 
966 1 26 625 -22 
967 27 505 504 -22 
968 28 29 626 -22 
969 29 506 626 -22 
970 30 31 627 -22 
971 32 33 628 -22 
972 34 35 629 -22 
973 36 37 630 -22 
974 38 39 631 -22 
975 40 41 632 -22 
976 42 43 633 -22 
977 44 45 634 -22 
978 46 47 635 -22 
979 48 49 636 -22 
980 50 51 637 -22 
981 52 53 638 -22 
982 54 55 639 -22 
983 56 57 640 -22 
984 58 59 641 -22 
985 520 58 641 -22 
986 59 521 641 -22 
987 60 61 642 -22 
988 521 60 642 -22 
989 61 522 642 -22 
990 62 63 643 -22 
991 522 62 643 -22 
992 63 523 643 -22 
993 64 65 644 -22 
994 523 64 644 -22 
995 65 524 644 -22 
996 66 67 645 -22 
997 524 66 645 -22 
998 67 525 645 -22 
999 68 69 646 -22 
1000 525 68 646 -22 
1001 69 526 646 -22 
1002 70 71 647 -22 
1003 526 70 647 -22 
1004 71 527 647 -22 
1005 72 73 648 -22 
1006 74 75 649 -22 
1007 76 77 650 -22 
1008 78 79 651 -22 
1009 80 81 652 -22 
1010 82 83 653 -22 
1011 84 85 654 -22 
1012 86 87 655 -22 
1013 88 89 656 -22 
1014 90 91 657 -22 
1015 92 93 658 -22 
1016 94 95 659 -22 
1017 96 97 660 -22 
1018 98 99 661 -22 
1019 100 101 662 -22 
1020 102 103 663 -22 
1021 104 105 664 -22 
1022 106 107 665 -22 
1023 108 109 666 -22 
1024 110 111 667 -22 
1025 546 110 667 -22 
1026 111 547 667 -22 
1027 112 113 668 -22 
1028 547 112 668 -22 
1029 113 548 668 -22 
1030 114 115 669 -22 
1031 548 114 669 -22 
1032 115 549 669 -22 
1033 116 117 670 -22 
1034 549 116 670 -22 
1035 117 550 670 -22 
1036 118 119 671 -22 
1037 550 118 671 -22 
1038 119 551 671 -22 
1039 120 121 672 -22 
1040 551 120 672 -22 
1041 121 552 672 -22 
1042 122 123 673 -22 
1043 552 122 673 -22 
1044 123 553 673 -22 
1045 124 125 674 -22 
1046 126 127 675 -22 
1047 128 129 676 -22 
1048 130 131 677 -22 
1049 132 133 678 -22 
1050 134 135 679 -22 
1051 136 137 680 -22 
1052 138 139 681 -22 
1053 140 141 682 -22 
1054 142 143 683 -22 
1055 144 145 684 -22 
1056 146 147 685 -22 
1057 148 149 686 -22 
1058 150 151 687 -22 
1059 152 153 688 -22 
1060 185 1 625 -22 
1061 572 189 689 -22 
1062 189 188 689 -22 
1063 272 213 624 -22 
1064 575 193 690 -22 
1065 193 192 690 -22 
1066 249 613 691 -22 
1067 597 218 692 -22 
1068 218 219 692 -22 
1069 595 214 693 -22 
1070 214 215 693 -22 
1071 215 596 693 -22 
1072 216 217 694 -22 
1073 219 598 692 -22 
1074 220 221 695 -22 
1075 222 223 696 -22 
1076 224 225 697 -22 
1077 226 227 698 -22 
1078 228 229 699 -22 
1079 230 231 700 -22 
1080 232 233 701 -22 
1081 234 235 702 -22 
1082 236 237 703 -22 
1083 238 239 704 -22 
1084 240 241 705 -22 
1085 242 243 706 -22 
1086 244 245 707 -22 
1087 596 216 694 -22 
1088 248 249 691 -22 
1089 251 614 708 -22 
1090 250 251 708 -22 
1091 252 253 709 -22 
1092 254 255 710 -22 
1093 256 257 711 -22 
1094 258 259 712 -22 
1095 260 261 713 -22 
1096 262 263 714 -22 
1097 264 265 715 -22 
1098 266 267 716 -22 
1099 268 269 717 -22 
1100 270 271 718 -22 
1101 28 626 505 -22 
1102 506 30 627 -22 
1103 507 32 628 -22 
1104 508 34 629 -22 
1105 509 36 630 -22 
1106 510 38 631 -22 
1107 511 40 632 -22 
1108 512 42 633 -22 
1109 513 44 634 -22 
1110 514 46 635 -22 
1111 515 48 636 -22 
1112 516 50 637 -22 
1113 517 52 638 -22 
1114 518 54 639 -22 
1115 519 56 640 -22 
1116 648 73 528 -22 
1117 527 72 648 -22 
1118 528 74 649 -22 
1119 529 76 650 -22 
1120 530 78 651 -22 
1121 531 80 652 -22 
1122 532 82 653 -22 
1123 533 84 654 -22 
1124 534 86 655 -22 
1125 535 88 656 -22 
1126 536 90 657 -22 
1127 537 92 658 -22 
1128 538 94 659 -22 
1129 539 96 660 -22 
1130 540 98 661 -22 
1131 541 100 662 -22 
1132 542 102 663 -22 
1133 543 104 664 -22 
1134 544 106 665 -22 
1135 545 108 666 -22 
1136 674 125 554 -22 
1137 553 124 674 -22 
1138 554 126 675 -22 
1139 555 128 676 -22 
1140 556 130 677 -22 
1141 557 132 678 -22 
1142 558 134 679 -22 
1143 559 136 680 -22 
1144 560 138 681 -22 
1145 561 140 682 -22 
1146 562 142 683 -22 
1147 563 144 684 -22 
1148 564 146 685 -22 
1149 565 148 686 -22 
1150 566 150 687 -22 
1151 567 152 688 -22 
1152 598 220 695 -22 
1153 599 222 696 -22 
1154 600 224 697 -22 
1155 601 226 698 -22 
1156 602 228 699 -22 
1157 603 230 700 -22 
1158 604 232 701 -22 
1159 605 234 702 -22 
1160 606 236 703 -22 
1161 607 238 704 -22 
1162 608 240 705 -22 
1163 609 242 706 -22 
1164 610 244 707 -22 
1165 613 250 708 -22 
1166 615 254 710 -22 
1167 616 256 711 -22 
1168 617 258 712 -22 
1169 618 260 713 -22 
1170 619 262 714 -22 
1171 620 264 715 -22 
1172 621 266 716 -22 
1173 622 268 717 -22 
1174 623 270 718 -22 
1175 26 504 625 -22 
1176 719 625 504 -22 
1177 628 33 508 -22 
1178 629 35 509 -22 
1179 630 37 510 -22 
1180 631 39 511 -22 
1181 632 41 512 -22 
1182 633 43 513 -22 
1183 634 45 514 -22 
1184 635 47 515 -22 
1185 636 49 516 -22 
1186 637 51 517 -22 
1187 638 53 518 -22 
1188 639 55 519 -22 
1189 640 57 520 -22 
1190 656 89 536 -22 
1191 657 91 537 -22 
1192 658 93 538 -22 
1193 659 95 539 -22 
1194 660 97 540 -22 
1195 661 99 541 -22 
1196 662 101 542 -22 
1197 663 103 543 -22 
1198 664 105 544 -22 
1199 665 107 545 -22 
1200 666 109 546 -22 
1201 682 141 562 -22 
1202 683 143 563 -22 
1203 684 145 564 -22 
1204 685 147 565 -22 
1205 686 149 566 -22 
1206 687 151 567 -22 
1207 688 153 568 -22 
1208 697 225 601 -22 
1209 698 227 602 -22 
1210 699 229 603 -22 
1211 700 231 604 -22 
1212 701 233 605 -22 
1213 702 235 606 -22 
1214 703 237 607 -22 
1215 704 239 608 -22 
1216 705 241 609 -22 
1217 706 243 610 -22 
1218 707 245 611 -22 
1219 711 257 617 -22 
1220 712 259 618 -22 
1221 713 261 619 -22 
1222 714 263 620 -22 
1223 715 265 621 -22 
1224 716 267 622 -22 
1225 717 269 623 -22 
1226 718 271 624 -22 
1227 627 31 507 -22 
1228 655 87 535 -22 
1229 654 85 534 -22 
1230 653 83 533 -22 
1231 652 81 532 -22 
1232 651 79 531 -22 
1233 650 77 530 -22 
1234 649 75 529 -22 
1235 681 139 561 -22 
1236 680 137 560 -22 
1237 679 135 559 -22 
1238 678 133 558 -22 
1239 677 131 557 -22 
1240 676 129 556 -22 
1241 675 127 555 -22 
1242 252 709 614 -22 
1243 696 223 600 -22 
1244 694 217 597 -22 
1245 695 221 599 -22 
1246 710 255 616 -22 
1247 709 253 615 -22 
1248 504 505 720 -22 
1249 626 506 721 -22 
1250 507 628 722 -22 
1251 655 535 723 -22 
1252 508 629 724 -22 
1253 509 630 725 -22 
1254 510 631 726 -22 
1255 511 632 727 -22 
1256 512 633 728 -22 
1257 513 634 729 -22 
1258 514 635 730 -22 
1259 515 636 731 -22 
1260 516 637 732 -22 
1261 517 638 733 -22 
1262 518 639 734 -22 
1263 519 640 735 -22 
1264 648 528 736 -22 
1265 656 536 737 -22 
1266 527 648 738 -22 
1267 648 736 738 -22 
1268 529 650 739 -22 
1269 681 561 740 -22 
1270 530 651 741 -22 
1271 649 529 742 -22 
1272 529 739 742 -22 
1273 531 652 743 -22 
1274 650 530 744 -22 
1275 739 650 744 -22 
1276 530 741 744 -22 
1277 532 653 745 -22 
1278 651 531 746 -22 
1279 741 651 746 -22 
1280 531 743 746 -22 
1281 533 654 747 -22 
1282 652 532 748 -22 
1283 743 652 748 -22 
1284 532 745 748 -22 
1285 534 655 749 -22 
1286 655 723 749 -22 
1287 653 533 750 -22 
1288 745 653 750 -22 
1289 533 747 750 -22 
1290 535 656 751 -22 
1291 723 535 751 -22 
1292 656 737 751 -22 
1293 654 534 752 -22 
1294 747 654 752 -22 
1295 534 749 752 -22 
1296 657 537 753 -22 
1297 658 538 754 -22 
1298 659 539 755 -22 
1299 660 540 756 -22 
1300 661 541 757 -22 
1301 662 542 758 -22 
1302 663 543 759 -22 
1303 664 544 760 -22 
1304 665 545 761 -22 
1305 666 546 762 -22 
1306 674 554 763 -22 
1307 682 562 764 -22 
1308 553 674 765 -22 
1309 674 763 765 -22 
1310 555 676 766 -22 
1311 614 709 767 -22 
1312 556 677 768 -22 
1313 675 555 769 -22 
1314 555 766 769 -22 
1315 557 678 770 -22 
1316 676 556 771 -22 
1317 766 676 771 -22 
1318 556 768 771 -22 
1319 558 679 772 -22 
1320 677 557 773 -22 
1321 768 677 773 -22 
1322 557 770 773 -22 
1323 559 680 774 -22 
1324 678 558 775 -22 
1325 770 678 775 -22 
1326 558 772 775 -22 
1327 560 681 776 -22 
1328 681 740 776 -22 
1329 679 559 777 -22 
1330 772 679 777 -22 
1331 559 774 777 -22 
1332 561 682 778 -22 
1333 740 561 778 -22 
1334 682 764 778 -22 
1335 680 560 779 -22 
1336 774 680 779 -22 
1337 560 776 779 -22 
1338 683 563 780 -22 
1339 684 564 781 -22 
1340 685 565 782 -22 
1341 686 566 783 -22 
1342 687 567 784 -22 
1343 598 695 785 -22 
1344 697 601 786 -22 
1345 185 625 569 -22 
1346 571 570 787 -22 
1347 599 696 788 -22 
1348 624 213 595 -22 
1349 574 573 789 -22 
1350 691 613 790 -22 
1351 597 692 791 -22 
1352 577 576 792 -22 
1353 578 577 793 -22 
1354 577 792 793 -22 
1355 579 578 794 -22 
1356 578 793 794 -22 
1357 580 579 795 -22 
1358 579 794 795 -22 
1359 581 580 796 -22 
1360 580 795 796 -22 
1361 582 581 797 -22 
1362 581 796 797 -22 
1363 583 582 798 -22 
1364 582 797 798 -22 
1365 584 583 799 -22 
1366 583 798 799 -22 
1367 585 584 800 -22 
1368 584 799 800 -22 
1369 586 585 801 -22 
1370 585 800 801 -22 
1371 587 586 802 -22 
1372 586 801 802 -22 
1373 588 587 803 -22 
1374 587 802 803 -22 
1375 589 588 804 -22 
1376 588 803 804 -22 
1377 590 589 805 -22 
1378 589 804 805 -22 
1379 591 590 806 -22 
1380 590 805 806 -22 
1381 592 591 807 -22 
1382 591 806 807 -22 
1383 593 592 808 -22 
1384 592 807 808 -22 
1385 594 593 612 -22 
1386 693 596 809 -22 
1387 695 599 810 -22 
1388 599 788 810 -22 
1389 692 598 811 -22 
1390 598 785 811 -22 
1391 595 693 812 -22 
1392 693 809 812 -22 
1393 710 616 813 -22 
1394 600 697 814 -22 
1395 697 786 814 -22 
1396 694 597 815 -22 
1397 597 791 815 -22 
1398 698 602 816 -22 
1399 699 603 817 -22 
1400 700 604 818 -22 
1401 701 605 819 -22 
1402 702 606 820 -22 
1403 703 607 821 -22 
1404 704 608 822 -22 
1405 705 609 823 -22 
1406 706 610 824 -22 
1407 707 611 825 -22 
1408 711 617 826 -22 
1409 596 694 827 -22 
1410 694 815 827 -22 
1411 696 600 828 -22 
1412 600 814 828 -22 
1413 708 614 829 -22 
1414 615 710 830 -22 
1415 710 813 830 -22 
1416 616 711 831 -22 
1417 711 826 831 -22 
1418 709 615 832 -22 
1419 767 709 832 -22 
1420 615 830 832 -22 
1421 712 618 833 -22 
1422 713 619 834 -22 
1423 714 620 835 -22 
1424 715 621 836 -22 
1425 716 622 837 -22 
1426 717 623 838 -22 
1427 627 507 839 -22 
1428 507 722 839 -22 
1429 505 626 840 -22 
1430 626 721 840 -22 
1431 572 689 841 -22 
1432 628 508 842 -22 
1433 722 628 842 -22 
1434 508 724 842 -22 
1435 506 627 843 -22 
1436 721 506 843 -22 
1437 627 839 843 -22 
1438 573 572 844 -22 
1439 789 573 844 -22 
1440 572 841 844 -22 
1441 575 690 845 -22 
1442 624 595 812 -22 
1443 505 840 720 -22 
1444 629 509 846 -22 
1445 630 510 847 -22 
1446 631 511 848 -22 
1447 632 512 849 -22 
1448 633 513 850 -22 
1449 634 514 851 -22 
1450 635 515 852 -22 
1451 515 731 852 -22 
1452 636 516 853 -22 
1453 516 732 853 -22 
1454 637 517 854 -22 
1455 517 733 854 -22 
1456 638 518 855 -22 
1457 518 734 855 -22 
1458 639 519 856 -22 
1459 519 735 856 -22 
1460 640 520 857 -22 
1461 521 642 858 -22 
1462 522 643 859 -22 
1463 523 644 860 -22 
1464 524 645 861 -22 
1465 525 646 862 -22 
1466 735 640 857 -22 
1467 526 647 863 -22 
1468 734 639 856 -22 
1469 528 649 864 -22 
1470 736 528 864 -22 
1471 649 742 864 -22 
1472 733 638 855 -22 
1473 757 541 865 -22 
1474 541 662 865 -22 
1475 756 540 866 -22 
1476 540 661 866 -22 
1477 536 657 867 -22 
1478 737 536 867 -22 
1479 657 753 867 -22 
1480 537 658 868 -22 
1481 753 537 868 -22 
1482 658 754 868 -22 
1483 538 659 869 -22 
1484 754 538 869 -22 
1485 659 755 869 -22 
1486 539 660 870 -22 
1487 755 539 870 -22 
1488 660 756 870 -22 
1489 661 757 866 -22 
1490 662 758 865 -22 
1491 542 663 871 -22 
1492 543 664 872 -22 
1493 544 665 873 -22 
1494 545 666 874 -22 
1495 547 668 875 -22 
1496 732 637 854 -22 
1497 548 669 876 -22 
1498 731 636 853 -22 
1499 549 670 877 -22 
1500 730 635 852 -22 
1501 550 671 878 -22 
1502 729 634 851 -22 
1503 551 672 879 -22 
1504 728 633 850 -22 
1505 552 673 880 -22 
1506 727 632 849 -22 
1507 554 675 881 -22 
1508 763 554 881 -22 
1509 675 769 881 -22 
1510 726 631 848 -22 
1511 614 767 829 -22 
1512 783 566 882 -22 
1513 566 687 882 -22 
1514 562 683 883 -22 
1515 764 562 883 -22 
1516 683 780 883 -22 
1517 563 684 884 -22 
1518 780 563 884 -22 
1519 684 781 884 -22 
1520 564 685 885 -22 
1521 781 564 885 -22 
1522 685 782 885 -22 
1523 565 686 886 -22 
1524 782 565 886 -22 
1525 686 783 886 -22 
1526 687 784 882 -22 
1527 567 688 887 -22 
1528 691 887 568 -22 
1529 696 828 788 -22 
1530 568 248 691 -22 
1531 192 574 690 -22 
1532 692 811 791 -22 
1533 847 510 726 -22 
1534 845 690 888 -22 
1535 725 630 847 -22 
1536 593 808 612 -22 
1537 809 596 827 -22 
1538 1950 1943 1947 -22 
1539 724 629 846 -22 
1540 695 810 785 -22 
1541 813 616 831 -22 
1542 816 602 889 -22 
1543 602 699 889 -22 
1544 601 698 890 -22 
1545 699 817 889 -22 
1546 601 890 786 -22 
1547 603 700 891 -22 
1548 604 701 892 -22 
1549 605 702 893 -22 
1550 606 703 894 -22 
1551 607 704 895 -22 
1552 608 705 896 -22 
1553 609 706 897 -22 
1554 610 707 898 -22 
1555 613 708 899 -22 
1556 897 706 824 -22 
1557 611 612 808 -22 
1558 188 571 689 -22 
1559 504 720 719 -22 
1560 834 619 900 -22 
1561 619 714 900 -22 
1562 617 712 901 -22 
1563 618 713 902 -22 
1564 714 835 900 -22 
1565 617 901 826 -22 
1566 620 715 903 -22 
1567 621 716 904 -22 
1568 622 717 905 -22 
1569 623 718 906 -22 
1570 718 624 812 -22 
1571 841 689 907 -22 
1572 574 789 690 -22 
1573 850 513 729 -22 
1574 849 512 728 -22 
1575 642 522 908 -22 
1576 522 859 908 -22 
1577 643 523 909 -22 
1578 523 860 909 -22 
1579 644 524 910 -22 
1580 524 861 910 -22 
1581 645 525 911 -22 
1582 525 862 911 -22 
1583 646 526 912 -22 
1584 526 863 912 -22 
1585 647 527 913 -22 
1586 863 647 913 -22 
1587 527 738 913 -22 
1588 668 548 914 -22 
1589 548 876 914 -22 
1590 669 549 915 -22 
1591 549 877 915 -22 
1592 670 550 916 -22 
1593 550 878 916 -22 
1594 671 551 917 -22 
1595 551 879 917 -22 
1596 672 552 918 -22 
1597 552 880 918 -22 
1598 673 553 919 -22 
1599 553 765 919 -22 
1600 571 787 689 -22 
1601 848 511 727 -22 
1602 576 575 920 -22 
1603 851 514 730 -22 
1604 838 623 906 -22 
1605 641 521 921 -22 
1606 521 858 921 -22 
1607 837 622 905 -22 
1608 836 621 904 -22 
1609 835 620 903 -22 
1610 825 611 808 -22 
1611 824 610 898 -22 
1612 823 609 897 -22 
1613 822 608 896 -22 
1614 821 607 895 -22 
1615 667 547 922 -22 
1616 547 875 922 -22 
1617 820 606 894 -22 
1618 819 605 893 -22 
1619 818 604 892 -22 
1620 817 603 891 -22 
1621 792 576 920 -22 
1622 790 613 899 -22 
1623 895 704 822 -22 
1624 833 618 902 -22 
1625 762 546 923 -22 
1626 546 667 923 -22 
1627 761 545 874 -22 
1628 760 544 873 -22 
1629 759 543 872 -22 
1630 758 542 871 -22 
1631 846 509 725 -22 
1632 857 520 924 -22 
1633 520 641 924 -22 
1634 873 665 761 -22 
1635 874 666 762 -22 
1636 872 664 760 -22 
1637 871 663 759 -22 
1638 689 787 907 -22 
1639 567 887 784 -22 
1640 688 568 887 -22 
1641 888 690 789 -22 
1642 899 708 829 -22 
1643 898 707 825 -22 
1644 896 705 823 -22 
1645 894 703 821 -22 
1646 893 702 820 -22 
1647 890 698 816 -22 
1648 892 701 819 -22 
1649 891 700 818 -22 
1650 906 718 812 -22 
1651 905 717 838 -22 
1652 902 713 834 -22 
1653 901 712 833 -22 
1654 904 716 837 -22 
1655 903 715 836 -22 
1656 920 575 845 -22 
1657 887 691 790 -22 
1658 887 790 784 -22 
1659 848 727 925 -22 
1660 845 888 926 -22 
1661 829 767 927 -22 
1662 838 906 928 -22 
1663 853 732 929 -22 
1664 854 733 930 -22 
1665 757 865 931 -22 
1666 855 734 932 -22 
1667 856 735 933 -22 
1668 837 905 934 -22 
1669 873 761 935 -22 
1670 738 736 936 -22 
1671 734 856 937 -22 
1672 932 734 937 -22 
1673 856 933 937 -22 
1674 846 725 938 -22 
1675 733 855 939 -22 
1676 930 733 939 -22 
1677 855 932 939 -22 
1678 749 723 940 -22 
1679 875 668 914 -22 
1680 866 757 941 -22 
1681 757 931 941 -22 
1682 756 866 942 -22 
1683 866 941 942 -22 
1684 758 871 943 -22 
1685 871 759 943 -22 
1686 759 872 944 -22 
1687 760 873 935 -22 
1688 872 760 944 -22 
1689 820 894 945 -22 
1690 732 854 946 -22 
1691 929 732 946 -22 
1692 854 930 946 -22 
1693 876 669 915 -22 
1694 731 853 947 -22 
1695 853 929 947 -22 
1696 877 670 916 -22 
1697 730 852 948 -22 
1698 878 671 917 -22 
1699 729 851 949 -22 
1700 879 672 918 -22 
1701 880 673 919 -22 
1702 776 740 950 -22 
1703 850 729 951 -22 
1704 729 949 951 -22 
1705 888 789 952 -22 
1706 788 828 953 -22 
1707 787 570 719 -22 
1708 570 569 719 -22 
1709 719 720 787 -22 
1710 791 811 954 -22 
1711 784 790 955 -22 
1712 790 899 955 -22 
1713 892 819 956 -22 
1714 809 827 957 -22 
1715 794 793 958 -22 
1716 795 794 959 -22 
1717 794 958 959 -22 
1718 796 795 960 -22 
1719 795 959 960 -22 
1720 797 796 961 -22 
1721 796 960 961 -22 
1722 798 797 962 -22 
1723 797 961 962 -22 
1724 799 798 963 -22 
1725 798 962 963 -22 
1726 800 799 964 -22 
1727 799 963 964 -22 
1728 801 800 965 -22 
1729 800 964 965 -22 
1730 802 801 966 -22 
1731 801 965 966 -22 
1732 803 802 967 -22 
1733 802 966 967 -22 
1734 804 803 968 -22 
1735 803 967 968 -22 
1736 805 804 969 -22 
1737 804 968 969 -22 
1738 806 805 970 -22 
1739 805 969 970 -22 
1740 807 806 971 -22 
1741 806 970 971 -22 
1742 808 807 972 -22 
1743 825 808 972 -22 
1744 807 971 972 -22 
1745 810 788 973 -22 
1746 788 953 973 -22 
1747 786 890 974 -22 
1748 898 825 975 -22 
1749 825 972 975 -22 
1750 815 791 976 -22 
1751 791 954 976 -22 
1752 889 817 977 -22 
1753 906 812 978 -22 
1754 928 906 978 -22 
1755 812 809 978 -22 
1756 891 818 979 -22 
1757 818 892 980 -22 
1758 892 956 980 -22 
1759 893 820 981 -22 
1760 820 945 981 -22 
1761 833 902 982 -22 
1762 821 895 983 -22 
1763 894 821 984 -22 
1764 821 983 984 -22 
1765 822 896 985 -22 
1766 824 898 986 -22 
1767 898 975 986 -22 
1768 823 897 987 -22 
1769 896 823 988 -22 
1770 823 987 988 -22 
1771 895 822 989 -22 
1772 983 895 989 -22 
1773 822 985 989 -22 
1774 897 824 990 -22 
1775 987 897 990 -22 
1776 824 986 990 -22 
1777 904 837 991 -22 
1778 837 934 991 -22 
1779 831 826 992 -22 
1780 785 810 993 -22 
1781 810 973 993 -22 
1782 901 833 994 -22 
1783 833 982 994 -22 
1784 900 835 995 -22 
1785 920 845 996 -22 
1786 845 926 996 -22 
1787 903 836 997 -22 
1788 836 904 998 -22 
1789 997 836 998 -22 
1790 904 991 998 -22 
1791 905 838 999 -22 
1792 838 928 999 -22 
1793 899 829 1000 -22 
1794 851 730 1001 -22 
1795 949 851 1001 -22 
1796 730 948 1001 -22 
1797 816 889 1002 -22 
1798 889 977 1002 -22 
1799 834 900 1003 -22 
1800 900 995 1003 -22 
1801 862 646 912 -22 
1802 861 645 911 -22 
1803 860 644 910 -22 
1804 859 643 909 -22 
1805 858 642 908 -22 
1806 852 731 1004 -22 
1807 948 852 1004 -22 
1808 731 947 1004 -22 
1809 839 722 1005 -22 
1810 830 813 1006 -22 
1811 827 815 1007 -22 
1812 815 976 1007 -22 
1813 814 786 1008 -22 
1814 786 974 1008 -22 
1815 792 920 1009 -22 
1816 920 996 1009 -22 
1817 813 831 1010 -22 
1818 831 992 1010 -22 
1819 769 766 1011 -22 
1820 765 763 1012 -22 
1821 742 739 1013 -22 
1822 924 641 921 -22 
1823 745 750 1014 -22 
1824 869 755 1015 -22 
1825 721 843 1016 -22 
1826 857 924 1017 -22 
1827 829 927 1000 -22 
1828 849 728 1018 -22 
1829 880 919 1019 -22 
1830 877 916 1020 -22 
1831 876 915 1021 -22 
1832 863 913 1022 -22 
1833 944 760 935 -22 
1834 858 908 1023 -22 
1835 779 776 1024 -22 
1836 776 950 1024 -22 
1837 859 909 1025 -22 
1838 860 910 1026 -22 
1839 861 911 1027 -22 
1840 735 857 1028 -22 
1841 857 1017 1028 -22 
1842 914 876 1029 -22 
1843 876 1021 1029 -22 
1844 864 742 1030 -22 
1845 742 1013 1030 -22 
1846 772 777 1031 -22 
1847 753 868 1032 -22 
1848 958 793 1033 -22 
1849 793 792 1033 -22 
1850 875 914 1034 -22 
1851 914 1029 1034 -22 
1852 746 743 1035 -22 
1853 741 746 1036 -22 
1854 746 1035 1036 -22 
1855 748 745 1037 -22 
1856 745 1014 1037 -22 
1857 743 748 1038 -22 
1858 1035 743 1038 -22 
1859 748 1037 1038 -22 
1860 865 758 1039 -22 
1861 931 865 1039 -22 
1862 758 943 1039 -22 
1863 867 753 1032 -22 
1864 1924 1950 1947 -22 
1865 870 756 1040 -22 
1866 756 942 1040 -22 
1867 754 869 1041 -22 
1868 869 1015 1041 -22 
1869 755 870 1042 -22 
1870 1015 755 1042 -22 
1871 870 1040 1042 -22 
1872 737 867 1043 -22 
1873 867 1032 1043 -22 
1874 759 944 943 -22 
1875 787 720 907 -22 
1876 907 840 1044 -22 
1877 841 907 1044 -22 
1878 840 721 1044 -22 
1879 721 1016 1044 -22 
1880 735 1028 933 -22 
1881 841 1044 1045 -22 
1882 1044 1016 1045 -22 
1883 862 912 1046 -22 
1884 874 762 1047 -22 
1885 945 894 984 -22 
1886 774 779 1048 -22 
1887 779 1024 1048 -22 
1888 761 874 1049 -22 
1889 935 761 1049 -22 
1890 874 1047 1049 -22 
1891 957 827 1007 -22 
1892 953 828 1050 -22 
1893 828 814 1050 -22 
1894 1005 722 1051 -22 
1895 722 842 1051 -22 
1896 878 917 1052 -22 
1897 879 918 1053 -22 
1898 728 850 1054 -22 
1899 1018 728 1054 -22 
1900 850 951 1054 -22 
1901 950 740 1055 -22 
1902 740 778 1055 -22 
1903 727 849 1056 -22 
1904 849 1018 1056 -22 
1905 881 769 1057 -22 
1906 769 1011 1057 -22 
1907 780 884 1058 -22 
1908 726 848 1059 -22 
1909 848 925 1059 -22 
1910 773 770 1060 -22 
1911 768 773 1061 -22 
1912 773 1060 1061 -22 
1913 775 772 1062 -22 
1914 772 1031 1062 -22 
1915 770 775 1063 -22 
1916 1060 770 1063 -22 
1917 775 1062 1063 -22 
1918 926 888 1064 -22 
1919 888 952 1064 -22 
1920 777 774 1065 -22 
1921 1031 777 1065 -22 
1922 774 1048 1065 -22 
1923 883 780 1066 -22 
1924 780 1058 1066 -22 
1925 952 789 844 -22 
1926 886 783 1067 -22 
1927 781 885 1068 -22 
1928 782 886 1069 -22 
1929 886 1067 1069 -22 
1930 882 784 955 -22 
1931 792 1009 1033 -22 
1932 764 883 1070 -22 
1933 883 1066 1070 -22 
1934 569 625 719 -22 
1935 725 847 1071 -22 
1936 809 957 978 -22 
1937 814 1008 1050 -22 
1938 974 890 1072 -22 
1939 890 816 1072 -22 
1940 752 749 1115 -22 
1941 749 940 1115 -22 
1942 811 785 1073 -22 
1943 843 839 1074 -22 
1944 1016 843 1074 -22 
1945 839 1005 1074 -22 
1946 934 905 999 -22 
1947 817 891 1075 -22 
1948 818 980 979 -22 
1949 819 893 1076 -22 
1950 982 902 1077 -22 
1951 902 834 1077 -22 
1952 667 922 923 -22 
1953 985 896 988 -22 
1954 817 1075 977 -22 
1955 767 832 1078 -22 
1956 938 725 1071 -22 
1957 783 882 1067 -22 
1958 1943 1942 1949 -22 
1959 882 955 1067 -22 
1960 785 993 1073 -22 
1961 826 901 1079 -22 
1962 832 830 1080 -22 
1963 830 1006 1080 -22 
1964 940 723 1081 -22 
1965 723 751 1081 -22 
1966 813 1010 1006 -22 
1967 819 1076 956 -22 
1968 835 903 1082 -22 
1969 1071 847 726 -22 
1970 908 859 1083 -22 
1971 1023 908 1083 -22 
1972 859 1025 1083 -22 
1973 909 860 1084 -22 
1974 1025 909 1084 -22 
1975 860 1026 1084 -22 
1976 910 861 1085 -22 
1977 1026 910 1085 -22 
1978 861 1027 1085 -22 
1979 911 862 1086 -22 
1980 1027 911 1086 -22 
1981 862 1046 1086 -22 
1982 912 863 1087 -22 
1983 1046 912 1087 -22 
1984 863 1022 1087 -22 
1985 913 738 1088 -22 
1986 1022 913 1088 -22 
1987 738 936 1088 -22 
1988 915 877 1089 -22 
1989 877 1020 1089 -22 
1990 916 878 1090 -22 
1991 878 1052 1090 -22 
1992 917 879 1091 -22 
1993 879 1053 1091 -22 
1994 918 880 1092 -22 
1995 880 1019 1092 -22 
1996 919 765 1093 -22 
1997 765 1012 1093 -22 
1998 724 846 1094 -22 
1999 846 938 1094 -22 
2000 927 767 1078 -22 
2001 1077 834 1003 -22 
2002 1013 739 1095 -22 
2003 739 744 1095 -22 
2004 842 724 1096 -22 
2005 724 1094 1096 -22 
2006 921 858 1097 -22 
2007 858 1023 1097 -22 
2008 922 875 1098 -22 
2009 875 1034 1098 -22 
2010 1011 766 1099 -22 
2011 766 771 1099 -22 
2012 771 768 1100 -22 
2013 1099 771 1100 -22 
2014 768 1061 1100 -22 
2015 885 782 1068 -22 
2016 1934 1942 1943 -22 
2017 782 1069 1068 -22 
2018 884 781 1101 -22 
2019 1058 884 1101 -22 
2020 781 1068 1101 -22 
2021 744 741 1102 -22 
2022 1095 744 1102 -22 
2023 741 1036 1102 -22 
2024 1047 762 1103 -22 
2025 762 923 1103 -22 
2026 811 1073 954 -22 
2027 727 1056 925 -22 
2028 726 1059 1071 -22 
2029 835 1082 995 -22 
2030 1072 816 1002 -22 
2031 826 1079 992 -22 
2032 1075 891 979 -22 
2033 1076 893 981 -22 
2034 1079 901 994 -22 
2035 1082 903 997 -22 
2036 1071 1059 1104 -22 
2037 1014 750 1105 -22 
2038 750 747 1105 -22 
2039 899 1000 1067 -22 
2040 1079 994 1106 -22 
2041 763 881 1107 -22 
2042 992 1079 1108 -22 
2043 1079 1106 1108 -22 
2044 934 999 1109 -22 
2045 754 1041 1110 -22 
2046 927 1078 1111 -22 
2047 736 864 1112 -22 
2048 944 935 1113 -22 
2049 1006 1010 1114 -22 
2050 747 752 1115 -22 
2051 1105 747 1115 -22 
2052 1948 1941 1946 -22 
2053 943 944 1116 -22 
2054 944 1113 1116 -22 
2055 868 754 1110 -22 
2056 1045 1016 1117 -22 
2057 1016 1074 1117 -22 
2058 751 737 1118 -22 
2059 1081 751 1118 -22 
2060 737 1043 1118 -22 
2061 958 1033 1119 -22 
2062 763 1107 1012 -22 
2063 736 1112 936 -22 
2064 1014 1105 1120 -22 
2065 1012 1107 1121 -22 
2066 1041 1015 1122 -22 
2067 941 931 1123 -22 
2068 942 941 1124 -22 
2069 941 1123 1124 -22 
2070 1021 915 1089 -22 
2071 933 1028 1125 -22 
2072 1020 916 1090 -22 
2073 957 1007 1126 -22 
2074 945 984 1127 -22 
2075 1019 919 1093 -22 
2076 974 1072 1128 -22 
2077 947 929 1129 -22 
2078 1052 917 1091 -22 
2079 1002 977 1130 -22 
2080 951 949 1131 -22 
2081 1059 925 1132 -22 
2082 1104 1059 1132 -22 
2083 925 1056 1132 -22 
2084 778 764 1133 -22 
2085 1055 778 1133 -22 
2086 764 1070 1133 -22 
2087 1112 864 1030 -22 
2088 988 987 1134 -22 
2089 986 975 1135 -22 
2090 978 957 1136 -22 
2091 957 1126 1136 -22 
2092 1110 1041 1137 -22 
2093 1041 1122 1137 -22 
2094 1082 997 1138 -22 
2095 960 959 1139 -22 
2096 961 960 1140 -22 
2097 960 1139 1140 -22 
2098 962 961 1141 -22 
2099 961 1140 1141 -22 
2100 963 962 1142 -22 
2101 962 1141 1142 -22 
2102 964 963 1143 -22 
2103 963 1142 1143 -22 
2104 965 964 1144 -22 
2105 964 1143 1144 -22 
2106 966 965 1145 -22 
2107 965 1144 1145 -22 
2108 967 966 1146 -22 
2109 966 1145 1146 -22 
2110 968 967 1147 -22 
2111 967 1146 1147 -22 
2112 969 968 1148 -22 
2113 968 1147 1148 -22 
2114 970 969 1149 -22 
2115 969 1148 1149 -22 
2116 971 970 1150 -22 
2117 970 1149 1150 -22 
2118 1050 1008 1151 -22 
2119 959 958 1152 -22 
2120 958 1119 1152 -22 
2121 1076 981 1153 -22 
2122 976 954 1154 -22 
2123 1077 1003 1155 -22 
2124 928 978 1136 -22 
2125 1053 918 1092 -22 
2126 1107 881 1057 -22 
2127 980 956 1156 -22 
2128 979 980 1157 -22 
2129 980 1156 1157 -22 
2130 981 945 1158 -22 
2131 945 1127 1158 -22 
2132 982 1077 1159 -22 
2133 1077 1155 1159 -22 
2134 1078 832 1080 -22 
2135 991 934 1160 -22 
2136 934 1109 1160 -22 
2137 996 926 1161 -22 
2138 938 1071 1162 -22 
2139 1071 1104 1162 -22 
2140 993 973 1163 -22 
2141 841 1045 844 -22 
2142 1075 979 1164 -22 
2143 979 1157 1164 -22 
2144 994 982 1165 -22 
2145 982 1159 1165 -22 
2146 1072 1002 1166 -22 
2147 1128 1072 1166 -22 
2148 1002 1130 1166 -22 
2149 999 928 1136 -22 
2150 995 1082 1167 -22 
2151 1082 1138 1167 -22 
2152 923 922 1168 -22 
2153 922 1098 1168 -22 
2154 1073 993 1169 -22 
2155 993 1163 1169 -22 
2156 1017 924 1170 -22 
2157 924 921 1170 -22 
2158 1003 995 1171 -22 
2159 995 1167 1171 -22 
2160 1061 1060 1172 -22 
2161 936 1112 1173 -22 
2162 1007 976 1174 -22 
2163 976 1154 1174 -22 
2164 956 1076 1175 -22 
2165 1076 1153 1175 -22 
2166 953 1050 1176 -22 
2167 1050 1151 1176 -22 
2168 1008 974 1177 -22 
2169 974 1128 1177 -22 
2170 973 953 1178 -22 
2171 953 1176 1178 -22 
2172 1009 996 1179 -22 
2173 996 1161 1179 -22 
2174 1010 992 1180 -22 
2175 1114 1010 1180 -22 
2176 992 1108 1180 -22 
2177 985 988 1181 -22 
2178 988 1134 1181 -22 
2179 1036 1035 1182 -22 
2180 1000 927 1183 -22 
2181 1017 1170 1184 -22 
2182 1135 975 1150 -22 
2183 1121 1107 1185 -22 
2184 1107 1057 1185 -22 
2185 973 1178 1163 -22 
2186 1031 1065 1186 -22 
2187 1109 999 1136 -22 
2188 927 1111 1183 -22 
2189 1120 1105 1187 -22 
2190 1105 1115 1187 -22 
2191 1086 1046 1188 -22 
2192 1084 1026 1189 -22 
2193 1123 931 1190 -22 
2194 931 1039 1190 -22 
2195 933 1125 937 -22 
2196 932 937 1191 -22 
2197 937 1125 1191 -22 
2198 1027 1086 1192 -22 
2199 1086 1188 1192 -22 
2200 1118 1043 1193 -22 
2201 1029 1021 1194 -22 
2202 1030 1013 1195 -22 
2203 1066 1058 1196 -22 
2204 930 939 1203 -22 
2205 923 1168 1103 -22 
2206 1034 1029 1197 -22 
2207 1029 1194 1197 -22 
2208 1039 943 1198 -22 
2209 1190 1039 1198 -22 
2210 943 1116 1198 -22 
2211 842 1096 1051 -22 
2212 1037 1014 1199 -22 
2213 1014 1120 1199 -22 
2214 1040 942 1200 -22 
2215 942 1124 1200 -22 
2216 1127 984 1201 -22 
2217 984 983 1201 -22 
2218 1125 1028 1202 -22 
2219 1028 1017 1202 -22 
2220 1126 1007 1174 -22 
2221 840 907 720 -22 
2222 946 930 1203 -22 
2223 1941 1926 1946 -22 
2224 1048 1024 1213 -22 
2225 929 946 1203 -22 
2226 1129 929 1203 -22 
2227 1923 1910 1898 -22 
2228 1113 935 1204 -22 
2229 1173 1112 1205 -22 
2230 1112 1030 1205 -22 
2231 1054 951 1206 -22 
2232 951 1131 1206 -22 
2233 1052 1091 1207 -22 
2234 1018 1054 1208 -22 
2235 1054 1206 1208 -22 
2236 1139 959 1152 -22 
2237 1102 1036 1271 -22 
2238 1036 1182 1271 -22 
2239 998 991 1209 -22 
2240 991 1160 1209 -22 
2241 1134 987 1210 -22 
2242 987 990 1210 -22 
2243 1064 952 1211 -22 
2244 950 1055 1212 -22 
2245 1062 1031 1269 -22 
2246 1031 1186 1269 -22 
2247 1065 1048 1213 -22 
2248 1186 1065 1213 -22 
2249 1946 1938 1948 -22 
2250 1069 1067 1000 -22 
2251 1080 1006 1214 -22 
2252 1006 1114 1214 -22 
2253 1070 1066 1222 -22 
2254 1066 1196 1222 -22 
2255 1033 1009 1215 -22 
2256 1111 1078 1216 -22 
2257 1008 1177 1151 -22 
2258 972 971 975 -22 
2259 990 986 1217 -22 
2260 1210 990 1217 -22 
2261 986 1135 1217 -22 
2262 1153 981 1158 -22 
2263 956 1175 1156 -22 
2264 1078 1080 1216 -22 
2265 994 1165 1106 -22 
2266 1161 926 1218 -22 
2267 926 1064 1218 -22 
2268 977 1075 1219 -22 
2269 989 985 1220 -22 
2270 985 1181 1220 -22 
2271 1211 1094 1162 -22 
2272 1075 1164 1219 -22 
2273 1119 1033 1215 -22 
2274 954 1073 1221 -22 
2275 1133 1070 1222 -22 
2276 1931 1943 1950 -22 
2277 997 998 1223 -22 
2278 1138 997 1223 -22 
2279 998 1209 1223 -22 
2280 1001 948 1224 -22 
2281 1170 921 1097 -22 
2282 977 1219 1130 -22 
2283 949 1001 1224 -22 
2284 1928 1931 1950 -22 
2285 1196 1058 1225 -22 
2286 1058 1101 1225 -22 
2287 1195 1013 1271 -22 
2288 1013 1095 1271 -22 
2289 1150 975 971 -22 
2290 1155 1003 1171 -22 
2291 1090 1052 1226 -22 
2292 1052 1207 1226 -22 
2293 1092 1019 1227 -22 
2294 1154 954 1221 -22 
2295 1172 1060 1269 -22 
2296 1060 1063 1269 -22 
2297 1004 947 1129 -22 
2298 1924 1944 1950 -22 
2299 940 1081 1228 -22 
2300 1098 1034 1229 -22 
2301 1034 1197 1229 -22 
2302 1011 1099 1230 -22 
2303 1023 1083 1231 -22 
2304 1100 1061 1232 -22 
2305 1061 1172 1232 -22 
2306 1182 1035 1233 -22 
2307 1035 1038 1233 -22 
2308 1131 949 1224 -22 
2309 1017 1184 1202 -22 
2310 1189 1026 1234 -22 
2311 1026 1085 1234 -22 
2312 1188 1046 1235 -22 
2313 1046 1087 1235 -22 
2314 1194 1021 1236 -22 
2315 1021 1089 1236 -22 
2316 1193 1043 1237 -22 
2317 1043 1032 1237 -22 
2318 1183 1270 1000 -22 
2319 1215 1009 1179 -22 
2320 1221 1073 1169 -22 
2321 1227 1019 1238 -22 
2322 1019 1093 1238 -22 
2323 1012 1121 1238 -22 
2324 1015 1042 1239 -22 
2325 1027 1192 1234 -22 
2326 1135 1150 1240 -22 
2327 1150 1149 1240 -22 
2328 948 1004 1241 -22 
2329 1224 948 1241 -22 
2330 1004 1129 1241 -22 
2331 1025 1084 1242 -22 
2332 1084 1189 1242 -22 
2333 1106 1165 1243 -22 
2334 1110 1137 1237 -22 
2335 1022 1088 1244 -22 
2336 1181 1134 1245 -22 
2337 1045 1117 844 -22 
2338 935 1049 1204 -22 
2339 1030 1195 1205 -22 
2340 939 932 1246 -22 
2341 1203 939 1246 -22 
2342 932 1191 1246 -22 
2343 1234 1192 1247 -22 
2344 1122 1015 1239 -22 
2345 1221 1169 1248 -22 
2346 1047 1103 1249 -22 
2347 1038 1037 1250 -22 
2348 1233 1038 1250 -22 
2349 1037 1199 1250 -22 
2350 1201 983 1251 -22 
2351 1024 950 1252 -22 
2352 950 1212 1252 -22 
2353 1042 1040 1253 -22 
2354 1040 1200 1253 -22 
2355 1127 1201 1254 -22 
2356 1089 1020 1236 -22 
2357 1020 1090 1255 -22 
2358 1236 1020 1255 -22 
2359 1090 1226 1255 -22 
2360 1088 936 1173 -22 
2361 1251 983 989 -22 
2362 1237 1137 1256 -22 
2363 1022 1244 1235 -22 
2364 1249 1103 1257 -22 
2365 1103 1168 1257 -22 
2366 1122 1239 1258 -22 
2367 1047 1249 1204 -22 
2368 1944 1928 1950 -22 
2369 1204 1249 1259 -22 
2370 1235 1244 1260 -22 
2371 1213 1024 1252 -22 
2372 1207 1091 1261 -22 
2373 1091 1053 1261 -22 
2374 940 1228 1262 -22 
2375 1202 1184 1263 -22 
2376 1163 1178 1264 -22 
2377 1212 1055 1222 -22 
2378 1055 1133 1222 -22 
2379 1104 1132 1265 -22 
2380 1056 1018 1266 -22 
2381 1132 1056 1266 -22 
2382 1018 1208 1266 -22 
2383 1057 1011 1267 -22 
2384 1211 952 1268 -22 
2385 1099 1100 1232 -22 
2386 1230 1099 1232 -22 
2387 1934 1945 1942 -22 
2388 1063 1062 1269 -22 
2389 1948 1917 1937 -22 
2390 1905 1946 1926 -22 
2391 1101 1068 1270 -22 
2392 1095 1102 1271 -22 
2393 1930 1936 1945 -22 
2394 1938 1917 1948 -22 
2395 1239 1042 1253 -22 
2396 1113 1204 1272 -22 
2397 1204 1259 1272 -22 
2398 1153 1158 1273 -22 
2399 1053 1092 1274 -22 
2400 1261 1053 1274 -22 
2401 1092 1227 1274 -22 
2402 1137 1122 1275 -22 
2403 1122 1258 1275 -22 
2404 1111 1216 1276 -22 
2405 1151 1177 1277 -22 
2406 1074 1005 1278 -22 
2407 1155 1171 1279 -22 
2408 1141 1140 1280 -22 
2409 1142 1141 1281 -22 
2410 1141 1280 1281 -22 
2411 1143 1142 1282 -22 
2412 1142 1281 1282 -22 
2413 1144 1143 1283 -22 
2414 1143 1282 1283 -22 
2415 1145 1144 1284 -22 
2416 1144 1283 1284 -22 
2417 1146 1145 1285 -22 
2418 1145 1284 1285 -22 
2419 1147 1146 1286 -22 
2420 1146 1285 1286 -22 
2421 1148 1147 1287 -22 
2422 1147 1286 1287 -22 
2423 1149 1148 1288 -22 
2424 1148 1287 1288 -22 
2425 1115 940 1262 -22 
2426 1108 1106 1289 -22 
2427 1106 1243 1289 -22 
2428 1081 1118 1290 -22 
2429 1228 1081 1290 -22 
2430 1118 1193 1290 -22 
2431 1184 1170 1291 -22 
2432 1170 1097 1291 -22 
2433 1157 1156 1292 -22 
2434 1216 1080 1214 -22 
2435 1158 1127 1293 -22 
2436 1127 1254 1293 -22 
2437 1159 1155 1294 -22 
2438 1155 1279 1294 -22 
2439 1162 1104 1295 -22 
2440 1160 1109 1296 -22 
2441 1119 1215 1297 -22 
2442 1211 1162 1295 -22 
2443 1219 1164 1298 -22 
2444 1164 1157 1299 -22 
2445 1298 1164 1299 -22 
2446 1157 1292 1299 -22 
2447 1005 1051 1268 -22 
2448 1165 1159 1300 -22 
2449 1159 1294 1300 -22 
2450 1116 1113 1301 -22 
2451 1113 1272 1301 -22 
2452 1174 1154 1302 -22 
2453 1167 1138 1303 -22 
2454 1168 1098 1304 -22 
2455 1257 1168 1304 -22 
2456 1098 1229 1304 -22 
2457 1005 1268 1278 -22 
2458 1267 1011 1230 -22 
2459 1262 1228 1305 -22 
2460 1057 1267 1185 -22 
2461 1268 952 1278 -22 
2462 1267 1230 1306 -22 
2463 1939 1947 1949 -22 
2464 1169 1163 1307 -22 
2465 1248 1169 1307 -22 
2466 1163 1264 1307 -22 
2467 1131 1224 1308 -22 
2468 1083 1025 1309 -22 
2469 1183 1111 1310 -22 
2470 1309 1025 1242 -22 
2471 1115 1262 1187 -22 
2472 1083 1309 1231 -22 
2473 1309 1242 1311 -22 
2474 1238 1121 1312 -22 
2475 1154 1221 1313 -22 
2476 1221 1248 1313 -22 
2477 1942 1922 1949 -22 
2478 1152 1119 1314 -22 
2479 1119 1297 1314 -22 
2480 1171 1167 1315 -22 
2481 1167 1303 1315 -22 
2482 1251 989 1220 -22 
2483 1175 1153 1316 -22 
2484 1153 1273 1316 -22 
2485 1176 1151 1317 -22 
2486 1151 1277 1317 -22 
2487 1097 1023 1291 -22 
2488 1922 1939 1949 -22 
2489 1023 1231 1291 -22 
2490 1178 1176 1318 -22 
2491 1176 1317 1318 -22 
2492 1179 1161 1319 -22 
2493 1130 1219 1320 -22 
2494 1219 1298 1320 -22 
2495 1244 1088 1173 -22 
2496 1215 1179 1321 -22 
2497 1297 1215 1321 -22 
2498 1179 1319 1321 -22 
2499 1139 1152 1322 -22 
2500 1152 1314 1322 -22 
2501 1158 1293 1273 -22 
2502 1027 1234 1085 -22 
2503 1135 1240 1217 -22 
2504 1114 1180 1323 -22 
2505 1303 1138 1324 -22 
2506 1138 1223 1324 -22 
2507 1022 1235 1087 -22 
2508 1243 1165 1300 -22 
2509 1109 1136 1325 -22 
2510 1231 1309 1326 -22 
2511 1309 1311 1326 -22 
2512 868 1110 1032 -22 
2513 1123 1190 1327 -22 
2514 1124 1123 1328 -22 
2515 1123 1327 1328 -22 
2516 1191 1125 1329 -22 
2517 1188 1235 1330 -22 
2518 1192 1188 1331 -22 
2519 1247 1192 1331 -22 
2520 1188 1330 1331 -22 
2521 1240 1149 1288 -22 
2522 1246 1191 1332 -22 
2523 1191 1329 1332 -22 
2524 1258 1239 1333 -22 
2525 1239 1253 1333 -22 
2526 1047 1204 1049 -22 
2527 1111 1276 1310 -22 
2528 1197 1194 1334 -22 
2529 1198 1116 1335 -22 
2530 1116 1301 1335 -22 
2531 1199 1120 1336 -22 
2532 1193 1237 1337 -22 
2533 1254 1201 1338 -22 
2534 1201 1251 1338 -22 
2535 1259 1249 1339 -22 
2536 1249 1257 1339 -22 
2537 1189 1234 1247 -22 
2538 1236 1255 1340 -22 
2539 1235 1260 1330 -22 
2540 1213 1252 1341 -22 
2541 1128 1166 1342 -22 
2542 1227 1238 1343 -22 
2543 1274 1227 1343 -22 
2544 1238 1312 1343 -22 
2545 1012 1238 1093 -22 
2546 1129 1203 1344 -22 
2547 1203 1246 1345 -22 
2548 1246 1332 1345 -22 
2549 1185 1267 1346 -22 
2550 1267 1306 1346 -22 
2551 1137 1275 1256 -22 
2552 1265 1132 1266 -22 
2553 1271 1182 1347 -22 
2554 1209 1160 1348 -22 
2555 1160 1296 1348 -22 
2556 1136 1126 1325 -22 
2557 1174 1302 1325 -22 
2558 1101 1270 1225 -22 
2559 1279 1171 1315 -22 
2560 1214 1114 1349 -22 
2561 1114 1323 1349 -22 
2562 955 899 1067 -22 
2563 1104 1265 1295 -22 
2564 1277 1177 1350 -22 
2565 1177 1128 1350 -22 
2566 1276 1216 1351 -22 
2567 1074 1278 1117 -22 
2568 1244 1173 1352 -22 
2569 1125 1202 1329 -22 
2570 1927 1941 1948 -22 
2571 1202 1263 1329 -22 
2572 1242 1189 1353 -22 
2573 1311 1242 1353 -22 
2574 1189 1247 1353 -22 
2575 1280 1140 1354 -22 
2576 1140 1139 1354 -22 
2577 1229 1197 1355 -22 
2578 1304 1229 1355 -22 
2579 1197 1334 1355 -22 
2580 1174 1325 1126 -22 
2581 1244 1352 1260 -22 
2582 1337 1237 1256 -22 
2583 1336 1120 1356 -22 
2584 1120 1187 1356 -22 
2585 1937 1933 1948 -22 
2586 1128 1342 1350 -22 
2587 1347 1182 1357 -22 
2588 1182 1233 1357 -22 
2589 1351 1216 1214 -22 
2590 1338 1251 1358 -22 
2591 1251 1220 1358 -22 
2592 1296 1109 1325 -22 
2593 1264 1178 1318 -22 
2594 1220 1181 1359 -22 
2595 1358 1220 1359 -22 
2596 1181 1245 1359 -22 
2597 1292 1156 1360 -22 
2598 1156 1175 1360 -22 
2599 1218 1064 1295 -22 
2600 1064 1211 1295 -22 
2601 1175 1316 1360 -22 
2602 1302 1154 1313 -22 
2603 1166 1130 1361 -22 
2604 1342 1166 1361 -22 
2605 1130 1320 1361 -22 
2606 1933 1927 1948 -22 
2607 1263 1184 1362 -22 
2608 1354 1139 1322 -22 
2609 1934 1930 1945 -22 
2610 1069 1000 1270 -22 
2611 1096 1094 1211 -22 
2612 1319 1161 1364 -22 
2613 1161 1218 1364 -22 
2614 1180 1108 1365 -22 
2615 1108 1289 1365 -22 
2616 1305 1228 1366 -22 
2617 1245 1134 1367 -22 
2618 1134 1210 1367 -22 
2619 1224 1363 1308 -22 
2620 1323 1180 1365 -22 
2621 1121 1185 1346 -22 
2622 1312 1121 1346 -22 
2623 1908 1924 1947 -22 
2624 1213 1341 1368 -22 
2625 1280 1354 1369 -22 
2626 1231 1326 1362 -22 
2627 1292 1360 1370 -22 
2628 1362 1326 1371 -22 
2629 1327 1190 1372 -22 
2630 1190 1198 1372 -22 
2631 1228 1290 1366 -22 
2632 1184 1291 1362 -22 
2633 1124 1328 1373 -22 
2634 1240 1288 1374 -22 
2635 1217 1240 1374 -22 
2636 1340 1255 1375 -22 
2637 1255 1226 1375 -22 
2638 1334 1194 1340 -22 
2639 1193 1337 1366 -22 
2640 1207 1261 1376 -22 
2641 1254 1338 1377 -22 
2642 1330 1260 1378 -22 
2643 1275 1258 1379 -22 
2644 1203 1345 1344 -22 
2645 1310 1276 1380 -22 
2646 1206 1131 1381 -22 
2647 1131 1308 1381 -22 
2648 1212 1222 1382 -22 
2649 1306 1230 1383 -22 
2650 1211 1268 1096 -22 
2651 1325 1302 1296 -22 
2652 1266 1208 1384 -22 
2653 1230 1232 1383 -22 
2654 1273 1293 1385 -22 
2655 1281 1280 1386 -22 
2656 1280 1369 1386 -22 
2657 1222 1196 1387 -22 
2658 1368 1341 1388 -22 
2659 1195 1271 1389 -22 
2660 1272 1259 1390 -22 
2661 1261 1274 1391 -22 
2662 1232 1172 1392 -22 
2663 1302 1313 1393 -22 
2664 1352 1173 1394 -22 
2665 1376 1261 1391 -22 
2666 1195 1389 1394 -22 
2667 1222 1387 1382 -22 
2668 1366 1337 1395 -22 
2669 1373 1328 1396 -22 
2670 1344 1345 1397 -22 
2671 1306 1383 1398 -22 
2672 1096 1268 1051 -22 
2673 1384 1208 1399 -22 
2674 1208 1206 1399 -22 
2675 1383 1232 1392 -22 
2676 1195 1394 1205 -22 
2677 1352 1394 1400 -22 
2678 1376 1391 1401 -22 
2679 1402 1426 1172 -22 
2680 1282 1281 1403 -22 
2681 1281 1386 1403 -22 
2682 1283 1282 1404 -22 
2683 1282 1403 1404 -22 
2684 1284 1283 1405 -22 
2685 1283 1404 1405 -22 
2686 1285 1284 1406 -22 
2687 1284 1405 1406 -22 
2688 1286 1285 1407 -22 
2689 1285 1406 1407 -22 
2690 1287 1286 1408 -22 
2691 1286 1407 1408 -22 
2692 1288 1287 1409 -22 
2693 1287 1408 1409 -22 
2694 1322 1314 1410 -22 
2695 1391 1274 1343 -22 
2696 1210 1217 1411 -22 
2697 1367 1210 1411 -22 
2698 1217 1374 1411 -22 
2699 1289 1243 1412 -22 
2700 1263 1362 1413 -22 
2701 1362 1371 1413 -22 
2702 1350 1342 1414 -22 
2703 1351 1214 1349 -22 
2704 1293 1254 1415 -22 
2705 1385 1293 1415 -22 
2706 1254 1377 1415 -22 
2707 1294 1279 1416 -22 
2708 1277 1350 1417 -22 
2709 1350 1414 1417 -22 
2710 1186 1213 1368 -22 
2711 1300 1294 1418 -22 
2712 1294 1416 1418 -22 
2713 1264 1318 1419 -22 
2714 1295 1265 1218 -22 
2715 1939 1908 1947 -22 
2716 1301 1272 1420 -22 
2717 1272 1390 1420 -22 
2718 1308 1363 1421 -22 
2719 1266 1384 1265 -22 
2720 1223 1209 1422 -22 
2721 1324 1223 1422 -22 
2722 1209 1348 1422 -22 
2723 1354 1322 1423 -22 
2724 1369 1354 1423 -22 
2725 1322 1410 1423 -22 
2726 1337 1256 1424 -22 
2727 1395 1337 1424 -22 
2728 1256 1275 1424 -22 
2729 1186 1368 1402 -22 
2730 1402 1368 1425 -22 
2731 1368 1388 1425 -22 
2732 1392 1172 1426 -22 
2733 1402 1425 1426 -22 
2734 1270 1183 1427 -22 
2735 1334 1340 1428 -22 
2736 1226 1207 1375 -22 
2737 1902 1933 1937 -22 
2738 1207 1376 1375 -22 
2739 1305 1366 1429 -22 
2740 1366 1395 1429 -22 
2741 1129 1344 1430 -22 
2742 938 1162 1094 -22 
2743 1315 1303 1431 -22 
2744 1316 1273 1432 -22 
2745 1273 1385 1432 -22 
2746 1296 1302 1393 -22 
2747 1383 1392 1433 -22 
2748 1398 1383 1433 -22 
2749 1392 1426 1433 -22 
2750 1317 1277 1434 -22 
2751 1277 1417 1434 -22 
2752 1318 1317 1435 -22 
2753 1317 1434 1435 -22 
2754 1320 1298 1436 -22 
2755 1276 1351 1437 -22 
2756 1924 1918 1944 -22 
2757 1187 1262 1439 -22 
2758 1356 1187 1439 -22 
2759 1262 1305 1439 -22 
2760 1260 1352 1440 -22 
2761 1352 1400 1440 -22 
2762 1243 1300 1441 -22 
2763 1412 1243 1441 -22 
2764 1300 1418 1441 -22 
2765 1430 1344 1442 -22 
2766 1344 1397 1442 -22 
2767 1248 1307 1443 -22 
2768 1241 1129 1430 -22 
2769 1424 1275 1379 -22 
2770 1431 1303 1444 -22 
2771 1303 1324 1444 -22 
2772 1945 1935 1942 -22 
2773 1196 1225 1427 -22 
2774 1326 1311 1445 -22 
2775 1270 1427 1225 -22 
2776 1328 1327 1446 -22 
2777 952 844 1117 -22 
2778 1331 1330 1447 -22 
2779 1330 1378 1447 -22 
2780 1374 1288 1409 -22 
2781 1247 1331 1448 -22 
2782 1331 1447 1448 -22 
2783 1332 1329 1449 -22 
2784 1333 1253 1373 -22 
2785 1193 1366 1290 -22 
2786 1323 1365 1450 -22 
2787 1932 1938 1946 -22 
2788 1198 1335 1372 -22 
2789 1437 1487 1276 -22 
2790 1390 1259 1451 -22 
2791 1305 1429 1452 -22 
2792 1200 1124 1373 -22 
2793 1252 1212 1453 -22 
2794 1341 1252 1453 -22 
2795 1212 1382 1453 -22 
2796 1253 1200 1373 -22 
2797 1299 1292 1454 -22 
2798 1292 1370 1454 -22 
2799 1345 1332 1455 -22 
2800 1332 1449 1455 -22 
2801 1173 1205 1394 -22 
2802 1206 1381 1399 -22 
2803 1396 1328 1446 -22 
2804 1389 1271 1347 -22 
2805 1348 1296 1456 -22 
2806 1296 1393 1456 -22 
2807 1389 1347 1457 -22 
2808 1196 1427 1387 -22 
2809 1241 1430 1363 -22 
2810 1326 1445 1371 -22 
2811 1345 1455 1397 -22 
2812 1453 1382 1380 -22 
2813 1457 1347 1458 -22 
2814 1349 1323 1459 -22 
2815 1323 1450 1459 -22 
2816 1905 1929 1946 -22 
2817 1376 1401 1460 -22 
2818 1393 1313 1461 -22 
2819 1456 1393 1461 -22 
2820 1313 1248 1461 -22 
2821 1247 1448 1438 -22 
2822 1307 1264 1462 -22 
2823 1443 1307 1462 -22 
2824 1264 1419 1462 -22 
2825 1410 1314 1463 -22 
2826 1314 1297 1463 -22 
2827 1391 1343 1464 -22 
2828 1401 1391 1464 -22 
2829 1343 1312 1464 -22 
2830 1224 1241 1363 -22 
2831 1378 1260 1440 -22 
2832 1414 1342 1465 -22 
2833 1342 1361 1465 -22 
2834 1351 1349 1466 -22 
2835 1377 1338 1467 -22 
2836 1338 1358 1467 -22 
2837 1359 1245 1468 -22 
2838 1394 1389 1469 -22 
2839 1400 1394 1469 -22 
2840 1389 1457 1469 -22 
2841 1199 1336 1470 -22 
2842 1360 1316 1471 -22 
2843 1318 1435 1419 -22 
2844 1312 1346 1472 -22 
2845 1265 1520 1218 -22 
2846 1298 1299 1473 -22 
2847 1299 1454 1473 -22 
2848 1335 1301 1474 -22 
2849 1301 1420 1474 -22 
2850 1312 1472 1464 -22 
2851 1298 1473 1436 -22 
2852 1361 1320 1475 -22 
2853 1320 1436 1475 -22 
2854 1257 1304 1476 -22 
2855 1339 1257 1476 -22 
2856 1304 1355 1476 -22 
2857 1340 1375 1428 -22 
2858 1069 1270 1068 -22 
2859 1279 1315 1477 -22 
2860 1334 1428 1478 -22 
2861 1351 1466 1437 -22 
2862 1463 1297 1479 -22 
2863 1297 1321 1479 -22 
2864 1316 1432 1471 -22 
2865 1363 1430 1421 -22 
2866 1319 1364 1480 -22 
2867 1365 1289 1481 -22 
2868 1450 1365 1481 -22 
2869 1289 1412 1481 -22 
2870 1279 1477 1416 -22 
2871 1245 1367 1482 -22 
2872 1468 1245 1482 -22 
2873 1367 1411 1482 -22 
2874 1370 1360 1471 -22 
2875 1321 1319 1483 -22 
2876 1479 1321 1483 -22 
2877 1319 1480 1483 -22 
2878 1446 1327 1484 -22 
2879 1327 1372 1484 -22 
2880 1477 1315 1431 -22 
2881 1461 1248 1443 -22 
2882 1421 1430 1442 -22 
2883 1371 1445 1485 -22 
2884 1418 1416 1486 -22 
2885 1311 1353 1445 -22 
2886 1388 1341 1487 -22 
2887 1341 1453 1487 -22 
2888 1231 1362 1291 -22 
2889 952 1117 1278 -22 
2890 1477 1431 1488 -22 
2891 1379 1333 1396 -22 
2892 1421 1442 1489 -22 
2893 1416 1477 1490 -22 
2894 1486 1416 1490 -22 
2895 1477 1488 1490 -22 
2896 1429 1395 1491 -22 
2897 1449 1329 1492 -22 
2898 1929 1932 1946 -22 
2899 1381 1308 1493 -22 
2900 1172 1269 1402 -22 
2901 1440 1400 1494 -22 
2902 1452 1429 1495 -22 
2903 1429 1491 1495 -22 
2904 1451 1259 1339 -22 
2905 1305 1452 1439 -22 
2906 1233 1250 1470 -22 
2907 1457 1458 1496 -22 
2908 1940 1932 1929 -22 
2909 1410 1463 1497 -22 
2910 1306 1398 1498 -22 
2911 1372 1335 1499 -22 
2912 1484 1372 1499 -22 
2913 1335 1474 1499 -22 
2914 1269 1186 1402 -22 
2915 1931 1921 1943 -22 
2916 1357 1233 1470 -22 
2917 1370 1471 1500 -22 
2918 1403 1386 1501 -22 
2919 1346 1306 1498 -22 
2920 1936 1935 1945 -22 
2921 1918 1940 1944 -22 
2922 1426 1425 1502 -22 
2923 1913 1928 1944 -22 
2924 1395 1424 1503 -22 
2925 1424 1379 1503 -22 
2926 1399 1381 1504 -22 
2927 1381 1493 1504 -22 
2928 1308 1421 1493 -22 
2929 1470 1336 1505 -22 
2930 1329 1263 1492 -22 
2931 1940 1913 1944 -22 
2932 1427 1183 1310 -22 
2933 1493 1421 1506 -22 
2934 1421 1489 1506 -22 
2935 1355 1334 1507 -22 
2936 1476 1355 1507 -22 
2937 1334 1478 1507 -22 
2938 1460 1401 1508 -22 
2939 1404 1403 1509 -22 
2940 1403 1501 1509 -22 
2941 1405 1404 1510 -22 
2942 1404 1509 1510 -22 
2943 1406 1405 1511 -22 
2944 1405 1510 1511 -22 
2945 1407 1406 1512 -22 
2946 1406 1511 1512 -22 
2947 1408 1407 1513 -22 
2948 1407 1512 1513 -22 
2949 1409 1408 1514 -22 
2950 1408 1513 1514 -22 
2951 1436 1473 1515 -22 
2952 1413 1371 1516 -22 
2953 1371 1485 1516 -22 
2954 1263 1413 1492 -22 
2955 1466 1349 1459 -22 
2956 1336 1356 1517 -22 
2957 1419 1435 1518 -22 
2958 1417 1414 1519 -22 
2959 1472 1346 1498 -22 
2960 1384 1399 1520 -22 
2961 1399 1504 1520 -22 
2962 1397 1455 1521 -22 
2963 1442 1397 1522 -22 
2964 1489 1442 1522 -22 
2965 1397 1521 1522 -22 
2966 1396 1446 1523 -22 
2967 1492 1413 1524 -22 
2968 1420 1390 1525 -22 
2969 1461 1443 1526 -22 
2970 1265 1384 1520 -22 
2971 1375 1376 1460 -22 
2972 1438 1448 1527 -22 
2973 1378 1440 1528 -22 
2974 1440 1494 1528 -22 
2975 1478 1428 1529 -22 
2976 1437 1466 1530 -22 
2977 1434 1417 1531 -22 
2978 1417 1519 1531 -22 
2979 1432 1385 1532 -22 
2980 1401 1464 1533 -22 
2981 1508 1401 1533 -22 
2982 1464 1472 1533 -22 
2983 1480 1364 1506 -22 
2984 1435 1434 1534 -22 
2985 1434 1531 1534 -22 
2986 1451 1570 1390 -22 
2987 1925 1910 1923 -22 
2988 1336 1517 1505 -22 
2989 1445 1438 1485 -22 
2990 1379 1396 1535 -22 
2991 1925 1909 1933 -22 
2992 1458 1357 1505 -22 
2993 1498 1398 1536 -22 
2994 1458 1505 1537 -22 
2995 1472 1498 1538 -22 
2996 1533 1472 1538 -22 
2997 1498 1536 1538 -22 
2998 1358 1359 1539 -22 
2999 1467 1358 1539 -22 
3000 1359 1468 1539 -22 
3001 1505 1517 1537 -22 
3002 1428 1460 1529 -22 
3003 1471 1432 1540 -22 
3004 1500 1471 1540 -22 
3005 1432 1532 1540 -22 
3006 1921 1934 1943 -22 
3007 1423 1410 1541 -22 
3008 1410 1497 1541 -22 
3009 1396 1523 1535 -22 
3010 1444 1324 1542 -22 
3011 1324 1422 1542 -22 
3012 1458 1347 1357 -22 
3013 1529 1460 1543 -22 
3014 1536 1398 1544 -22 
3015 1398 1433 1544 -22 
3016 1480 1506 1545 -22 
3017 1250 1199 1470 -22 
3018 1494 1400 1546 -22 
3019 1400 1469 1546 -22 
3020 1340 1194 1236 -22 
3021 1496 1458 1537 -22 
3022 1454 1370 1547 -22 
3023 1370 1500 1547 -22 
3024 1374 1409 1548 -22 
3025 1455 1449 1549 -22 
3026 1521 1455 1549 -22 
3027 1449 1492 1549 -22 
3028 1501 1386 1550 -22 
3029 1386 1369 1550 -22 
3030 1409 1514 1548 -22 
3031 1922 1914 1939 -22 
3032 1539 1468 1551 -22 
3033 1439 1452 1517 -22 
3034 1369 1423 1552 -22 
3035 1550 1369 1552 -22 
3036 1423 1541 1552 -22 
3037 1530 1466 1553 -22 
3038 1526 1443 1554 -22 
3039 1443 1462 1554 -22 
3040 1459 1450 1555 -22 
3041 1468 1482 1556 -22 
3042 1382 1387 1380 -22 
3043 1491 1395 1503 -22 
3044 1339 1476 1507 -22 
3045 1909 1927 1933 -22 
3046 1485 1438 1527 -22 
3047 1466 1459 1553 -22 
3048 1339 1507 1451 -22 
3049 1480 1545 1483 -22 
3050 1497 1463 1557 -22 
3051 1463 1479 1557 -22 
3052 1456 1461 1526 -22 
3053 1488 1431 1558 -22 
3054 1431 1444 1558 -22 
3055 1462 1419 1559 -22 
3056 1419 1518 1559 -22 
3057 1413 1516 1524 -22 
3058 1469 1457 1560 -22 
3059 1546 1469 1560 -22 
3060 1457 1496 1560 -22 
3061 1411 1374 1548 -22 
3062 1519 1414 1561 -22 
3063 1414 1465 1561 -22 
3064 1518 1435 1534 -22 
3065 1503 1379 1562 -22 
3066 1379 1535 1562 -22 
3067 1465 1361 1475 -22 
3068 1517 1356 1439 -22 
3069 1377 1467 1563 -22 
3070 1415 1377 1564 -22 
3071 1377 1563 1564 -22 
3072 1537 1517 1452 -22 
3073 1385 1415 1565 -22 
3074 1532 1385 1565 -22 
3075 1415 1564 1565 -22 
3076 1473 1454 1566 -22 
3077 1515 1473 1566 -22 
3078 1454 1547 1566 -22 
3079 1492 1524 1549 -22 
3080 1475 1436 1567 -22 
3081 1436 1515 1567 -22 
3082 1506 1364 1493 -22 
3083 1422 1348 1568 -22 
3084 1542 1422 1568 -22 
3085 1348 1456 1568 -22 
3086 1425 1388 1569 -22 
3087 1460 1508 1543 -22 
3088 1453 1380 1487 -22 
3089 1525 1390 1570 -22 
3090 1032 1110 1237 -22 
3091 1481 1412 1571 -22 
3092 1433 1426 1502 -22 
3093 1544 1433 1502 -22 
3094 1935 1922 1942 -22 
3095 1450 1481 1572 -22 
3096 1555 1450 1572 -22 
3097 1481 1571 1572 -22 
3098 1551 1468 1556 -22 
3099 1571 1412 1573 -22 
3100 1412 1441 1573 -22 
3101 1537 1452 1495 -22 
3102 1425 1569 1502 -22 
3103 1441 1418 1574 -22 
3104 1573 1441 1574 -22 
3105 1418 1486 1574 -22 
3106 1388 1487 1569 -22 
3107 1495 1491 1575 -22 
3108 1491 1503 1576 -22 
3109 1503 1562 1576 -22 
3110 1447 1378 1577 -22 
3111 1378 1528 1577 -22 
3112 1353 1247 1438 -22 
3113 1501 1550 1578 -22 
3114 1467 1539 1579 -22 
3115 1539 1551 1579 -22 
3116 1496 1537 1580 -22 
3117 1411 1548 1482 -22 
3118 1521 1549 1581 -22 
3119 1549 1524 1581 -22 
3120 1556 1482 1548 -22 
3121 1531 1519 1582 -22 
3122 1907 1926 1941 -22 
3123 1478 1529 1583 -22 
3124 1548 1514 1556 -22 
3125 1387 1427 1310 -22 
3126 1583 1529 1584 -22 
3127 1529 1543 1584 -22 
3128 1530 1553 1585 -22 
3129 1506 1489 1545 -22 
3130 1507 1478 1451 -22 
3131 1509 1501 1586 -22 
3132 1501 1578 1586 -22 
3133 1493 1364 1504 -22 
3134 1510 1509 1587 -22 
3135 1509 1586 1587 -22 
3136 1511 1510 1588 -22 
3137 1510 1587 1588 -22 
3138 1512 1511 1589 -22 
3139 1511 1588 1589 -22 
3140 1513 1512 1590 -22 
3141 1512 1589 1590 -22 
3142 1514 1513 1591 -22 
3143 1556 1514 1591 -22 
3144 1513 1590 1591 -22 
3145 1535 1523 1592 -22 
3146 1524 1516 1593 -22 
3147 1465 1475 1594 -22 
3148 1561 1465 1594 -22 
3149 1475 1567 1594 -22 
3150 1479 1483 1595 -22 
3151 1557 1479 1595 -22 
3152 1483 1545 1595 -22 
3153 1380 1276 1487 -22 
3154 1364 1218 1520 -22 
3155 1553 1459 1555 -22 
3156 1474 1420 1596 -22 
3157 1420 1525 1596 -22 
3158 1485 1527 1597 -22 
3159 1553 1555 1598 -22 
3160 1528 1494 1599 -22 
3161 1516 1485 1600 -22 
3162 1593 1516 1600 -22 
3163 1485 1597 1600 -22 
3164 1527 1448 1577 -22 
3165 1451 1478 1583 -22 
3166 1451 1583 1570 -22 
3167 1545 1489 1601 -22 
3168 1489 1522 1601 -22 
3169 1596 1525 1602 -22 
3170 1543 1508 1603 -22 
3171 1551 1556 1604 -22 
3172 1556 1591 1604 -22 
3173 1508 1533 1605 -22 
3174 1603 1508 1605 -22 
3175 1533 1538 1605 -22 
3176 1534 1531 1606 -22 
3177 1531 1582 1606 -22 
3178 1518 1534 1607 -22 
3179 1534 1606 1607 -22 
3180 1456 1526 1608 -22 
3181 1523 1446 1609 -22 
3182 1437 1569 1487 -22 
3183 1570 1583 1610 -22 
3184 1583 1584 1610 -22 
3185 1563 1467 1579 -22 
3186 1525 1570 1611 -22 
3187 1602 1525 1611 -22 
3188 1570 1610 1611 -22 
3189 1537 1495 1612 -22 
3190 1580 1537 1612 -22 
3191 1495 1575 1612 -22 
3192 1569 1437 1530 -22 
3193 1569 1530 1502 -22 
3194 1502 1530 1585 -22 
3195 1572 1571 1613 -22 
3196 1444 1542 1614 -22 
3197 1558 1444 1614 -22 
3198 1542 1568 1614 -22 
3199 1491 1576 1575 -22 
3200 1490 1488 1615 -22 
3201 1577 1528 1616 -22 
3202 1528 1599 1616 -22 
3203 1579 1551 1617 -22 
3204 1551 1604 1617 -22 
3205 1448 1447 1577 -22 
3206 1486 1490 1618 -22 
3207 1490 1615 1618 -22 
3208 1460 1428 1375 -22 
3209 1578 1550 1619 -22 
3210 1550 1552 1619 -22 
3211 1547 1500 1620 -22 
3212 1387 1310 1380 -22 
3213 1462 1559 1554 -22 
3214 1582 1519 1621 -22 
3215 1519 1561 1621 -22 
3216 1541 1497 1622 -22 
3217 1532 1565 1623 -22 
3218 1574 1486 1624 -22 
3219 1486 1618 1624 -22 
3220 1592 1523 1625 -22 
3221 1379 1258 1333 -22 
3222 1555 1572 1626 -22 
3223 1572 1613 1626 -22 
3224 1456 1608 1568 -22 
3225 1584 1543 1627 -22 
3226 1522 1521 1628 -22 
3227 1601 1522 1628 -22 
3228 1521 1581 1628 -22 
3229 1585 1553 1629 -22 
3230 1553 1598 1629 -22 
3231 1559 1518 1630 -22 
3232 1518 1607 1630 -22 
3233 1560 1496 1631 -22 
3234 1496 1580 1631 -22 
3235 1562 1535 1632 -22 
3236 1535 1592 1632 -22 
3237 1564 1563 1633 -22 
3238 1515 1566 1634 -22 
3239 1599 1494 1635 -22 
3240 1494 1546 1635 -22 
3241 1927 1916 1941 -22 
3242 1598 1555 1626 -22 
3243 1527 1577 1636 -22 
3244 1596 1602 1625 -22 
3245 1567 1515 1637 -22 
3246 1515 1634 1637 -22 
3247 1543 1603 1627 -22 
3248 1597 1527 1636 -22 
3249 1470 1505 1357 -22 
3250 1613 1571 1638 -22 
3251 1571 1573 1638 -22 
3252 1608 1526 1639 -22 
3253 1474 1596 1609 -22 
3254 1523 1609 1625 -22 
3255 1563 1579 1640 -22 
3256 1633 1563 1640 -22 
3257 1579 1617 1640 -22 
3258 1540 1532 1641 -22 
3259 1532 1623 1641 -22 
3260 1609 1596 1625 -22 
3261 1615 1488 1642 -22 
3262 1488 1558 1642 -22 
3263 1577 1616 1636 -22 
3264 1620 1500 1643 -22 
3265 1500 1540 1643 -22 
3266 1622 1497 1644 -22 
3267 1497 1557 1644 -22 
3268 1639 1526 1554 -22 
3269 1474 1609 1499 -22 
3270 1610 1584 1645 -22 
3271 1364 1520 1504 -22 
3272 1536 1544 1646 -22 
3273 1606 1582 1647 -22 
3274 1552 1541 1648 -22 
3275 1541 1622 1648 -22 
3276 1581 1524 1593 -22 
3277 1484 1499 1609 -22 
3278 1576 1562 1649 -22 
3279 1562 1632 1649 -22 
3280 1538 1536 1650 -22 
3281 1605 1538 1650 -22 
3282 1536 1646 1650 -22 
3283 1626 1613 1651 -22 
3284 1573 1574 1652 -22 
3285 1638 1573 1652 -22 
3286 1574 1624 1652 -22 
3287 1608 1639 1653 -22 
3288 1554 1559 1654 -22 
3289 1639 1554 1654 -22 
3290 1559 1630 1654 -22 
3291 1568 1608 1614 -22 
3292 1597 1636 1655 -22 
3293 1634 1566 1656 -22 
3294 1566 1547 1656 -22 
3295 1586 1578 1657 -22 
3296 1587 1586 1658 -22 
3297 1586 1657 1658 -22 
3298 1588 1587 1659 -22 
3299 1587 1658 1659 -22 
3300 1589 1588 1660 -22 
3301 1588 1659 1660 -22 
3302 1590 1589 1661 -22 
3303 1589 1660 1661 -22 
3304 1591 1590 1662 -22 
3305 1604 1591 1662 -22 
3306 1590 1661 1662 -22 
3307 1592 1625 1663 -22 
3308 1595 1545 1664 -22 
3309 1664 1545 1601 -22 
3310 1595 1664 1665 -22 
3311 1664 1601 1666 -22 
3312 1601 1628 1666 -22 
3313 1627 1603 1667 -22 
3314 1565 1564 1668 -22 
3315 1623 1565 1668 -22 
3316 1564 1633 1668 -22 
3317 1546 1560 1669 -22 
3318 1635 1546 1669 -22 
3319 1560 1631 1669 -22 
3320 1446 1484 1609 -22 
3321 1584 1627 1645 -22 
3322 1575 1576 1670 -22 
3323 1576 1649 1670 -22 
3324 1557 1595 1665 -22 
3325 1598 1626 1671 -22 
3326 1626 1651 1671 -22 
3327 1581 1593 1672 -22 
3328 1607 1606 1673 -22 
3329 1606 1647 1673 -22 
3330 1618 1615 1674 -22 
3331 1438 1445 1353 -22 
3332 1558 1614 1675 -22 
3333 1648 1622 1676 -22 
3334 1643 1540 1641 -22 
3335 1647 1582 1677 -22 
3336 1582 1621 1677 -22 
3337 1617 1604 1678 -22 
3338 1604 1662 1678 -22 
3339 1552 1648 1619 -22 
3340 1644 1557 1665 -22 
3341 1646 1544 1585 -22 
3342 1602 1611 1679 -22 
3343 1916 1907 1941 -22 
3344 1668 1633 1680 -22 
3345 1610 1645 1681 -22 
3346 1624 1618 1682 -22 
3347 1618 1674 1682 -22 
3348 1621 1561 1683 -22 
3349 1561 1594 1683 -22 
3350 1547 1620 1656 -22 
3351 1646 1585 1629 -22 
3352 1676 1622 1684 -22 
3353 1622 1644 1684 -22 
3354 1585 1544 1502 -22 
3355 1680 1633 1685 -22 
3356 1633 1640 1685 -22 
3357 1610 1681 1611 -22 
3358 1639 1654 1686 -22 
3359 1655 1636 1687 -22 
3360 1636 1616 1687 -22 
3361 1603 1605 1688 -22 
3362 1605 1650 1688 -22 
3363 1628 1581 1672 -22 
3364 1634 1656 1689 -22 
3365 1627 1667 1690 -22 
3366 1600 1597 1691 -22 
3367 1597 1655 1691 -22 
3368 1657 1578 1692 -22 
3369 1578 1619 1692 -22 
3370 1630 1607 1693 -22 
3371 1607 1673 1693 -22 
3372 1616 1599 1694 -22 
3373 1687 1616 1694 -22 
3374 1599 1635 1694 -22 
3375 1631 1580 1695 -22 
3376 1612 1575 1696 -22 
3377 1594 1567 1697 -22 
3378 1683 1594 1697 -22 
3379 1567 1637 1697 -22 
3380 1665 1664 1698 -22 
3381 1664 1666 1698 -22 
3382 1632 1592 1699 -22 
3383 1592 1663 1699 -22 
3384 1667 1603 1688 -22 
3385 1641 1623 1700 -22 
3386 1623 1668 1701 -22 
3387 1668 1680 1701 -22 
3388 1637 1634 1702 -22 
3389 1634 1689 1702 -22 
3390 1620 1643 1703 -22 
3391 1642 1558 1675 -22 
3392 1593 1600 1704 -22 
3393 1600 1691 1704 -22 
3394 1629 1598 1671 -22 
3395 1593 1704 1672 -22 
3396 1651 1613 1705 -22 
3397 1613 1638 1705 -22 
3398 1580 1612 1706 -22 
3399 1695 1580 1706 -22 
3400 1612 1696 1706 -22 
3401 1645 1627 1690 -22 
3402 1674 1615 1707 -22 
3403 1615 1642 1707 -22 
3404 1575 1670 1696 -22 
3405 1653 1639 1686 -22 
3406 1625 1602 1708 -22 
3407 1700 1623 1701 -22 
3408 1708 1602 1679 -22 
3409 1625 1708 1663 -22 
3410 1643 1641 1709 -22 
3411 1703 1643 1709 -22 
3412 1641 1700 1709 -22 
3413 1681 1645 1710 -22 
3414 1679 1611 1681 -22 
3415 1644 1665 1711 -22 
3416 1684 1644 1711 -22 
3417 1665 1698 1711 -22 
3418 1663 1708 1712 -22 
3419 1649 1632 1713 -22 
3420 1632 1699 1713 -22 
3421 1608 1653 1614 -22 
3422 1650 1646 1714 -22 
3423 1675 1614 1653 -22 
3424 1654 1630 1715 -22 
3425 1686 1654 1715 -22 
3426 1630 1693 1715 -22 
3427 1655 1687 1716 -22 
3428 1658 1657 1717 -22 
3429 1688 1650 1714 -22 
3430 1690 1667 1718 -22 
3431 1629 1671 1719 -22 
3432 1645 1690 1710 -22 
3433 1619 1648 1720 -22 
3434 1692 1619 1720 -22 
3435 1648 1676 1720 -22 
3436 1659 1658 1721 -22 
3437 1658 1717 1721 -22 
3438 1660 1659 1722 -22 
3439 1659 1721 1722 -22 
3440 1661 1660 1723 -22 
3441 1660 1722 1723 -22 
3442 1662 1661 1724 -22 
3443 1678 1662 1724 -22 
3444 1661 1723 1724 -22 
3445 1701 1680 1725 -22 
3446 1656 1620 1726 -22 
3447 1642 1675 1727 -22 
3448 1670 1649 1728 -22 
3449 1649 1713 1728 -22 
3450 1673 1647 1729 -22 
3451 1671 1651 1730 -22 
3452 1672 1704 1731 -22 
3453 1667 1688 1732 -22 
3454 1718 1667 1732 -22 
3455 1688 1714 1732 -22 
3456 1696 1670 1733 -22 
3457 1670 1728 1733 -22 
3458 1640 1617 1734 -22 
3459 1685 1640 1734 -22 
3460 1617 1678 1734 -22 
3461 1620 1703 1726 -22 
3462 1646 1629 1714 -22 
3463 1700 1701 1735 -22 
3464 1701 1725 1735 -22 
3465 1679 1681 1736 -22 
3466 1675 1653 1727 -22 
3467 1726 1703 1737 -22 
3468 1656 1726 1689 -22 
3469 1689 1726 1738 -22 
3470 1726 1737 1738 -22 
3471 1677 1621 1739 -22 
3472 1621 1683 1739 -22 
3473 1725 1680 1740 -22 
3474 1680 1685 1740 -22 
3475 1727 1653 1686 -22 
3476 1373 1396 1333 -22 
3477 1691 1655 1741 -22 
3478 1655 1716 1741 -22 
3479 1727 1686 1742 -22 
3480 1716 1687 1743 -22 
3481 1666 1628 1672 -22 
3482 1698 1666 1672 -22 
3483 1719 1671 1730 -22 
3484 1669 1631 1744 -22 
3485 1631 1695 1744 -22 
3486 1737 1703 1745 -22 
3487 1703 1709 1745 -22 
3488 1652 1624 1746 -22 
3489 1624 1682 1746 -22 
3490 1638 1652 1747 -22 
3491 1705 1638 1747 -22 
3492 1652 1746 1747 -22 
3493 1717 1657 1748 -22 
3494 1657 1692 1748 -22 
3495 1696 1733 1749 -22 
3496 1674 1707 1750 -22 
3497 1710 1690 1751 -22 
3498 1693 1673 1752 -22 
3499 1673 1729 1752 -22 
3500 1720 1676 1753 -22 
3501 1714 1629 1719 -22 
3502 1699 1663 1712 -22 
3503 1686 1715 1742 -22 
3504 1731 1704 1754 -22 
3505 1704 1691 1754 -22 
3506 1708 1679 1755 -22 
3507 1702 1689 1756 -22 
3508 1689 1738 1756 -22 
3509 1642 1727 1707 -22 
3510 1708 1755 1712 -22 
3511 1635 1669 1757 -22 
3512 1669 1744 1757 -22 
3513 1690 1718 1751 -22 
3514 1681 1710 1736 -22 
3515 1729 1647 1758 -22 
3516 1647 1677 1758 -22 
3517 1698 1672 1731 -22 
3518 1697 1637 1759 -22 
3519 1637 1702 1759 -22 
3520 1706 1696 1749 -22 
3521 1687 1694 1743 -22 
3522 1682 1674 1760 -22 
3523 1674 1750 1760 -22 
3524 1730 1651 1761 -22 
3525 1651 1705 1761 -22 
3526 1709 1700 1762 -22 
3527 1745 1709 1762 -22 
3528 1700 1735 1762 -22 
3529 1695 1706 1763 -22 
3530 1706 1749 1763 -22 
3531 1744 1695 1764 -22 
3532 1695 1763 1764 -22 
3533 1635 1757 1694 -22 
3534 1753 1676 1765 -22 
3535 1676 1684 1765 -22 
3536 1755 1679 1736 -22 
3537 1743 1694 1757 -22 
3538 1728 1713 1766 -22 
3539 1713 1699 1767 -22 
3540 1699 1712 1767 -22 
3541 1716 1743 1768 -22 
3542 1736 1710 1769 -22 
3543 1763 1749 1770 -22 
3544 1715 1693 1771 -22 
3545 1742 1715 1771 -22 
3546 1693 1752 1771 -22 
3547 1733 1728 1772 -22 
3548 1707 1727 1773 -22 
3549 1750 1707 1773 -22 
3550 1727 1742 1773 -22 
3551 1710 1751 1769 -22 
3552 1721 1717 1774 -22 
3553 1683 1697 1775 -22 
3554 1739 1683 1775 -22 
3555 1697 1759 1775 -22 
3556 1722 1721 1776 -22 
3557 1721 1774 1776 -22 
3558 1723 1722 1777 -22 
3559 1722 1776 1777 -22 
3560 1738 1737 1778 -22 
3561 1692 1720 1779 -22 
3562 1748 1692 1779 -22 
3563 1720 1753 1779 -22 
3564 1757 1744 1780 -22 
3565 1744 1764 1780 -22 
3566 1698 1731 1711 -22 
3567 1751 1718 1781 -22 
3568 1712 1755 1782 -22 
3569 1755 1736 1783 -22 
3570 1782 1755 1783 -22 
3571 1736 1769 1783 -22 
3572 1735 1725 1784 -22 
3573 1766 1713 1767 -22 
3574 1743 1757 1780 -22 
3575 1743 1780 1768 -22 
3576 1740 1685 1785 -22 
3577 1685 1734 1785 -22 
3578 1751 1781 1786 -22 
3579 1731 1754 1787 -22 
3580 1691 1741 1754 -22 
3581 1719 1730 1781 -22 
3582 1752 1729 1788 -22 
3583 1770 1749 1789 -22 
3584 1749 1733 1789 -22 
3585 1728 1766 1772 -22 
3586 1746 1682 1790 -22 
3587 1682 1760 1790 -22 
3588 1773 1742 1791 -22 
3589 1742 1771 1791 -22 
3590 1741 1716 1792 -22 
3591 1716 1768 1792 -22 
3592 1765 1684 1793 -22 
3593 1684 1711 1793 -22 
3594 1730 1761 1781 -22 
3595 1750 1773 1794 -22 
3596 1773 1791 1794 -22 
3597 1774 1717 1795 -22 
3598 1717 1748 1795 -22 
3599 1733 1772 1789 -22 
3600 1753 1765 1796 -22 
3601 1714 1719 1732 -22 
3602 1779 1753 1797 -22 
3603 1753 1796 1797 -22 
3604 1778 1737 1798 -22 
3605 1737 1745 1798 -22 
3606 1756 1738 1799 -22 
3607 1738 1778 1799 -22 
3608 1767 1712 1782 -22 
3609 1784 1725 1800 -22 
3610 1725 1740 1800 -22 
3611 1758 1677 1801 -22 
3612 1677 1739 1801 -22 
3613 1759 1702 1802 -22 
3614 1702 1756 1802 -22 
3615 1718 1732 1719 -22 
3616 1711 1731 1787 -22 
3617 1760 1750 1803 -22 
3618 1750 1794 1803 -22 
3619 1761 1705 1804 -22 
3620 1705 1747 1804 -22 
3621 1734 1678 1805 -22 
3622 1785 1734 1805 -22 
3623 1678 1724 1805 -22 
3624 1762 1735 1806 -22 
3625 1735 1784 1806 -22 
3626 1764 1763 1807 -22 
3627 1763 1770 1807 -22 
3628 1788 1729 1808 -22 
3629 1729 1758 1808 -22 
3630 1787 1754 1809 -22 
3631 1754 1741 1809 -22 
3632 1768 1780 1810 -22 
3633 1770 1789 1811 -22 
3634 1769 1751 1812 -22 
3635 1781 1761 1813 -22 
3636 1747 1746 1814 -22 
3637 1746 1790 1814 -22 
3638 1772 1766 1815 -22 
3639 1776 1774 1816 -22 
3640 1796 1765 1817 -22 
3641 1765 1793 1817 -22 
3642 1723 1777 1805 -22 
3643 1777 1776 1818 -22 
3644 1776 1816 1818 -22 
3645 1724 1723 1805 -22 
3646 1748 1779 1819 -22 
3647 1795 1748 1819 -22 
3648 1779 1797 1819 -22 
3649 1751 1786 1812 -22 
3650 1789 1772 1820 -22 
3651 1811 1789 1820 -22 
3652 1772 1815 1820 -22 
3653 1780 1764 1821 -22 
3654 1810 1780 1821 -22 
3655 1764 1807 1821 -22 
3656 1767 1782 1822 -22 
3657 1745 1762 1823 -22 
3658 1798 1745 1823 -22 
3659 1762 1806 1823 -22 
3660 1812 1786 1824 -22 
3661 1771 1752 1825 -22 
3662 1791 1771 1825 -22 
3663 1752 1788 1825 -22 
3664 1766 1767 1826 -22 
3665 1815 1766 1826 -22 
3666 1767 1822 1826 -22 
3667 1769 1812 1827 -22 
3668 1805 1777 1785 -22 
3669 1809 1741 1792 -22 
3670 1822 1782 1828 -22 
3671 1806 1784 1829 -22 
3672 1786 1781 1813 -22 
3673 1760 1803 1790 -22 
3674 1768 1810 1830 -22 
3675 1769 1827 1783 -22 
3676 1761 1804 1813 -22 
3677 1785 1777 1818 -22 
3678 1788 1808 1831 -22 
3679 1768 1830 1792 -22 
3680 1747 1814 1804 -22 
3681 1827 1812 1832 -22 
3682 1812 1824 1832 -22 
3683 1775 1759 1833 -22 
3684 1759 1802 1833 -22 
3685 1796 1817 1834 -22 
3686 1794 1791 1835 -22 
3687 1791 1825 1835 -22 
3688 1816 1774 1836 -22 
3689 1774 1795 1836 -22 
3690 1829 1784 1837 -22 
3691 1784 1800 1837 -22 
3692 1739 1775 1838 -22 
3693 1801 1739 1838 -22 
3694 1775 1833 1838 -22 
3695 1711 1787 1793 -22 
3696 1797 1796 1839 -22 
3697 1796 1834 1839 -22 
3698 1824 1786 1813 -22 
3699 1799 1778 1840 -22 
3700 1718 1719 1781 -22 
3701 1802 1756 1841 -22 
3702 1756 1799 1841 -22 
3703 1825 1788 1842 -22 
3704 1835 1825 1842 -22 
3705 1788 1831 1842 -22 
3706 1803 1794 1843 -22 
3707 1794 1835 1843 -22 
3708 1782 1783 1828 -22 
3709 1807 1770 1844 -22 
3710 1770 1811 1844 -22 
3711 1808 1758 1845 -22 
3712 1758 1801 1845 -22 
3713 1793 1787 1817 -22 
3714 1840 1778 1846 -22 
3715 1778 1798 1846 -22 
3716 1817 1787 1809 -22 
3717 1830 1810 1847 -22 
3718 1740 1785 1818 -22 
3719 1831 1808 1848 -22 
3720 1808 1845 1848 -22 
3721 1809 1792 1849 -22 
3722 1792 1830 1849 -22 
3723 1790 1803 1850 -22 
3724 1818 1816 1851 -22 
3725 1822 1828 1852 -22 
3726 1804 1814 1853 -22 
3727 1834 1817 1809 -22 
3728 1824 1813 1854 -22 
3729 1814 1790 1850 -22 
3730 1800 1740 1818 -22 
3731 1813 1804 1853 -22 
3732 1806 1829 1855 -22 
3733 1799 1840 1856 -22 
3734 1847 1810 1857 -22 
3735 1810 1821 1857 -22 
3736 1829 1837 1858 -22 
3737 1813 1853 1854 -22 
3738 1783 1827 1859 -22 
3739 1815 1826 1860 -22 
3740 1800 1818 1851 -22 
3741 1849 1830 1861 -22 
3742 1850 1803 1862 -22 
3743 1803 1843 1862 -22 
3744 1822 1852 1826 -22 
3745 1843 1835 1863 -22 
3746 1835 1842 1863 -22 
3747 1806 1855 1823 -22 
3748 1834 1809 1849 -22 
3749 1832 1824 1864 -22 
3750 1824 1854 1864 -22 
3751 1833 1802 1865 -22 
3752 1802 1841 1865 -22 
3753 1783 1859 1828 -22 
3754 1840 1846 1866 -22 
3755 1846 1798 1867 -22 
3756 1798 1823 1867 -22 
3757 1836 1795 1868 -22 
3758 1795 1819 1868 -22 
3759 1819 1797 1869 -22 
3760 1797 1839 1869 -22 
3761 1837 1800 1851 -22 
3762 1839 1834 1870 -22 
3763 1851 1816 1871 -22 
3764 1816 1836 1871 -22 
3765 1814 1850 1853 -22 
3766 1841 1799 1856 -22 
3767 1856 1840 1872 -22 
3768 1840 1866 1872 -22 
3769 1855 1829 1873 -22 
3770 1829 1858 1873 -22 
3771 1820 1815 1874 -22 
3772 1842 1831 1875 -22 
3773 1863 1842 1875 -22 
3774 1831 1848 1875 -22 
3775 1828 1859 1876 -22 
3776 1828 1876 1852 -22 
3777 1811 1820 1877 -22 
3778 1844 1811 1878 -22 
3779 1811 1877 1878 -22 
3780 1821 1807 1879 -22 
3781 1857 1821 1879 -22 
3782 1807 1844 1879 -22 
3783 1845 1801 1880 -22 
3784 1801 1838 1880 -22 
3785 1859 1827 1881 -22 
3786 1876 1859 1881 -22 
3787 1827 1832 1881 -22 
3788 1815 1860 1874 -22 
3789 1830 1847 1861 -22 
3790 1882 1861 1847 -22 
3791 1854 1853 1883 -22 
3792 1864 1854 1883 -22 
3793 1853 1850 1883 -22 
3794 1848 1845 1884 -22 
3795 1845 1880 1884 -22 
3796 1837 1851 1885 -22 
3797 1858 1837 1885 -22 
3798 1851 1871 1885 -22 
3799 1866 1846 1886 -22 
3800 1846 1867 1886 -22 
3801 1870 1834 1849 -22 
3802 1838 1833 1887 -22 
3803 1833 1865 1887 -22 
3804 1826 1852 1860 -22 
3805 1823 1855 1867 -22 
3806 1820 1874 1877 -22 
3807 1852 1876 1888 -22 
3808 1874 1860 1889 -22 
3809 1860 1852 1890 -22 
3810 1889 1860 1890 -22 
3811 1852 1888 1890 -22 
3812 1877 1874 1891 -22 
3813 1858 1885 1892 -22 
3814 1856 1872 1893 -22 
3815 1847 1857 1894 -22 
3816 1882 1847 1894 -22 
3817 1832 1864 1895 -22 
3818 1839 1870 1896 -22 
3819 1883 1850 1862 -22 
3820 1865 1841 1897 -22 
3821 1841 1856 1897 -22 
3822 1868 1819 1869 -22 
3823 1869 1839 1896 -22 
3824 1871 1836 1898 -22 
3825 1836 1868 1898 -22 
3826 1866 1886 1899 -22 
3827 1875 1848 1900 -22 
3828 1880 1838 1887 -22 
3829 1872 1866 1901 -22 
3830 1866 1899 1901 -22 
3831 1873 1858 1902 -22 
3832 1858 1892 1902 -22 
3833 1862 1843 1903 -22 
3834 1843 1863 1903 -22 
3835 1891 1874 1889 -22 
3836 1888 1876 1904 -22 
3837 1878 1877 1905 -22 
3838 1877 1891 1905 -22 
3839 1876 1881 1904 -22 
3840 1867 1855 1906 -22 
3841 1886 1867 1906 -22 
3842 1855 1873 1906 -22 
3843 1879 1844 1907 -22 
3844 1844 1878 1907 -22 
3845 1848 1884 1900 -22 
3846 1881 1832 1895 -22 
3847 1856 1893 1897 -22 
3848 1897 1893 1908 -22 
3849 1882 1894 1909 -22 
3850 1885 1871 1910 -22 
3851 1892 1885 1910 -22 
3852 1871 1898 1910 -22 
3853 1883 1862 1911 -22 
3854 1864 1883 1911 -22 
3855 1862 1903 1911 -22 
3856 1865 1897 1912 -22 
3857 1897 1908 1912 -22 
3858 1849 1861 1870 -22 
3859 1891 1889 1913 -22 
3860 1884 1880 1914 -22 
3861 1880 1887 1914 -22 
3862 1896 1870 1915 -22 
3863 1870 1861 1915 -22 
3864 1894 1857 1916 -22 
3865 1857 1879 1916 -22 
3866 1899 1886 1917 -22 
3867 1886 1906 1917 -22 
3868 1887 1865 1912 -22 
3869 1893 1872 1918 -22 
3870 1872 1901 1918 -22 
3871 1896 1915 1919 -22 
3872 1861 1882 1915 -22 
3873 1863 1875 1920 -22 
3874 1903 1863 1920 -22 
3875 1875 1900 1920 -22 
3876 1888 1904 1921 -22 
3877 1900 1884 1922 -22 
3878 1868 1869 1923 -22 
3879 1898 1868 1923 -22 
3880 1869 1896 1923 -22 
3881 1915 1882 1919 -22 
3882 1908 1893 1924 -22 
3883 1893 1918 1924 -22 
3884 1882 1909 1919 -22 
3885 1892 1910 1925 -22 
3886 1907 1878 1926 -22 
3887 1878 1905 1926 -22 
3888 1895 1864 1911 -22 
3889 1894 1916 1927 -22 
3890 1914 1887 1912 -22 
3891 1913 1889 1928 -22 
3892 1889 1890 1928 -22 
3893 1884 1914 1922 -22 
3894 1916 1879 1907 -22 
3895 1891 1913 1929 -22 
3896 1881 1895 1930 -22 
3897 1923 1896 1919 -22 
3898 1890 1888 1931 -22 
3899 1928 1890 1931 -22 
3900 1888 1921 1931 -22 
3901 1901 1899 1932 -22 
3902 1902 1892 1933 -22 
3903 1892 1925 1933 -22 
3904 1921 1904 1934 -22 
3905 1905 1891 1929 -22 
3906 1920 1900 1935 -22 
3907 1895 1911 1936 -22 
3908 1900 1922 1935 -22 
3909 1904 1881 1930 -22 
3910 1906 1873 1937 -22 
3911 1917 1906 1937 -22 
3912 1873 1902 1937 -22 
3913 1909 1894 1927 -22 
3914 1932 1899 1938 -22 
3915 1899 1917 1938 -22 
3916 1930 1895 1936 -22 
3917 1934 1904 1930 -22 
3918 1914 1912 1939 -22 
3919 1912 1908 1939 -22 
3920 1936 1911 1903 -22 
3921 1903 1920 1936 -22 
3922 1929 1913 1940 -22 
3923 1919 1909 1925 -22 
3924 1920 1935 1936 -22 
3925 1923 1919 1925 -22 
3926 1918 1901 1940 -22 
3927 1901 1932 1940 -22 
