1 3 7 2 
2 7 8 2 
3 8 9 2 
4 9 10 2 
5 10 11 2 
6 11 12 2 
7 12 13 2 
8 13 14 2 
9 14 15 2 
10 15 16 2 
11 16 17 2 
12 17 18 2 
13 18 19 2 
14 19 20 2 
15 20 21 2 
16 21 22 2 
17 22 23 2 
18 23 24 2 
19 24 25 2 
20 25 1 2 
21 1 26 3 
22 26 27 3 
23 27 28 3 
24 28 29 3 
25 29 30 3 
26 30 31 3 
27 31 32 3 
28 32 33 3 
29 33 34 3 
30 34 35 3 
31 35 36 3 
32 36 37 3 
33 37 38 3 
34 38 39 3 
35 39 40 3 
36 40 41 3 
37 41 42 3 
38 42 43 3 
39 43 44 3 
40 44 45 3 
41 45 46 3 
42 46 47 3 
43 47 48 3 
44 48 49 3 
45 49 50 3 
46 50 51 3 
47 51 52 3 
48 52 53 3 
49 53 54 3 
50 54 55 3 
51 55 56 3 
52 56 57 3 
53 57 58 3 
54 58 59 3 
55 59 60 3 
56 60 61 3 
57 61 62 3 
58 62 63 3 
59 63 64 3 
60 64 65 3 
61 65 66 3 
62 66 67 3 
63 67 68 3 
64 68 69 3 
65 69 70 3 
66 70 71 3 
67 71 72 3 
68 72 73 3 
69 73 74 3 
70 74 75 3 
71 75 76 3 
72 76 77 3 
73 77 78 3 
74 78 79 3 
75 79 80 3 
76 80 81 3 
77 81 82 3 
78 82 83 3 
79 83 84 3 
80 84 85 3 
81 85 86 3 
82 86 87 3 
83 87 88 3 
84 88 89 3 
85 89 90 3 
86 90 91 3 
87 91 92 3 
88 92 93 3 
89 93 94 3 
90 94 95 3 
91 95 96 3 
92 96 97 3 
93 97 98 3 
94 98 99 3 
95 99 100 3 
96 100 101 3 
97 101 102 3 
98 102 103 3 
99 103 104 3 
100 104 105 3 
101 105 106 3 
102 106 107 3 
103 107 108 3 
104 108 109 3 
105 109 110 3 
106 110 111 3 
107 111 112 3 
108 112 113 3 
109 113 114 3 
110 114 115 3 
111 115 116 3 
112 116 117 3 
113 117 118 3 
114 118 119 3 
115 119 120 3 
116 120 121 3 
117 121 122 3 
118 122 123 3 
119 123 124 3 
120 124 125 3 
121 125 126 3 
122 126 127 3 
123 127 128 3 
124 128 129 3 
125 129 130 3 
126 130 131 3 
127 131 132 3 
128 132 133 3 
129 133 134 3 
130 134 135 3 
131 135 136 3 
132 136 137 3 
133 137 138 3 
134 138 139 3 
135 139 140 3 
136 140 141 3 
137 141 142 3 
138 142 143 3 
139 143 144 3 
140 144 145 3 
141 145 146 3 
142 146 147 3 
143 147 148 3 
144 148 149 3 
145 149 150 3 
146 150 151 3 
147 151 152 3 
148 152 153 3 
149 153 154 3 
150 154 5 3 
151 4 155 1 
152 155 156 1 
153 156 157 1 
154 157 158 1 
155 158 159 1 
156 159 160 1 
157 160 161 1 
158 161 162 1 
159 162 163 1 
160 163 164 1 
161 164 165 1 
162 165 166 1 
163 166 167 1 
164 167 168 1 
165 168 169 1 
166 169 170 1 
167 170 171 1 
168 171 172 1 
169 172 173 1 
170 173 174 1 
171 174 175 1 
172 175 176 1 
173 176 177 1 
174 177 3 1 
175 2 178 4 
176 178 179 4 
177 179 180 4 
178 180 181 4 
179 181 182 4 
180 182 183 4 
181 183 184 4 
182 184 4 4 
183 1 185 0 
184 185 186 0 
185 186 187 0 
186 187 188 0 
187 188 189 0 
188 189 190 0 
189 190 191 0 
190 191 192 0 
191 192 193 0 
192 193 194 0 
193 194 195 0 
194 195 196 0 
195 196 197 0 
196 197 198 0 
197 198 199 0 
198 199 200 0 
199 200 201 0 
200 201 202 0 
201 202 203 0 
202 203 204 0 
203 204 205 0 
204 205 206 0 
205 206 207 0 
206 207 208 0 
207 208 209 0 
208 209 210 0 
209 210 211 0 
210 211 212 0 
211 212 2 0 
212 6 213 4 
213 213 214 4 
214 214 215 4 
215 215 216 4 
216 216 217 4 
217 217 218 4 
218 218 219 4 
219 219 220 4 
220 220 221 4 
221 221 222 4 
222 222 223 4 
223 223 224 4 
224 224 225 4 
225 225 226 4 
226 226 227 4 
227 227 228 4 
228 228 229 4 
229 229 230 4 
230 230 231 4 
231 231 232 4 
232 232 233 4 
233 233 234 4 
234 234 235 4 
235 235 236 4 
236 236 237 4 
237 237 238 4 
238 238 239 4 
239 239 240 4 
240 240 241 4 
241 241 242 4 
242 242 243 4 
243 243 244 4 
244 244 245 4 
245 245 246 4 
246 246 247 4 
247 247 2 4 
248 5 248 4 
249 248 249 4 
250 249 250 4 
251 250 251 4 
252 251 252 4 
253 252 253 4 
254 253 254 4 
255 254 255 4 
256 255 256 4 
257 256 257 4 
258 257 258 4 
259 258 259 4 
260 259 260 4 
261 260 261 4 
262 261 262 4 
263 262 263 4 
264 263 264 4 
265 264 265 4 
266 265 266 4 
267 266 267 4 
268 267 268 4 
269 268 269 4 
270 269 270 4 
271 270 271 4 
272 271 272 4 
273 272 6 4 
