+------------------------------ CFD LOVES C++ ---------------------------+
|--------------------DISCONTINUOS GALERKIN METHOD SOLVER-----------------|
|                                  Author                                |
|   Nam Ha Tran.                                                         |
|   Ver 1.00                                                             |
+------------------------------------------------------------------------+
|   This program uses Discontinous Galerkin method to solve 2D problems  |
|   on structural and unstructural mesh.                                 |
+------------------------------------------------------------------------+
	Program ran at (d-m-y_h-m-s) 23-11-2018_19-33-35

	inedel array

8 17 22 28 34 40 46 52 58 64 0 10 459 464 470 476 482 488 494 500 506 512 518 4 527 532 538 458 546 555 565 575 585 595 605 615 625 635 645 655 665 675 16 70 19 20 23 26 32 38 44 50 56 62 25 68 467 468 461 462 465 471 474 480 486 492 498 504 510 516 526 522 530 536 542 551 561 571 581 591 601 611 621 631 641 651 661 671 524 521 42 67 31 37 43 49 55 61 473 479 485 491 497 503 509 515 535 541 560 570 580 590 600 610 620 630 640 650 660 670 48 54 60 66 502 508 514 520 534 540 557 567 577 587 597 607 617 627 637 647 657 667 677 36 30 496 490 484 478 529 550 865 920 873 870 878 893 950 881 885 894 904 924 866 867 1004 907 903 905 900 896 1020 939 911 908 909 915 1028 912 1024 913 919 921 1030 916 1026 917 928 932 936 942 943 944 680 935 937 863 899 1018 952 544 862 957 961 965 969 973 977 981 985 989 993 997 882 1010 883 874 875 869 871 1006 877 1008 879 941 898 1014 890 1000 946 1012 886 887 1068 889 1022 901 1039 1041 947 923 927 931 970 968 1046 925 953 891 1002 956 1050 960 964 1054 972 976 980 984 988 992 996 948 958 998 994 990 986 982 978 974 929 1044 1063 1017 1037 1035 1067 1033 933 1065 1061 1059 955 1049 966 962 1053 1057 1146 1141 1121 1117 1123 1124 1097 1101 1100 1102 1199 1170 1078 1166 1074 1114 1115 1203 1090 1207 1145 1147 1178 1154 1105 1093 1222 1219 1174 1179 1180 1206 1208 1224 1175 1176 1242 1187 1162 1183 1244 1163 1191 1194 1250 1195 1196 1198 1252 1142 1228 1143 1202 1254 1149 1071 1153 1157 1155 1111 1083 1204 1150 1127 1200 1237 1167 1087 1096 1118 1160 1126 1135 1128 1232 1239 1230 1076 1075 1080 1079 1171 1132 1139 1133 1172 1188 1186 1104 1106 1130 1110 1119 1182 1240 1184 1192 1190 1151 1072 1070 1212 1215 1213 1246 1092 1094 1082 1108 1084 1234 1113 1249 1311 1301 1273 1257 1280 1338 1088 1387 1297 1256 1258 1320 1261 1308 1344 1331 1391 1310 1312 1220 1330 1332 1272 1274 1217 1337 1399 1379 1279 1281 1353 1366 1354 1341 1342 1300 1302 1086 1265 1211 1373 1345 1364 1294 1098 1314 1358 1372 1321 1319 1362 1323 1328 1324 1137 1276 1359 1277 1339 1305 1334 1369 1389 1315 1316 1351 1298 1397 1347 1361 1260 1262 1264 1295 1293 1395 1336 1374 1442 1363 1349 1165 1268 1383 1393 1443 1412 1449 1168 1290 1286 1368 1356 1413 1427 1452 1306 1423 1289 1267 1371 1290 1460 1401 1441 1450 1471 1467 1416 1307 1424 1426 1454 1377 1407 1445 1402 1418 1411 1422 1408 1456 1457 1434 1436 1409 1419 1384 1437 1284 1429 1447 1420 1283 1287 1433 1327 1381 1472 72 76 81 87 93 99 105 111 117 123 129 135 141 147 153 159 165 171 177 183 189 195 201 207 213 219 225 231 237 243 249 255 261 267 273 279 285 291 297 303 309 315 321 327 333 339 345 351 357 363 369 375 381 387 393 399 405 411 417 423 429 435 441 447 453 12 456 5596 546 551 553 555 558 565 571 573 575 578 585 591 593 595 598 601 603 605 608 611 613 615 618 621 623 625 628 631 633 635 638 641 643 645 648 651 653 655 658 661 663 665 668 671 673 675 678 5 7 682 14 685 691 697 703 709 715 721 727 733 739 745 751 757 763 769 775 781 785 784 787 792 798 804 810 816 822 828 834 840 846 852 858 2 75 79 82 85 91 97 103 109 115 121 127 133 139 145 151 157 163 169 168 172 175 174 178 181 180 184 187 186 190 193 192 196 199 198 202 205 204 208 211 217 223 229 235 241 247 253 259 265 271 277 283 289 295 301 307 313 319 325 324 328 331 330 334 337 336 340 343 342 346 349 348 352 355 354 358 361 360 364 367 373 379 385 391 397 403 409 415 421 427 433 439 445 451 1 568 561 684 588 581 793 700 701 688 689 692 695 704 707 713 719 725 731 737 743 749 755 761 767 773 779 694 790 799 796 802 808 814 820 826 832 838 844 850 856 78 84 90 96 102 108 114 120 126 132 138 144 150 156 162 215 210 216 222 228 234 240 246 252 258 264 270 276 282 288 294 300 306 312 318 371 366 372 378 384 390 396 402 408 414 420 426 432 438 444 450 706 712 718 724 730 736 742 748 754 760 766 772 778 795 807 813 819 825 831 837 843 849 855 73 1482 95 101 107 113 119 125 131 137 143 149 155 161 167 263 269 275 281 287 293 299 305 311 317 323 419 425 431 437 443 449 455 723 729 735 741 747 753 759 765 771 777 783 818 824 830 836 842 848 854 860 89 257 251 245 239 233 227 221 413 407 401 395 389 383 377 801 717 699 711 812 806 1480 1487 1491 1604 1495 1499 1503 1507 1511 1515 1519 1523 1527 1531 1535 1539 1575 1608 1572 1973 1579 1708 1583 1580 1581 1587 1584 1977 1585 1591 1588 1979 1589 1595 1592 1981 1593 1599 1987 1596 1983 1597 1603 1605 1989 1600 1985 1601 1612 1616 1620 1624 1628 1632 1636 1640 1644 1648 1679 1712 1676 2025 1683 1887 1687 1684 1685 1691 1688 2029 1689 1695 1692 2031 1693 1699 1696 2033 1697 1703 2039 1700 2035 1701 1707 1709 2041 1704 2037 1705 1716 1720 1724 1728 1732 1826 1838 548 1741 1829 687 1750 1882 1821 1759 1762 1763 1765 1766 1768 1769 1771 1772 1774 1775 1777 1778 1780 1781 1783 1784 1786 1787 1789 1790 1792 1793 1795 1796 1798 1799 1801 1802 1804 1805 1807 1808 1810 1817 1830 1831 1825 1827 1814 2064 1895 1833 2072 1822 1823 1842 1846 1850 1854 1858 1862 1866 1870 1874 1878 1899 1818 2066 1834 1835 1886 1890 2098 1894 2100 1891 2096 1892 1903 1907 1911 1915 1919 1923 1492 1493 1484 1929 1747 1496 1933 1497 1488 1489 1931 1746 1751 1748 1756 1815 1485 1500 1504 1508 1512 1516 1520 1524 1525 1528 1529 1532 1533 1536 1537 1540 1541 1544 1548 1552 1556 1560 1564 1957 1568 1955 1576 1577 1975 1953 1629 1627 1625 1623 1607 1609 1991 1611 1613 1993 1615 1617 1995 1619 1621 1997 1999 2001 1631 1635 1639 1643 1652 1951 1656 1949 1660 1947 1664 1945 1668 1943 1672 1941 1680 1681 2027 1939 1888 1729 1727 1711 1713 2043 1715 1717 2045 1719 1721 2047 1723 1725 2049 2051 1731 1736 2070 789 583 2062 1506 2057 1937 1811 1819 5598 1935 2068 1896 1843 1841 1837 2076 1839 1845 1849 1853 1857 1861 1865 1869 1873 1883 2091 1877 563 1482 1908 1906 1898 1902 2106 1900 1910 1914 1918 1922 1926 2054 1753 1518 1514 1551 1553 1555 1557 1559 1561 1563 1565 1567 1569 1571 1971 1573 1655 1657 1659 1661 1663 1665 1667 1669 1671 1673 1675 1677 1744 1510 1755 1522 1924 1547 1549 1920 1916 1912 1879 1875 1871 1867 1863 1651 1653 1859 1855 1851 1847 1760 1884 2087 1904 1649 1647 1645 1641 1637 1633 1502 1545 1543 2008 2010 2006 2004 2055 1733 1735 2058 2095 2093 2089 2085 2083 2075 2081 2079 2114 2113 2105 2103 2111 2109 1758 2061 2341 2146 2535 2288 2515 2165 2169 2248 2173 2177 2511 2265 2181 2174 2175 2558 2138 2170 2171 2556 2129 2013 2249 2250 2244 2591 2253 2257 2256 2260 2261 2454 2166 2167 2554 2015 2162 2552 2017 2157 2019 2153 2021 2023 2196 2154 2155 2358 2354 1742 1738 2116 2364 2342 2360 2451 2419 2371 2374 2375 2377 2378 2380 2381 2383 2384 2386 2387 2389 2390 2392 2393 2395 2396 2398 2399 2401 2402 2404 2405 2407 2408 2410 2411 2413 2416 2414 2353 2355 2349 2474 2475 2363 2365 2442 2426 2679 2418 2447 2446 2650 2455 2456 2495 2458 2459 2460 2462 2471 2662 2466 2467 2468 2463 2656 2464 2470 2660 2472 2512 2513 2477 2345 2422 2496 2497 2503 2536 2537 2508 2507 2509 2675 2516 2517 2485 2158 2548 2159 2438 2644 2499 2667 1969 1967 1965 1963 1961 2161 2550 2163 2125 2428 2435 2436 2348 2350 2368 2706 2429 2491 2283 2272 2192 1960 2214 2240 2122 2560 2486 2150 2627 2615 2611 2584 2263 2564 2316 2317 2568 2572 2576 2178 2561 2610 2612 2204 2205 2305 2234 2372 2367 2607 2694 2207 2201 2217 2213 2215 2208 2209 2223 2252 2589 2254 2233 5553 2245 2246 2237 2597 2241 2242 2599 2186 2593 2258 2119 2522 2525 2121 2123 2179 2526 3005 2580 2269 2654 2311 2323 2264 2266 2604 2481 2483 2432 2127 2126 2619 2623 2149 2151 2546 2198 2197 2145 2544 2295 2296 2326 2141 2542 2298 2292 2308 2304 2306 2299 2300 2314 2641 2642 2310 2319 2312 2325 2327 2359 2338 2330 2334 2639 2340 2369 2277 2634 1739 2137 2420 2433 2646 2439 2225 2226 2344 2519 2530 2520 2677 2443 2448 2450 2671 2500 2011 2658 2444 2287 2139 2337 5593 2632 2346 2478 2488 2489 2131 2130 2430 2452 2504 2144 2567 2682 2569 2571 2684 2573 2575 2686 2577 2579 2688 2581 2583 2690 2585 2189 2692 2190 2614 2616 2618 2620 2622 2624 2626 2628 2280 2281 2134 2539 2289 2502 2194 2193 2133 2135 2563 2565 2606 2608 2285 2284 2291 2302 2293 2333 5578 2335 2329 2636 2331 2200 2211 2202 2270 2268 2424 2147 2143 2505 2441 2479 2649 2653 2670 2674 3136 2228 2219 2665 2936 2273 2930 3181 2751 2238 2726 2182 2754 2972 2220 2221 5591 2779 2782 2236 3006 3007 2185 2230 2187 2829 2274 2183 2998 2990 3001 2739 2772 2773 2696 2748 2698 2824 2785 2704 2876 2733 2700 2885 2795 2718 3137 2719 2276 2321 2278 2588 2916 2879 2825 2826 3089 3090 2947 2832 2835 2836 2838 2839 2841 2842 2844 2845 2847 2848 2850 2851 2853 2854 2856 2857 2859 2860 2862 2863 2865 2866 2977 2828 2830 2896 2815 2962 2729 2702 2631 2820 2890 2894 2784 2786 2900 3176 2493 2750 2752 2721 2763 3164 2872 2524 2891 2892 2899 2901 2959 3166 2960 2730 2940 3188 2711 2712 2933 2934 2716 2708 2939 2941 3139 2759 2882 2883 2821 3174 2812 3110 2875 2877 2811 2813 2943 2944 2929 2983 2931 2910 2920 3072 2725 3010 2880 3241 3129 2873 3061 2952 2727 3235 3234 3099 3044 2741 2740 2747 2743 2761 3049 3195 3094 3025 2993 3132 2736 2714 3054 3055 2778 3084 2780 2528 2997 2999 2775 2776 2907 2903 3052 3009 2975 2118 2737 5557 3037 2732 2734 5485 2756 3256 3057 2803 2804 3115 3013 3122 2833 3076 3077 2926 2927 2918 2917 2806 2800 3060 3062 3107 3152 5586 2956 2971 2973 3154 3155 2980 3178 2978 2868 2913 2924 2914 2897 2822 3179 2937 2723 2722 2886 2909 2911 3209 3172 3067 2816 3162 5571 2946 2948 2950 2791 2710 2887 2796 5562 3134 3133 2995 2994 2869 2963 3114 3116 3017 2817 3141 3140 2789 5553 2769 3069 3070 2986 3033 3143 3144 3074 3073 2797 3011 3046 3045 3101 3100 3027 3026 3095 3064 2955 2982 3169 3019 3018 2991 3002 3050 3330 3372 2792 2793 2965 3041 3192 3238 3250 3030 3326 2533 2755 3058 2744 2766 2745 3500 3003 3431 3104 3079 3082 3080 2905 2799 2801 3086 3087 3304 3021 3022 3023 3201 2758 2906 3334 3031 3228 3227 3287 3105 5564 3537 3621 3038 3203 3118 2770 3473 3416 3125 3124 3230 3014 3127 3015 2985 2807 3220 3221 5578 3146 5535 5505 3159 3211 5568 5537 3092 3259 3538 3383 3119 3120 3205 3286 3288 3253 3377 2968 3391 3345 3348 3349 3351 3352 3354 3355 3357 3358 3360 3361 3363 3364 3366 3367 3369 3370 2768 3237 3239 3185 3186 3272 3434 3215 3394 3184 3303 3305 3390 3392 3231 3246 3275 3413 3419 3398 3420 3399 2967 3403 3404 3258 3260 3386 3337 3217 3429 3218 2969 2988 3601 3130 2808 3608 5588 3415 3432 3417 3320 3040 3252 3043 3266 3190 3637 3283 3387 3585 5548 3274 3276 3426 3427 2923 3382 3384 3376 3378 3034 5549 3035 3451 3452 3409 3316 3580 3198 3458 3569 3459 3342 3380 3401 3048 3331 3262 3339 3338 3029 3422 3247 3611 3826 2595 3291 3290 3292 3297 3487 3486 3501 3488 3373 3497 3498 3630 3631 3103 3254 3507 3268 3269 3279 3503 3530 3529 3661 3660 3490 3624 3622 3563 3307 3598 3599 3628 2989 3311 3534 3650 3477 3711 3335 3323 3466 3406 3407 3300 3447 3224 3436 3263 3264 2664 3232 3454 3308 3571 3170 3444 3298 5559 3532 3491 3638 3492 3346 3341 3519 3605 3520 3301 3644 3627 3280 3278 5576 3309 3468 3467 3568 3664 3582 3248 3456 3463 3583 3464 3396 3395 3150 3149 3449 3388 3315 3424 3317 5561 3474 3344 5570 2956 3208 3411 3410 3243 3244 3603 3328 3327 3592 3461 3282 3284 5513 3564 3743 3613 3775 3872 3495 3494 3602 3475 3295 3633 3573 3674 3596 3509 3505 3545 3671 3689 3682 3535 3729 3319 3321 3560 3609 3213 3784 3548 3607 3722 3742 3744 3515 3919 3511 3685 3693 3439 3804 3445 3694 3513 3587 3908 3879 3929 3817 3112 3549 3541 3615 3512 3951 4013 3441 3746 3747 3749 3750 3752 3753 3755 3756 3758 3759 3761 3762 3764 3765 3840 3726 3554 3555 3574 3640 3699 3974 3923 3568 3670 3778 3672 3738 3735 3947 3480 3780 3781 3703 3576 5515 3718 3719 3822 3706 3551 3589 3552 3862 3956 3863 3677 3909 3676 3481 3990 3989 3440 4094 3470 3897 3544 5497 3546 3812 3985 3313 2764 3806 3721 3723 3785 4039 4038 4063 3734 3736 3848 3849 3793 3730 5538 3483 3484 3696 3690 3952 3641 3642 3798 3931 3930 3656 3312 3728 3808 3807 5581 3516 3831 3594 3875 2532 3885 3886 3767 3652 3888 3882 3668 3504 3866 5573 3522 3732 3687 3813 3294 3559 3666 3561 3527 3774 3776 3890 3891 3443 3542 3880 3717 3783 3786 3938 3517 3635 3873 3933 4029 3939 3865 3867 5505 4014 3838 4065 3657 3654 3702 3820 3704 3841 3788 3927 4061 3834 3591 3691 3925 3924 3944 3912 3911 3646 4054 4067 4055 3525 3845 3851 3835 3578 3792 3796 3800 3801 3836 3794 3857 3858 3679 3680 3810 3917 3158 3739 3898 3949 3790 3789 3846 3976 3854 3769 3983 3770 3740 3647 3648 3987 3970 3853 3860 3855 3877 3876 3844 3659 4152 4001 4135 3832 3920 3921 3612 2809 4175 3894 4153 4136 4137 4296 4070 3883 5565 3823 3438 4086 4170 4171 3688 3814 3617 4247 5567 4117 3818 3901 4004 3902 3479 5545 3618 3997 4047 3816 5583 5539 4162 5526 4069 4024 4033 4034 3824 3905 3698 5528 3472 4155 4154 3896 3958 3899 4090 4096 4097 4099 4100 4102 4103 4105 4106 4108 4109 4111 4112 4188 4000 4002 3700 3946 3904 4146 4129 3935 4041 4084 4077 4076 4206 4078 4073 4127 4057 4209 3708 4010 4196 4021 4202 4167 4193 4139 4140 4044 4091 4092 4266 3978 4183 4184 4058 5522 3906 4198 4025 5517 3963 4081 4252 4285 4286 4357 3965 3966 3968 4375 4168 4178 4283 4179 5546 4116 4118 4074 3870 3869 3940 4258 4082 4080 4305 3524 4088 4087 3510 4251 3996 3998 4008 4223 4241 4224 4048 3992 4114 5530 4277 4200 3993 3994 4159 4271 4210 4208 4226 4276 4030 4071 3914 5518 4199 4254 3915 4304 4264 4263 4243 4176 4174 4145 4147 4126 4248 4280 4249 4007 4131 4130 4186 4026 4027 3972 3961 4017 4016 4018 4236 4043 4045 4133 4238 4288 4239 4338 4189 4190 3979 3941 4157 3942 4051 4257 4029 4059 3065 4123 4165 4181 5551 4227 4228 4307 4278 4124 4122 4236 4163 4142 4204 4143 4052 4334 4335 4372 4020 4022 3653 4365 4273 4470 4349 4120 4417 4426 4309 4412 5510 4299 4397 3830 4443 4442 4445 4328 4231 4364 4366 3980 4382 4383 4385 4386 4388 4389 4391 4392 4394 4398 4395 4422 4404 4269 4268 4293 4301 4302 4311 3731 3577 4256 4149 4150 4316 4505 4342 4315 4405 4317 4221 4232 4230 4330 4329 4430 4379 4498 4514 4378 4380 4455 4448 4449 4409 4457 4244 4217 4192 4548 4587 4274 4429 4431 4549 4346 4466 4347 4195 4369 4370 4551 4212 4213 4477 4336 4324 4439 4440 4499 4500 4219 4319 4332 4012 4496 4495 4361 3830 4261 4414 4413 4353 4452 4320 4321 4423 3684 4511 4555 4245 4479 4416 4420 4418 4504 4506 4408 4410 4350 4351 4459 4460 4532 4400 4344 4343 5533 4512 4437 4622 4401 4402 4480 4436 3962 4553 4552 4434 4291 4424 4533 4534 4574 4451 4453 4624 4326 4325 4568 4362 4360 4355 4354 4435 4290 4589 3981 4463 4583 4474 4475 4427 4313 4529 4530 4462 4468 4464 4670 4557 4558 4560 4659 4508 4509 4522 4546 4626 4541 4490 4570 4594 4595 4597 4598 4600 4601 4603 4604 4606 4609 4607 4611 4484 4486 4620 4638 4637 4645 4536 4539 4537 4487 4488 4524 4216 4590 4563 4566 4516 4630 4712 4581 4653 4654 4676 3955 4519 4700 4473 4585 4584 4648 4649 4502 4517 4482 4640 5512 4733 4664 4686 4687 4527 4526 4491 4593 4701 4699 4371 4734 4732 4663 4752 4743 4680 4644 4651 4580 4737 4714 4625 4627 4572 4571 4656 4657 4632 4681 4633 4577 4562 4543 4618 4544 4821 4822 4612 4613 4646 4703 4704 4832 4736 4738 4692 4520 4615 4635 4629 4616 4672 4671 4576 4578 4668 4715 4678 4677 4564 4751 4641 4705 4643 4710 4756 4762 4757 4767 4666 4764 4765 4824 4819 4729 4730 4660 4770 4674 4723 4792 4724 4794 4800 4781 4828 4720 4768 4689 4690 4776 4804 4805 4807 4808 4810 4811 4813 4816 4814 4867 4693 4759 4778 4779 4772 4783 4841 4829 4830 4890 4836 4837 4683 4754 4684 4694 4719 4924 4928 4863 4790 4934 4798 4893 4998 4696 4697 4868 4866 4791 3893 4795 4796 4885 4888 4717 4826 4839 4726 4727 4935 4933 4707 4708 4748 4749 4787 4802 4801 4915 4848 4897 4844 4845 4853 4722 4818 4884 4937 4899 4862 4892 4894 4760 4947 4740 4834 4896 4870 4774 4773 4843 4745 4746 4914 4887 4847 4849 4785 4784 4925 4949 4926 4910 4942 4911 4912 4741 4854 4852 4865 4908 4960 4921 4922 4968 4952 5060 4905 4965 4906 5002 4945 4944 5000 4951 4971 4875 4876 4917 4984 4985 4987 4988 5024 4902 4903 4982 5046 5047 4919 4976 4957 5021 5080 5022 4994 4961 5043 5044 4882 4881 5068 5011 4900 4979 5005 5061 5013 5003 4872 4873 5041 5040 4967 4969 4879 4878 5009 5064 5131 4973 4972 5014 5074 4963 5075 5076 5026 5025 5028 5029 4958 4996 4995 4857 4856 4931 4930 4975 4954 5063 5065 4940 4939 4860 5016 4859 5018 5019 5099 5100 5007 5006 5078 5037 5115 5122 5067 5094 5052 5053 5109 5133 5106 5105 4991 5139 5140 4990 5057 5058 5149 5069 5128 5177 5129 5102 5151 5103 5112 5049 5050 5097 5167 5071 5126 5072 5108 5110 5113 5120 5142 5039 5156 5162 5153 5092 5117 5119 5095 5144 5173 5116 5055 5244 5243 5089 5090 5196 5182 5183 5135 5134 5163 5161 5031 5032 5137 4955 5195 5197 5168 5146 4977 5083 5082 5174 5275 5175 5189 5190 5155 5123 5124 5087 5086 5171 5147 5145 5172 5236 5034 5229 5230 5185 5186 5180 5255 5268 5221 5234 5246 5179 5035 5220 5224 5205 5237 5235 5285 5247 5158 5252 5209 5290 5218 5217 5267 5305 5304 5223 5234 5272 5273 5214 5215 5159 5318 5203 5202 5193 5192 5199 5200 5208 5301 5257 5256 5249 5206 5319 5320 5286 5287 5251 5292 5325 5293 5283 5282 5239 5240 5241 5226 5265 5227 5212 5211 5280 5374 5279 5253 5289 5341 5357 5359 5349 5333 5334 5311 5310 5351 5336 5337 5303 5298 5299 5277 5270 5263 5353 5376 5354 5377 5355 5416 5371 5364 5339 5341 5295 5316 5350 5322 5323 5261 5315 5308 5307 5395 5343 5313 5394 5396 5370 5372 5327 5328 5418 5422 5424 5425 5421 5362 5398 5361 5331 5330 5344 5296 5365 5470 5438 5407 5446 5408 5382 5388 5383 5392 5483 5346 5458 5432 5433 5405 5380 5368 5367 5448 5449 5391 5410 5411 5480 5379 5385 5386 5419 5454 5443 5400 5401 5403 5440 5471 5472 5439 5467 5428 5427 5389 5475 5451 5459 5457 5444 5431 5464 5436 5482 5453 5461 5455 5487 5466 5468 5502 5463 5491 5477 5492 5435 5414 5508 5413 5474 5489 5488 5478 5503 5524 5516 5501 5500 5529 5520 5543 5541 5494 5495 
9 18 23 29 35 41 47 53 59 65 70 11 460 465 471 477 483 489 495 501 507 513 519 5 528 533 539 544 547 556 566 576 586 596 606 616 626 636 646 656 666 676 524 71 862 21 24 27 33 39 45 51 57 63 27 69 899 469 896 463 466 472 475 481 487 493 499 505 511 517 681 523 531 537 543 552 562 572 582 592 602 612 622 632 642 652 662 672 525 523 877 69 869 873 878 881 885 889 904 907 911 915 919 923 927 931 942 946 952 956 960 964 968 972 976 980 984 988 992 996 882 886 890 894 924 928 932 936 943 947 953 957 961 965 969 973 977 981 985 989 993 997 1000 874 870 920 916 912 908 531 552 1002 1028 875 1004 879 895 951 883 887 1016 905 1030 868 1070 1005 909 1018 906 1020 897 1021 940 913 1023 910 917 1029 1025 1111 914 922 1075 1031 1027 1127 918 1032 1034 1036 944 1040 945 681 938 1149 1038 902 1019 954 545 864 1047 1048 1050 1052 1054 1056 1058 1060 1062 1064 1066 1011 1086 884 1006 876 872 1083 1007 1009 1079 880 1001 1043 1096 1015 1001 1043 1093 1013 888 1069 892 1101 1118 1124 1154 1042 926 930 934 1178 971 1047 926 1045 1219 1003 959 1051 963 967 1055 975 979 983 987 991 995 999 949 959 1206 1202 1198 1194 1190 1186 1183 1141 1045 1199 1091 1150 1145 1207 1142 934 1203 1195 1191 1163 1170 967 963 1179 1187 1147 1143 1227 1122 1224 1125 1222 1102 1115 1103 1250 1237 1213 1167 1133 1160 1116 1252 1091 1254 1231 1148 1180 1155 1106 1094 1223 1220 1239 1242 1181 1209 1304 1225 1177 1319 1243 1244 1164 1184 1245 1165 1246 1196 1251 1248 1197 1201 1253 1229 1314 1144 1205 1255 1151 1159 1158 1268 1156 1112 1084 1205 1233 1128 1280 1238 1289 1217 1099 1120 1161 1136 1358 1129 1233 1240 1231 1293 1077 1286 1081 1173 1140 1369 1134 1173 1331 1189 1138 1107 1273 1131 1265 1235 1241 1185 1337 1193 1152 1354 1073 1216 1362 1214 1247 1210 1095 1109 1401 1085 1235 1359 1344 1312 1302 1274 1258 1281 1391 1372 1431 1376 1308 1259 1380 1262 1309 1399 1332 1392 1324 1313 1221 1335 1333 1277 1275 1218 1340 1400 1387 1342 1282 1367 1419 1355 1346 1343 1348 1303 1089 1266 1405 1386 1346 1380 1389 1271 1316 1360 1375 1437 1322 1364 1329 1470 1325 1383 1299 1396 1278 1340 1352 1398 1370 1390 1393 1317 1412 1432 1408 1348 1468 1350 1263 1266 1464 1296 1396 1449 1431 1443 1365 1466 1271 1269 1385 1394 1444 1413 1467 1270 1405 1288 1378 1357 1414 1428 1471 1474 1424 1318 1269 1476 1430 1476 1406 1444 1465 1474 1475 1462 1327 1425 1446 1455 1378 1440 1451 1403 1435 1414 1457 1410 1461 1458 1440 1448 1439 1421 1385 1438 1285 1478 1477 1470 1292 1288 1473 1479 1404 1473 73 77 82 88 94 100 106 112 118 124 130 136 142 148 154 160 166 172 178 184 190 196 202 208 214 220 226 232 238 244 250 256 262 268 274 280 286 292 298 304 310 316 322 328 334 340 346 352 358 364 370 376 382 388 394 400 406 412 418 424 430 436 442 448 454 457 789 5597 553 558 554 563 559 573 578 574 583 579 593 598 594 603 599 608 604 613 609 618 614 623 619 628 624 633 629 638 634 643 639 648 644 653 649 658 654 663 659 668 664 673 669 678 674 682 679 6 787 683 15 686 692 698 704 710 716 722 728 734 740 746 752 758 764 770 776 782 786 1877 788 793 799 805 811 817 823 829 835 841 847 853 859 3 77 80 83 86 92 98 104 110 116 122 128 134 140 146 152 158 164 170 1543 173 176 1548 179 182 1552 185 188 1556 191 194 1560 197 200 1564 203 206 1568 209 212 218 224 230 236 242 248 254 260 266 272 278 284 290 296 302 308 314 320 326 1647 329 332 1652 335 338 1656 341 344 1660 347 350 1664 353 356 1668 359 362 1672 365 368 374 380 386 392 398 404 410 416 422 428 434 440 446 452 549 1747 569 861 1756 589 794 1821 702 1814 690 693 696 705 708 714 720 726 732 738 744 750 756 762 768 774 780 1818 791 800 797 803 809 815 821 827 833 839 845 851 857 80 1488 1491 1495 1499 1503 1507 1511 1515 1519 1523 1527 1531 1535 1539 1575 1572 1576 1579 1583 1587 1591 1595 1599 1603 1607 1611 1615 1619 1623 1627 1631 1635 1639 1643 1679 1676 1680 1683 1687 1691 1695 1699 1703 1707 1711 1715 1719 1723 1727 1731 1826 1829 1833 1837 1841 1845 1849 1853 1857 1861 1865 1869 1873 1883 1890 1894 1898 1902 1906 1910 1914 1918 1922 74 1928 1496 1500 1504 1508 1512 1516 1520 1524 1528 1532 1536 1540 1544 1608 1612 1616 1620 1624 1628 1632 1636 1640 1644 1648 1712 1716 1720 1724 1728 1732 1735 1838 1842 1846 1850 1854 1858 1862 1866 1870 1874 1878 1899 1903 1907 1911 1915 1919 1923 1926 1492 1604 1600 1596 1592 1588 1584 1580 1708 1704 1700 1696 1692 1688 1684 803 1834 1822 1830 1895 1891 1483 1929 1493 1987 1497 1501 1505 1509 1513 1517 1521 1525 1529 1533 1537 1541 1973 1989 1573 1974 1581 2039 1585 1975 1582 1589 1978 2193 1586 1593 1980 2201 1590 1597 1982 2208 1594 1601 1988 1984 2214 1598 1606 2130 1990 1986 2220 1602 1991 1993 1995 1997 1999 2001 2003 2005 2007 2009 2025 2041 1677 2026 1685 1888 1689 2027 1686 1693 2030 2284 1690 1697 2032 2292 1694 1701 2034 2299 1698 1705 2040 2036 2305 1702 1710 2197 2042 2038 2311 1706 2043 2045 2047 2049 2051 1827 2072 549 1744 1831 1815 1753 2060 1823 1763 1766 1764 1769 1767 1772 1770 1775 1773 1778 1776 1781 1779 1784 1782 1787 1785 1790 1788 1793 1791 1796 1794 1799 1797 1802 1800 1805 1803 1808 1806 1811 1809 1813 2064 2069 1832 2063 1828 1816 2065 2098 1835 2073 2066 1824 2074 2076 2078 2080 2082 2084 2086 2088 2090 2092 2100 1820 2067 2071 1836 2094 1892 2099 1897 2101 2097 2287 1893 2102 2104 2106 2108 2110 2112 1931 1494 1486 1930 1748 1934 2126 1498 1490 2122 1932 1752 2357 1749 1757 1927 1486 1936 1938 1940 1942 1944 1946 1948 1526 1950 1530 1952 1534 1954 1538 1956 1542 1958 1549 1553 1557 1561 1565 2178 1569 2174 1578 2182 1976 2170 2248 1630 2244 1626 1610 2186 1992 1614 2234 1994 1618 2237 1996 1622 2241 1998 2000 2002 1634 1638 1642 1646 1653 2166 1657 2162 1661 2157 1665 2153 1669 2149 1673 2145 1682 2273 2028 2141 1889 2337 1730 1714 2277 2044 1718 2326 2046 1722 2330 2048 1726 2334 2050 2052 1734 2061 2071 1736 584 2063 2142 2535 2137 1812 2419 5602 2134 2069 2429 2438 1844 1840 2077 1840 1848 1852 1856 1860 1864 1868 1872 1876 1885 2470 1880 564 1483 2499 1909 1901 1905 2107 1901 1913 1917 1921 1925 2115 2525 1754 2154 2150 1962 1554 1964 1558 1966 1562 1968 1566 1970 1570 1972 2584 1574 2014 1658 2016 1662 2018 1666 2020 1670 2022 1674 2024 1678 1745 2146 1761 2158 2515 1959 1550 2511 2507 2504 2416 2471 2466 2462 2458 2011 1654 2454 2450 2446 2443 2368 2360 2463 2495 2268 1650 2264 2260 2256 2253 2138 2560 1546 2265 2269 2261 2257 2056 1734 2053 2358 2485 2474 2467 2459 2455 2439 2451 2447 2426 2516 2500 2496 2512 2508 2536 2361 2361 2542 2537 2486 2517 2552 2554 2250 2556 2558 2513 2603 2190 2176 2743 2559 2539 2172 2736 2557 2226 2607 2591 2251 2246 2592 2254 2601 2259 2262 2602 2456 2168 2732 2555 2611 2163 2553 2615 2159 2619 2155 2623 2627 2317 2546 2156 2642 2355 2117 1743 2117 2365 2343 2362 2650 2420 2375 2378 2376 2381 2379 2384 2382 2387 2385 2390 2388 2393 2391 2396 2394 2399 2397 2402 2400 2405 2403 2408 2406 2411 2409 2414 2412 2417 2475 2415 2422 2356 2350 2662 2476 2436 2366 2644 2680 2729 2427 2648 2449 2651 2652 2457 2497 2460 2655 2461 2464 2472 2663 2468 2659 2469 2657 2904 2465 2661 2917 2473 2675 2514 2491 2346 2423 2669 2498 2667 2706 2538 2673 2510 2946 2676 2678 2518 2665 2549 2796 2160 2440 2645 2501 2668 2580 2576 2572 2568 2564 2551 2792 2164 2520 2489 2482 2437 2433 2351 2369 2707 2431 2492 2296 2281 2205 2708 2215 2597 2123 2561 2487 2544 2628 2616 2612 2585 2754 2565 2323 2318 2569 2573 2577 2180 2562 2694 2613 2587 2206 2306 2235 2829 2373 2608 2695 2217 2202 2218 2223 2216 2210 3073 2224 2590 2740 2255 2593 5554 2599 2247 2238 2598 2243 3002 2600 2187 2594 2259 2352 2681 2526 2523 2124 2180 2527 3097 2581 2604 2785 2312 2324 2267 2755 2605 2824 2812 2484 2967 2128 2620 2624 2152 3013 2547 2800 2199 2148 2545 2630 2297 2327 2143 2543 2308 2293 2309 2314 2307 2301 3140 2315 2722 2643 2320 3061 2313 2634 2328 2532 2639 2331 2335 2640 2632 2370 2278 2635 1740 2140 2421 2434 2876 2647 2232 2227 2425 2531 3007 2521 2751 2445 2449 2453 2900 2672 2012 2910 2445 2290 2763 2339 5596 2633 2347 2480 2494 2490 2769 2132 2431 2453 2506 2541 2683 3033 2570 2685 3041 2574 2687 3045 2578 2689 3049 2582 2691 3100 2586 2693 3030 2191 2697 2617 2699 2621 2701 2625 2703 2629 2705 2282 2135 2540 2726 2962 2994 2195 2529 2136 2709 2566 2712 2609 2986 2286 2303 3220 2294 2638 5579 2336 2637 3133 2332 2212 3211 2203 3104 2271 2425 2148 2144 2506 2959 2480 2891 2896 2936 2947 3164 2998 2229 2666 3181 2275 2931 3182 2752 2239 2727 2184 2782 2973 2222 3234 5600 2780 2783 2596 3098 3008 2231 3185 2188 2830 2275 2184 2999 2991 3090 2773 2776 2774 3026 2749 3022 2826 2786 3018 2877 2790 3115 2960 2804 3138 3230 2720 2322 3124 2279 3057 2920 2914 2889 2827 3250 3091 3188 2836 2839 2837 2842 2840 2845 2843 2848 2846 2851 2849 2854 2852 2857 2855 2860 2858 2863 2861 2866 2864 2869 2867 3110 2834 2831 3174 2883 3176 2731 3119 3129 2894 2892 2895 2898 2787 2901 3177 3179 2927 2753 2944 2765 3165 2934 2527 3172 2893 2938 2902 3167 3307 2961 2953 2941 3189 2715 2713 3168 2935 3010 2717 2964 2942 3144 2760 2976 2884 2823 3175 2813 3111 2979 2878 2874 2814 2981 2945 2984 3262 2932 2911 2921 3077 2955 3011 3330 3282 3242 2874 3062 3247 2728 3278 3236 3195 3192 3291 2742 2749 2745 2762 3050 3196 3272 3055 3058 3155 2738 2715 3070 3056 3085 3494 2781 2529 3080 3000 3087 2777 3304 2908 3298 3053 3301 2522 2788 5592 3108 2735 3311 5521 3259 3443 3257 3122 2805 3116 3015 3123 3342 3226 3078 2950 2928 3327 2919 3149 2801 3147 3063 3153 3480 5600 3157 3183 2974 3163 3156 3068 3253 2979 2871 2925 3554 2915 3383 2823 3180 2938 3410 2724 2888 2922 2912 3413 3173 3275 2818 3325 5572 2949 3338 2951 2958 3215 2888 2798 5563 3516 3135 3511 2996 2881 3391 3201 3117 3205 3387 3438 3142 2965 5555 2770 3218 3071 2987 3035 3223 3145 3467 3075 3320 3012 3490 3047 3487 3102 3508 3028 3503 3096 3470 3458 3431 3598 3020 2992 3004 3051 3332 3375 2794 3591 2966 3042 3193 3239 3251 3031 3464 3098 2757 3059 2767 3534 2746 3620 3287 3585 3105 3083 3617 3081 3529 3039 2802 3093 3088 3305 3200 3024 3624 3202 3199 2923 3626 3032 3660 3229 3288 3106 5599 3538 3622 3563 3545 3204 2771 3532 3417 3560 3126 3232 3128 3324 3016 3131 3557 3222 3607 5580 3148 5585 5506 3225 3212 5569 5587 3631 3260 3539 3384 3121 3693 3206 3336 3289 3254 3378 3171 3392 3349 3352 3350 3355 3353 3358 3356 3361 3359 3364 3362 3367 3365 3370 3368 3374 3371 3267 3244 3240 3187 3602 3273 3475 3435 3399 3566 3402 3306 3404 3393 3414 3407 3276 3558 3580 3421 3792 3400 2970 3423 3405 3269 3261 3447 3427 3430 3679 3219 2970 3608 3696 3131 3713 3711 5589 3433 3656 3418 3321 3191 3471 3637 3267 3191 3826 3628 3389 3586 5594 3380 3277 3437 3428 3582 3449 3385 3452 3379 3216 5550 3036 3457 3453 3459 3317 3581 3444 3570 3789 3460 3343 3381 3402 3051 3332 3264 3807 3340 3032 3641 3249 3613 3827 2596 3292 3295 3293 3498 3488 3502 3652 3489 3633 3650 3499 3683 3632 3106 3255 3520 3522 3270 3525 3505 3671 3531 3686 3662 3492 3625 3623 3564 3309 3600 3725 3629 2992 3313 3536 3651 3478 3712 3336 3706 3716 3552 3408 3333 3448 3225 3739 3567 3265 2819 3233 3735 3455 3730 3171 3645 3299 5560 3533 3639 3832 3493 3743 3347 3606 3810 3521 3448 3645 3677 3904 3281 5585 3310 3937 3469 3572 3911 3665 3784 3703 3584 3965 3465 3775 3397 3576 3151 3450 3804 3425 3924 3318 5577 3699 3862 5580 3161 3213 3854 3412 3462 3245 3812 3647 3329 3593 3866 3285 3835 5514 3565 3744 3614 3776 3974 3876 3496 3604 3476 3296 3634 3574 3917 3675 3897 3506 3546 3672 3886 3727 3536 3828 3542 3322 3561 3817 3557 3803 3710 3610 3723 3747 3745 3588 3989 3513 3719 3695 3616 3805 3951 4013 3514 3588 3985 4006 3930 3818 3214 4041 3550 4039 3514 3952 4014 4094 3750 3748 3753 3751 3756 3754 3759 3757 3762 3760 3765 3763 3768 3766 3863 3927 3556 3987 3575 3770 3700 3975 3947 3944 3779 4043 3673 3781 3736 3948 3481 3798 3782 3704 3707 5588 3801 3720 3824 3710 3590 3869 3553 3957 3993 3864 3910 4069 3678 3482 4095 3991 4063 4095 3715 3898 3597 5498 3547 3813 3986 3314 2765 3843 3846 3724 3786 4040 4080 4064 3849 3737 3852 3850 3858 3732 5555 3485 3960 3697 3692 3953 3643 4122 3799 4173 3932 3658 3635 4024 4174 3809 5595 3518 3874 3715 3881 2810 3888 3887 4008 3654 3889 3891 3893 3506 3867 5574 3523 4192 4058 3815 3528 3667 3921 3562 3669 3796 3777 3934 3892 3446 3543 4073 3938 3942 3787 4055 3518 3636 3874 3934 4037 4247 3945 3868 5507 4015 4066 4243 3839 3655 3821 4208 3705 4117 3842 4062 4091 3928 3593 4021 4130 3926 3950 4017 3913 3968 4068 4087 4056 3526 3971 3852 3837 3709 3795 3797 3902 3802 3837 3795 3973 3859 3681 3914 3811 3918 3161 3741 3899 3950 4263 3791 3847 3977 3855 3984 4227 3771 3741 3649 4276 3988 3997 3861 4301 3856 4216 3878 4175 4209 4153 4002 4143 3833 4052 3922 3614 2810 4296 4025 4154 4138 4319 4297 4171 4224 5566 4034 3441 4202 4234 4172 3915 3815 3619 4249 5575 4118 3819 4005 4313 3903 3714 5571 3962 3998 4097 3936 5584 5540 4166 5527 4072 4161 4084 4035 3825 4282 3884 5590 3829 4341 4156 3959 4295 3900 4257 4100 4098 4103 4101 4106 4104 4109 4107 4112 4110 4114 4113 4190 4126 4003 3701 4254 3907 4147 4140 4285 4042 4085 4078 4207 4329 4079 4074 4338 4150 4260 3709 4012 4197 4022 4203 4299 4194 4184 4141 4179 4093 4378 4267 4305 4187 4185 4230 5552 3907 4215 4027 5556 4252 4357 4253 4287 4455 4358 3967 4273 3969 4376 4169 4284 4360 4180 5547 4159 4119 4075 4212 3871 3963 4442 4463 4083 4306 3663 4343 4089 3625 4349 4239 3999 4009 4242 4417 4225 4365 4049 4115 5550 4470 4201 3995 4495 4160 4445 4433 4211 4255 4279 4036 4335 3916 5519 4316 4272 3916 4306 4354 4265 4244 4325 4177 4262 4148 4128 4281 4487 4250 4121 4413 4132 4409 4372 4028 4269 4201 4018 4133 4019 4407 4046 4452 4134 4289 4400 4240 4339 4293 4191 4341 4158 4477 3943 4164 4259 4237 4429 3066 4307 4182 4368 5582 4229 4511 4308 4498 4552 4125 4346 4164 4205 4557 4144 4053 4347 4337 4373 4220 4023 3955 4366 4275 4471 4351 4121 4418 4494 4493 4449 5511 4300 4493 4050 4587 4444 4446 4377 4298 4383 4367 4340 4386 4384 4389 4387 4392 4390 4395 4393 4399 4514 4396 4460 4428 4270 4526 4294 4303 4516 4312 4032 3982 4505 4291 4151 4317 4506 4440 4406 4615 4318 4437 4233 4233 4485 4331 4622 4480 4500 4515 4381 4644 4456 4457 4450 4410 4458 4246 4424 4195 4549 4588 4533 4432 4640 4550 4467 4576 4348 4447 4447 4371 4555 4214 4519 4478 4337 4332 4568 4441 4574 4501 4222 4321 4333 4169 4571 4497 4491 4031 4262 4584 4415 4475 4453 4560 4322 4611 3894 4513 4556 4246 4590 4421 4637 4419 4592 4507 4522 4411 4524 4352 4530 4461 4537 4402 4633 4345 5559 4630 4438 4623 4544 4403 4481 4626 4282 4671 4554 4659 4292 4425 4535 4732 4575 4472 4454 4662 4677 4327 4569 4692 4363 4699 4356 4509 4292 4664 3982 4464 4654 4503 4476 4581 4314 4566 4531 4469 4651 4465 4712 4559 4748 4561 4660 4510 4752 4523 4547 4627 4737 4542 4595 4598 4596 4601 4599 4604 4602 4607 4605 4610 4649 4608 4613 4620 4638 4621 4822 4639 4714 4540 4704 4538 4489 4740 4525 4218 4591 4564 4567 4518 4631 4713 4582 4657 4655 4687 4198 4521 4776 4756 4773 4586 4684 4650 4503 4764 4593 4642 5534 4832 4665 4708 4688 4697 4528 4492 4719 4852 4702 4483 4866 4735 4665 4753 4794 4744 4647 4652 4718 4738 4716 4635 4628 4801 4573 4724 4658 4682 4887 4634 4727 4668 4619 4875 4545 4824 4823 4730 4614 4829 4757 4706 4833 4746 4739 4694 4759 4617 4636 4720 4617 4784 4673 4579 4910 4669 4768 4848 4679 4565 4789 4711 4924 4862 4711 4763 4933 4758 4870 4863 4766 4878 4825 4820 4779 4731 4661 4782 4790 4793 4884 4725 4796 4805 4890 4896 4721 4769 4691 4902 4777 4808 4806 4811 4809 4814 4812 4817 4859 4815 4928 4799 4761 4837 4780 4845 4840 4842 4831 4975 4891 4915 4838 4755 4881 4685 4695 4771 4926 4929 4864 4851 4998 4799 4894 4999 4856 4698 4995 4869 4885 4006 4900 4797 5000 4968 4827 4843 4979 4834 4728 5025 4936 4787 4709 4750 4939 4788 4972 4803 4916 4849 4951 4906 4846 4982 4964 4922 4886 5011 4938 4948 4930 4895 4761 4948 4742 4835 4898 4871 5006 4775 4920 4917 4747 4942 4889 4873 4850 5009 4786 4950 5049 4927 4912 4943 5047 4913 4742 5074 4855 5021 5043 5003 4962 4923 4969 5022 5100 4966 5040 4907 5014 4946 5064 5001 4953 4985 4877 5031 4918 4988 4986 4991 4989 5029 4904 5057 4983 5085 5048 4920 5068 4959 5081 5155 5023 5019 5108 5045 5045 5034 4883 5069 5012 4901 4980 5072 5122 5062 5004 5053 4874 5131 5042 5038 4970 5105 4880 5010 5065 5132 5134 4974 5015 5076 4964 5149 5077 5145 5027 5082 5030 5112 5161 4997 5086 4858 5090 4932 4978 4956 5093 5066 5095 4941 5017 5165 4861 5097 5020 5103 5101 5173 5008 5170 5079 5117 5124 5120 5154 5056 5054 5129 5140 5196 5107 4992 5143 5141 4993 5059 5192 5150 5070 5178 5239 5130 5152 5235 5104 5113 5051 5202 5098 5243 5127 5183 5073 5111 5252 5114 5121 5165 5185 5268 5224 5169 5093 5118 5121 5096 5166 5175 5118 5056 5279 5245 5137 5091 5197 5190 5184 5256 5136 5285 5164 5033 5211 5138 4956 5200 5198 5246 5205 4978 5215 5084 5276 5304 5176 5217 5191 5157 5227 5125 5230 5088 5188 5318 5148 5232 5289 5036 5293 5231 5233 5187 5181 5260 5269 5222 5259 5273 5250 5209 5248 5225 5207 5339 5238 5287 5248 5160 5253 5210 5346 5348 5219 5269 5328 5306 5225 5302 5295 5274 5299 5216 5160 5320 5337 5204 5307 5194 5262 5201 5311 5316 5351 5258 5250 5323 5364 5321 5361 5288 5263 5326 5385 5294 5284 5284 5241 5330 5242 5266 5367 5228 5334 5213 5375 5421 5281 5254 5291 5379 5360 5388 5358 5344 5335 5312 5371 5352 5395 5338 5347 5314 5300 5278 5271 5264 5355 5417 5378 5457 5356 5425 5372 5365 5342 5438 5297 5317 5382 5392 5324 5400 5403 5408 5309 5396 5419 5433 5411 5397 5413 5373 5383 5329 5458 5454 5427 5426 5423 5399 5449 5363 5430 5332 5345 5436 5366 5483 5439 5447 5467 5409 5442 5390 5384 5393 5484 5347 5464 5444 5434 5480 5406 5475 5369 5488 5450 5452 5472 5412 5481 5381 5387 5500 5420 5455 5492 5402 5485 5404 5532 5513 5473 5441 5468 5510 5429 5477 5476 5524 5526 5460 5445 5512 5465 5437 5541 5462 5562 5456 5495 5497 5469 5547 5507 5543 5479 5493 5504 5509 5536 5415 5519 5573 5490 5568 5570 5531 5525 5523 5501 5567 5542 5544 5552 5540 5496 
16 19 25 31 37 43 49 55 61 67 1 458 461 467 473 479 485 491 497 503 509 515 521 526 529 535 541 460 550 560 570 580 590 600 610 620 630 640 650 660 670 680 18 547 20 24 865 30 36 42 48 54 60 66 866 71 468 472 462 466 900 903 478 484 490 496 502 508 514 520 528 525 534 540 545 557 567 577 587 597 607 617 627 637 647 657 667 677 863 935 41 893 33 39 45 51 57 63 475 481 487 493 499 505 511 517 537 543 562 572 582 592 602 612 622 632 642 652 662 672 47 53 59 65 501 507 513 519 533 539 556 566 576 586 596 606 616 626 636 646 656 666 676 35 29 495 489 483 477 939 950 867 921 1008 871 1010 951 1044 1012 1014 895 1022 925 1005 868 1082 1024 906 1100 901 1021 1117 1039 1026 910 1110 1029 1074 914 1025 1126 1031 922 1104 918 1027 1132 929 933 937 1041 945 1153 941 1038 938 864 1019 1114 1046 898 1003 958 962 966 970 974 978 982 986 990 994 998 884 1011 1092 876 1078 1007 872 1212 880 1009 1087 940 897 1015 891 1068 948 1013 888 1097 1123 1017 1023 902 1040 1042 949 1033 1035 1037 971 1055 1162 1105 955 892 1071 1049 1174 1051 1053 1182 1057 1059 1061 1063 1065 1067 1069 1121 1166 999 995 991 987 983 979 975 930 1090 1062 1016 1036 1034 1066 1032 1146 1064 1060 1058 954 1048 1175 1171 1052 1056 1232 1230 1122 1119 1125 1157 1098 1130 1103 1272 1200 1172 1080 1238 1076 1116 1276 1204 1226 1208 1148 1256 1234 1227 1228 1223 1270 1226 1176 1181 1310 1225 1209 1267 1243 1177 1323 1188 1168 1245 1330 1236 1192 1251 1279 1197 1341 1253 1300 1144 1229 1260 1255 1305 1159 1072 1156 1158 1264 1135 1215 1301 1152 1139 1201 1283 1169 1088 1221 1161 1297 1129 1136 1368 1257 1320 1261 1077 1137 1081 1218 1241 1134 1140 1294 1284 1189 1247 1107 1315 1131 1113 1120 1185 1379 1334 1193 1249 1353 1073 1108 1214 1216 1287 1338 1095 1318 1085 1109 1363 1311 1112 1248 1397 1351 1395 1366 1347 1339 1089 1388 1298 1259 1418 1321 1309 1434 1345 1392 1426 1313 1407 1236 1333 1445 1275 1415 1373 1400 1441 1381 1282 1422 1355 1367 1402 1343 1456 1303 1411 1211 1376 1210 1374 1442 1365 1295 1099 1349 1377 1430 1322 1328 1382 1325 1329 1448 1138 1278 1361 1452 1427 1306 1336 1390 1463 1317 1465 1352 1299 1398 1423 1360 1263 1439 1356 1296 1384 1416 1335 1375 1460 1406 1350 1164 1357 1394 1477 1463 1453 1450 1169 1291 1386 1371 1433 1415 1454 1453 1307 1462 1291 1326 1370 1292 1461 1403 1455 1451 1472 1466 1417 1304 1468 1429 1464 1469 1409 1447 1438 1420 1417 1425 1475 1458 1469 1436 1435 1410 1459 1478 1459 1388 1428 1446 1421 1285 1404 1432 1326 1382 1479 75 78 84 90 96 102 108 114 120 126 132 138 144 150 156 162 168 174 180 186 192 198 204 210 216 222 228 234 240 246 252 258 264 270 276 282 288 294 300 306 312 318 324 330 336 342 348 354 360 366 372 378 384 390 396 402 408 414 420 426 432 438 444 450 456 13 457 5601 548 554 1738 559 1741 568 574 1746 579 1750 588 594 1755 599 1759 604 1762 609 1765 614 1768 619 1771 624 1774 629 1777 634 1780 639 1783 644 1786 649 1789 654 1792 659 1795 664 1798 669 1801 674 1804 679 1807 683 6 1810 684 688 694 700 706 712 718 724 730 736 742 748 754 760 766 772 778 784 788 786 1813 795 801 807 813 819 825 831 837 843 849 855 861 74 1480 83 1487 89 95 101 107 113 119 125 131 137 143 149 155 161 167 173 170 1547 179 176 1551 185 182 1555 191 188 1559 197 194 1563 203 200 1567 209 206 1571 215 221 227 233 239 245 251 257 263 269 275 281 287 293 299 305 311 317 323 329 326 1651 335 332 1655 341 338 1659 347 344 1663 353 350 1667 359 356 1671 365 362 1675 371 377 383 389 395 401 407 413 419 425 431 437 443 449 455 3 569 564 687 589 584 1882 701 705 689 693 1817 699 1825 711 717 723 729 735 741 747 753 759 765 771 777 783 696 794 1886 800 806 812 818 824 830 836 842 848 854 860 1484 86 92 98 104 110 116 122 128 134 140 146 152 158 164 214 212 218 224 230 236 242 248 254 260 266 272 278 284 290 296 302 308 314 320 370 368 374 380 386 392 398 404 410 416 422 428 434 440 446 452 708 714 720 726 732 738 744 750 756 762 768 774 780 797 809 815 821 827 833 839 845 851 857 1481 1481 94 100 106 112 118 124 130 136 142 148 154 160 166 262 268 274 280 286 292 298 304 310 316 322 418 424 430 436 442 448 454 722 728 734 740 746 752 758 764 770 776 782 817 823 829 835 841 847 853 859 88 256 250 244 238 232 226 220 412 406 400 394 388 382 376 1887 716 698 710 811 805 1485 1489 1933 1605 1935 1937 1939 1941 1943 1945 1947 1949 1951 1953 1955 1957 1577 1609 1974 2181 1977 1709 1979 1582 2192 1981 1586 1978 2200 1983 1590 1980 2207 1985 1594 1982 2213 1988 2129 1598 1984 2219 1990 1606 2185 1602 1986 2225 1613 1617 1621 1625 1629 1633 1637 1641 1645 1649 1681 1713 2026 2272 2029 2096 2031 1686 2283 2033 1690 2030 2291 2035 1694 2032 2298 2037 1698 2034 2304 2040 2196 1702 2036 2310 2042 1710 2276 1706 2038 2316 1717 1721 1725 1729 1733 2068 1839 1739 1742 2070 686 1751 1884 2062 1760 1764 2367 1767 2371 1770 2374 1773 2377 1776 2380 1779 2383 1782 2386 1785 2389 1788 2392 1791 2395 1794 2398 1797 2401 1800 2404 1803 2407 1806 2410 1809 2413 1812 1819 1832 2353 1828 2344 2065 2418 1896 2073 2348 1824 2363 1843 1847 1851 1855 1859 1863 1867 1871 1875 1879 1900 2067 2435 1836 2432 1889 2099 2428 2101 2477 1893 2097 2488 1904 1908 1912 1916 1920 1924 1494 2125 1930 2121 2054 1498 1934 2133 1932 1490 2519 1749 1752 2524 2057 1816 2118 1502 1506 1510 1514 1518 1522 1526 2161 1530 2165 1534 2169 1538 2173 1542 2177 1545 1961 1963 1965 1967 1969 1958 1971 1956 1976 1578 2204 1954 1630 2002 1626 2000 1992 1610 2233 1994 1614 2236 1996 1618 2240 1998 1622 2245 2249 2252 2004 2006 2008 2010 2013 1952 2015 1950 2017 1948 2019 1946 2021 1944 2023 1942 2028 1682 2295 1940 2288 1730 2052 2044 1714 2325 2046 1718 2329 2048 1722 2333 2050 1726 2338 2340 2053 1737 2354 791 1754 2364 1505 2058 1938 1881 1820 5597 1936 2345 1897 1844 2077 2075 2442 2349 2079 2081 2083 2085 2087 2089 2091 2093 2095 2090 1881 1745 2116 1909 2107 2103 2105 2503 2478 2109 2111 2113 2114 1927 2055 2059 1517 1513 1554 2567 1558 2571 1562 2575 1566 2579 1570 2583 1574 1972 2189 1658 2610 1662 2614 1666 2618 1670 2622 1674 2626 1678 2280 2056 1509 1758 1521 1925 1550 2563 1921 1917 1913 1880 1876 1872 1868 1864 1654 2606 1860 1856 1852 1848 1761 1885 2086 1905 1650 2012 1646 1642 1638 1634 1501 1546 1960 2007 2009 2005 2003 2352 2341 1737 2059 2094 2092 2088 2084 2082 2074 2080 2078 2115 2112 2104 2102 2110 2108 1757 2060 2342 2147 2641 2289 2679 2167 2171 2589 2175 2179 2677 2266 2183 2559 2176 2747 2139 2557 2172 2744 2131 2014 2251 2739 2592 2772 2601 2258 2602 2603 2263 2654 2555 2168 2737 2016 2553 2733 2018 2550 2020 2548 2022 2024 2198 2156 2795 2359 2483 1743 1740 2119 2424 2362 2664 2452 2481 2372 2376 2828 2379 2832 2382 2835 2385 2838 2388 2841 2391 2844 2394 2847 2397 2850 2400 2853 2403 2856 2406 2859 2409 2862 2412 2865 2415 2417 2868 2356 2811 2646 2476 2871 2366 2815 2444 2427 2680 2421 2448 2651 2820 2457 2784 2671 2656 2461 2903 2658 2663 2879 2660 2469 2916 2465 2657 2909 2473 2661 2913 2514 2750 2479 2423 2872 2498 2899 2505 2538 2721 2509 2676 2510 2926 2518 2730 2487 2160 2549 2791 2645 2885 2668 2939 1970 1968 1966 1964 1962 2164 2551 2789 2127 2430 2437 2882 2351 2875 2707 2943 2492 2929 2285 2274 2194 1959 2228 2242 2530 2716 2725 2151 2704 2698 2696 2692 2262 2682 2318 2799 2684 2686 2688 2562 3009 2613 3025 2206 2993 2319 2595 2373 2370 2695 3054 2209 2218 3072 2216 2997 2224 2210 3079 2255 2590 2778 2235 5602 2247 2775 2598 3001 2600 2243 3086 2594 3064 2779 2120 2523 2681 2124 3005 2748 3097 3006 2690 2270 2655 2324 3037 2605 2267 3103 2482 2484 2434 2128 2528 2700 2702 2547 2152 2803 2199 2321 2545 3014 2297 2985 2636 2543 2718 2300 2309 3139 2307 3060 2315 2301 3146 2643 2806 2313 2320 3107 2328 3132 2357 2339 2638 2640 3157 2343 2980 2635 3154 1928 2541 2825 2977 2647 2441 2227 2768 2347 2521 2531 2968 2678 2649 2890 2653 2672 2502 2711 2659 2886 2493 2140 2633 5594 2819 2933 2670 2490 2971 2132 2230 2972 2821 2674 2142 2570 2683 3040 2574 2685 3044 2578 2687 3048 2582 2689 3099 2586 2691 3029 2191 2693 2758 2617 3021 2621 3114 2625 3118 2629 3017 2282 2989 2540 2764 2290 2501 2195 2211 2136 3208 2566 3034 2609 3069 2286 2302 2294 2303 3143 2336 5593 3158 2332 2637 3159 2203 2212 3076 2271 2714 2816 2719 3136 2940 2440 2930 2648 2652 2669 2673 3137 2229 2221 2954 2937 2631 3182 3237 2952 3089 3178 2588 2756 2983 2232 2222 5592 2783 3258 2239 3008 3170 2188 2231 3094 3067 2990 2759 3235 3241 3003 2741 2774 3290 2697 3052 2699 2975 2907 2705 3166 2734 2701 2887 2797 2720 3138 3127 2279 2322 3162 2587 2918 2880 2827 3300 3091 3286 2948 2833 2837 3341 2840 3345 2843 3348 2846 3351 2849 3354 2852 3357 2855 3360 2858 3363 2861 3366 2864 3369 2867 3372 2978 2831 3274 2897 2817 2963 2889 2703 2630 2822 2895 3394 2787 3303 3177 3390 2494 2753 3246 2723 3165 3231 2873 2533 2893 3398 2902 3403 2961 3167 3315 2731 3189 3337 2713 3217 2935 3415 2717 2710 2942 3426 3141 3256 2884 3386 3175 3382 3111 3376 2878 3308 2814 3451 2945 3409 2932 2984 3243 2921 3326 3074 2728 3434 2881 3242 3130 3416 3152 2953 3252 3236 3266 3101 3046 2742 3084 2761 2762 3297 3196 3486 3095 3027 2995 3134 2766 3227 3056 3507 2781 3085 3268 3112 3000 3279 2777 3294 2908 2905 3053 3012 2976 2120 2738 5558 3038 2788 2735 5486 2757 3257 3059 2805 3319 3203 3123 3541 2834 3078 3466 2928 3406 2919 2924 2807 3125 3063 3479 3108 3153 5587 2954 2974 3263 3156 3515 2982 3180 3377 2870 2915 2925 3331 2898 3395 3184 3238 2724 3150 3173 2912 3463 3210 3419 3068 3169 3163 5598 2951 2949 3551 2793 2709 3316 2958 5572 3135 3224 2996 3212 2870 2964 3117 3544 3019 2818 3142 3148 2790 5599 3186 3071 3519 3221 3190 3145 3439 3075 3082 2798 3473 3047 3194 3102 3197 3028 3200 3096 3065 2957 2981 3168 3020 3207 3283 3092 3500 3375 3373 2966 2794 3312 3193 3491 3422 3334 3198 3328 2534 3109 3512 2746 2767 3497 3501 3004 3432 3228 3081 3083 3524 2906 2802 3559 3088 3527 3530 3023 3202 3024 3596 2760 2904 3335 3621 3229 3429 3630 3537 5563 3661 3644 3039 3204 3120 3601 3474 3456 3126 3325 3323 3016 3128 3548 2988 2808 3223 3222 5595 3147 5536 5558 3160 3226 5584 5535 3093 3539 3685 3401 3206 3121 3599 3289 3682 3571 3454 2969 3436 3346 3350 3742 3353 3746 3356 3749 3359 3752 3362 3755 3365 3758 3368 3761 3371 3764 2771 3240 3640 3273 3187 3504 3435 3216 3396 3183 3306 3670 3393 3738 3233 3248 3569 3414 3420 3400 3421 3774 3113 3405 3780 3261 3718 3388 3339 3219 3430 3605 3713 2987 3603 3477 2809 3609 5601 3418 3433 3702 3592 3043 3255 3042 3483 3611 3638 3284 3586 3657 5549 3277 3788 3428 3806 2922 3385 3721 3379 3734 3036 5589 3612 3453 3848 3411 3581 3793 3199 3460 3570 3853 3381 3840 3722 3194 3573 3461 3340 3589 3197 3423 3333 3827 3831 3066 3495 3293 3875 3299 3623 3489 3502 3885 3374 3499 3882 3632 3668 3109 3729 3509 3270 3800 3280 3627 3531 3664 3662 3680 3620 3674 3689 3666 3424 3629 3600 3834 3207 3535 3651 3890 3712 3816 3676 3324 3468 3408 3783 3302 3803 3594 3437 3265 3865 2666 3707 3455 3310 3572 3271 3445 3533 5591 3698 3493 3639 3653 3347 3344 3521 3606 3896 3302 3690 3626 3281 3484 5577 3923 3469 3618 3566 3665 3583 3249 3457 3465 3584 3646 3397 3450 3151 3558 3845 3389 3318 3425 3857 5560 3476 3343 5569 2957 3209 3412 3577 3245 3769 3604 3329 3555 3822 3462 3478 3285 5554 3919 3956 3872 3970 3873 3496 3523 3772 3773 3879 3767 3634 3675 3597 3510 3908 3694 3912 3691 3684 3929 3731 3322 3823 3587 3610 3214 3785 3549 3615 3778 3745 3992 3517 3920 3717 3687 3726 3440 3838 3446 3695 4054 4036 3909 3880 3933 4038 3113 3550 3543 3616 3540 4067 4061 3442 3748 4047 3751 4096 3754 4099 3757 4102 3760 4105 3763 4108 3766 4111 3841 3725 3575 3556 4007 3642 3975 4000 3925 3567 3673 3779 4016 3740 3948 4129 3565 3782 4135 3851 3578 5514 3720 4057 3976 3708 3553 3590 3941 3864 3957 4116 3678 3910 3728 3990 3991 4051 3442 4162 3472 3918 3547 5576 4010 3986 4070 3931 3210 3808 3724 4044 3805 4064 4040 4165 3737 4139 3850 4183 3794 3949 5539 3697 3485 3814 3953 4086 3799 3643 4142 3932 4076 3820 3314 3727 3809 3870 5582 3595 3833 3595 3877 2534 3887 4020 3768 3889 4219 3883 3669 3772 3983 5586 3901 3733 3688 4170 3296 3562 3667 4037 3528 3777 3996 3892 4223 3540 4033 3881 3716 3787 4065 3939 4050 3977 4001 4077 4030 3940 3868 4226 5565 4090 3839 4066 3659 4196 3705 3821 4145 3842 3790 3928 4062 3836 3636 3692 3926 3972 3946 3913 3966 3648 4056 4068 4248 3905 3847 4146 3935 3579 3797 4238 3802 4149 4266 4188 3859 4189 3811 3681 3958 4011 3160 3844 4167 4193 3791 3860 4178 4152 3978 3771 3984 4123 4136 3988 3649 4120 3971 3856 3861 4304 3878 4004 3843 3658 4173 4215 4137 3954 3922 4237 3773 3271 4176 3895 4206 4297 4138 4324 4071 3884 5574 3825 3714 4088 4172 4334 3686 4200 3663 4251 5566 4264 4081 3903 4005 4290 3482 5546 3619 4283 4048 3819 5581 5590 4163 5564 4161 4026 4035 4340 4155 3906 3701 5527 3471 4156 4328 3900 3959 4298 4092 4098 4364 4101 4382 4104 4385 4107 4388 4110 4391 4113 4394 4288 4003 4315 4127 3945 3961 4186 4131 3936 4085 4374 4241 4079 4207 4416 4217 4128 4059 4210 4042 4015 4221 4203 4342 4168 4271 4141 4412 4045 4267 4093 4286 3979 4185 4448 4060 5521 4375 4199 4075 5518 3964 4082 4376 4358 4287 4462 3969 3967 4277 4407 4258 4180 4284 4451 5579 4119 4353 4422 3871 4157 3937 4259 4083 4181 4377 3526 4089 4280 3508 4253 3999 4361 4115 4225 4242 4339 4049 3994 4397 5531 4278 4235 4160 3995 4474 4272 4211 4261 4228 4309 4031 4072 4295 5561 4197 4256 4231 4311 4265 4302 4260 4177 4213 4148 4408 4404 4250 4281 4350 4009 4132 4268 4187 4028 4459 3973 3960 4274 4019 4532 4235 4134 4046 4536 4240 4289 4490 4426 4191 4401 3980 3943 4158 4245 4053 4379 4032 4060 3251 4124 4166 4182 5548 4308 4229 4551 4279 4125 4204 4234 4369 4144 4205 4320 4323 4336 4373 4529 4023 4439 3655 4496 4471 4499 4466 4310 4494 4427 4310 4414 5557 4443 4398 3829 4444 4479 4504 4330 4232 4367 4570 3981 4384 4594 4387 4597 4390 4600 4393 4603 4396 4399 4606 4423 4405 4294 4270 4543 4312 4303 4484 3733 3579 4255 4151 4430 4436 4512 4344 4318 4406 4625 4222 4300 4548 4331 4420 4431 4380 4515 4609 4456 4381 4468 4450 4583 4458 4653 4434 4218 4323 4588 4589 4275 4550 4432 4663 4348 4467 4562 4194 4370 4446 4553 4478 4214 4546 4563 4326 4441 4632 4501 4648 4220 4333 4676 4011 4497 4502 4362 3828 4508 4415 4527 4355 4539 4322 4686 4425 3683 4556 4670 4547 4481 4419 4421 4580 4507 4629 4411 4656 4352 4577 4461 4612 4534 4541 4345 4488 5534 4513 4569 4641 4403 4736 4645 4438 3964 4554 4558 4435 4624 4662 4575 4535 4683 4454 4703 4623 4327 4520 4680 4363 4473 4356 4517 4433 4359 4591 4374 4482 4585 4476 4700 4428 4359 4531 4729 4465 4469 4770 4672 4561 4559 4707 4751 4523 4510 4723 4661 4743 4542 4492 4572 4596 4800 4599 4804 4602 4807 4605 4810 4608 4610 4813 4710 4486 4485 4821 4639 4717 4646 4538 4540 4733 4525 4489 4726 4314 4715 4567 4778 4621 4713 4783 4616 4655 4772 4678 3954 4674 4701 4472 4586 4696 4650 4816 4689 4518 4483 4666 5511 4734 4767 4688 4847 4528 4618 4693 4592 4702 4765 4368 4735 4754 4667 4792 4744 4681 4652 4781 4582 4798 4828 4628 4795 4573 4690 4658 4844 4634 4682 4741 4578 4565 4545 4619 4745 4823 4826 4614 4818 4647 4705 4833 4867 4739 4892 4762 4521 4636 4899 4631 4841 4673 4749 4669 4579 4914 4716 4679 4760 4836 4753 4643 4706 4642 4819 4758 4763 4925 4769 4667 4825 4766 4919 4947 4731 4921 4675 4771 4675 4725 4793 4905 4888 4802 4782 4830 4839 4897 4777 4691 4853 4806 4971 4809 4984 4812 4987 4815 4817 4990 4868 4695 4851 4780 4960 4774 4785 4937 4891 4831 4963 4838 5002 4685 4755 4860 4934 4722 4929 4994 4871 4791 4935 4893 4999 5024 4698 4876 4869 4882 4789 3895 4797 4967 4886 4889 4718 4827 4840 4728 4911 4936 4949 4709 4872 4788 4750 5052 4803 4903 5013 4944 4898 4846 5005 4854 4721 4820 4965 4938 4901 4865 4895 5028 4945 4957 4835 5046 4976 4952 4775 4857 4842 4747 4931 4916 4908 4850 5063 4786 4940 4927 4950 5018 4943 5060 4913 5099 4909 4855 4879 4864 4909 4961 4923 4958 5044 4953 5061 4907 4966 5071 5004 5001 4946 5041 5067 4973 4918 4877 5089 4986 5133 4989 5139 5026 4983 4904 5075 5048 5102 4954 4977 5080 5023 5081 5119 4996 4962 5085 5115 4883 5016 5153 5078 5037 5010 5007 5062 5015 5109 4874 5092 5042 5126 4970 5116 4880 4955 5094 5132 5182 4974 5058 5128 5106 4981 5077 5195 5027 5050 5030 5146 4959 4997 5035 4858 5032 4932 5083 4981 5012 5066 5189 4941 5055 4861 5017 4993 5020 5162 5101 5123 5008 5087 5079 5039 5151 5177 5070 5096 5054 5179 5110 5135 5107 5188 5142 5141 5255 4992 5150 5059 5199 5167 5130 5178 5251 5104 5152 5226 5156 5098 5051 5223 5168 5073 5127 5174 5114 5111 5267 5244 5144 5038 5157 5163 5154 5180 5236 5158 5220 5143 5229 5186 5221 5245 5272 5091 5214 5259 5184 5275 5136 5193 5164 5208 5138 5033 5298 5171 5198 5301 5169 5147 4980 5084 5206 5176 5276 5292 5191 5305 5159 5125 5240 5088 5212 5172 5148 5203 5170 5237 5166 5231 5333 5187 5290 5218 5257 5282 5249 5232 5247 5181 5036 5222 5286 5319 5238 5265 5310 5357 5280 5277 5260 5291 5219 5327 5278 5306 5325 5270 5233 5274 5359 5216 5322 5283 5336 5204 5271 5194 5261 5201 5315 5210 5303 5258 5308 5349 5207 5321 5394 5288 5370 5254 5294 5326 5343 5374 5353 5264 5242 5424 5228 5266 5331 5213 5313 5281 5375 5296 5376 5340 5340 5358 5360 5350 5335 5432 5352 5312 5407 5338 5398 5302 5300 5391 5354 5362 5416 5422 5377 5356 5378 5453 5418 5446 5410 5368 5342 5389 5405 5348 5324 5366 5262 5317 5309 5401 5448 5345 5314 5397 5487 5373 5466 5329 5386 5417 5423 5426 5463 5435 5363 5399 5414 5332 5428 5443 5297 5470 5471 5474 5409 5447 5486 5384 5442 5499 5484 5516 5380 5459 5434 5451 5406 5381 5369 5431 5450 5508 5393 5412 5494 5532 5440 5420 5387 5491 5502 5445 5404 5402 5482 5441 5473 5538 5520 5522 5429 5506 5390 5533 5452 5460 5461 5530 5430 5529 5478 5481 5456 5462 5545 5489 5469 5556 5503 5465 5493 5523 5551 5437 5415 5509 5498 5476 5490 5537 5479 5504 5525 5515 5499 5544 5528 5517 5583 5542 5496 5575 
0 0 0 0 0 0 0 0 0 0 0 0 0 0 0 0 0 0 0 0 0 0 0 0 0 0 0 0 0 0 0 0 0 0 0 0 0 0 0 0 0 0 0 0 0 0 0 0 0 0 0 0 0 0 0 0 0 0 0 0 0 0 0 0 0 0 0 0 0 0 0 0 0 0 0 0 0 0 0 0 0 0 0 0 0 0 0 0 0 0 0 0 0 0 0 0 0 0 0 0 0 0 0 0 0 0 0 0 0 0 0 0 0 0 0 0 0 0 0 0 0 0 0 0 0 0 0 0 0 0 0 0 0 0 0 0 0 0 0 0 0 0 0 0 0 0 0 0 0 0 0 0 0 0 0 0 0 0 0 0 0 0 0 0 0 0 0 0 0 0 0 0 0 0 0 0 0 0 0 0 0 0 0 0 0 0 0 0 0 0 0 0 0 0 0 0 0 0 0 0 0 0 0 0 0 0 0 0 0 0 0 0 0 0 0 0 0 0 0 0 0 0 0 0 0 0 0 0 0 0 0 0 0 0 0 0 0 0 0 0 0 0 0 0 0 0 0 0 0 0 0 0 0 0 0 0 0 0 0 0 0 0 0 0 0 0 0 0 0 0 0 0 0 0 0 0 0 0 0 0 0 0 0 0 0 0 0 0 0 0 0 0 0 0 0 0 0 0 0 0 0 0 0 0 0 0 0 0 0 0 0 0 0 0 0 0 0 0 0 0 0 0 0 0 0 0 0 0 0 0 0 0 0 0 0 0 0 0 0 0 0 0 0 0 0 0 0 0 0 0 0 0 0 0 0 0 0 0 0 0 0 0 0 0 0 0 0 0 0 0 0 0 0 0 0 0 0 0 0 0 0 0 0 0 0 0 0 0 0 0 0 0 0 0 0 0 0 0 0 0 0 0 0 0 0 0 0 0 0 0 0 0 0 0 0 0 0 0 0 0 0 0 0 0 0 0 0 0 0 0 0 0 0 0 0 0 0 0 0 0 0 0 0 0 0 0 0 0 0 0 0 0 0 0 0 0 0 0 0 0 0 0 0 0 0 0 0 0 0 0 0 0 0 0 0 0 0 0 0 0 0 0 0 0 0 0 0 0 0 0 0 0 0 0 0 0 0 0 0 0 0 0 0 0 0 0 0 0 0 0 0 0 0 0 0 0 0 0 0 0 0 0 0 0 0 0 0 0 0 0 0 0 0 0 0 0 0 0 0 0 0 0 0 0 0 0 0 0 0 0 0 0 0 0 0 0 0 0 0 0 0 0 0 0 0 0 0 0 0 0 0 0 0 0 0 0 0 0 0 0 0 0 0 0 0 0 0 0 0 0 0 0 0 0 0 0 0 0 0 0 0 0 0 0 0 0 0 0 0 0 0 0 0 0 0 0 0 0 0 0 0 0 0 0 0 0 0 0 0 0 0 0 0 0 0 0 0 0 0 0 0 0 0 0 0 0 0 0 0 0 0 0 0 0 0 0 0 0 0 0 0 0 0 0 0 0 0 0 0 0 0 0 0 0 0 0 0 0 0 0 0 0 0 0 0 0 0 0 0 0 0 0 0 0 0 0 0 0 0 0 0 0 0 0 0 0 0 0 0 0 0 0 0 0 0 0 0 0 0 0 0 0 0 0 0 0 0 0 0 0 0 0 0 0 0 0 0 0 0 0 0 0 0 0 0 0 0 0 0 0 0 0 0 0 0 0 0 0 0 0 0 0 0 0 0 0 0 0 0 0 0 0 0 0 0 0 0 0 0 0 0 0 0 0 0 0 0 0 0 0 0 0 0 0 0 0 0 0 0 0 0 0 0 0 0 0 0 0 0 0 0 0 0 0 0 0 0 0 0 0 0 0 0 0 0 0 0 0 0 0 0 0 0 0 0 0 0 0 0 0 0 0 0 0 0 0 0 0 0 0 0 0 0 0 0 0 0 0 0 0 0 0 0 0 0 0 0 0 0 0 0 0 0 0 0 0 0 0 0 0 0 0 0 0 0 0 0 0 0 0 0 0 0 0 0 0 0 0 0 0 0 0 0 0 0 0 0 0 0 0 0 0 0 0 0 0 0 0 0 0 0 0 0 0 0 0 0 0 0 0 0 0 0 0 0 0 0 0 0 0 0 0 0 0 0 0 0 0 0 0 0 0 0 0 0 0 0 0 0 0 0 0 0 0 0 0 0 0 0 0 0 0 0 0 0 0 0 0 0 0 0 0 0 0 0 0 0 0 0 0 0 0 0 0 0 0 0 0 0 0 0 0 0 0 0 0 0 0 0 0 0 0 0 0 0 0 0 0 0 0 0 0 0 0 0 0 0 0 0 0 0 0 0 0 0 0 0 0 0 0 0 0 0 0 0 0 0 0 0 0 0 0 0 0 0 0 0 0 0 0 0 0 0 0 0 0 0 0 0 0 0 0 0 0 0 0 0 0 0 0 0 0 0 0 0 0 0 0 0 0 0 0 0 0 0 0 0 0 0 0 0 0 0 0 0 0 0 0 0 0 0 0 0 0 0 0 0 0 0 0 0 0 0 0 0 0 0 0 0 0 0 0 0 0 0 0 0 0 0 0 0 0 0 0 0 0 0 0 0 0 0 0 0 0 0 0 0 0 0 0 0 0 0 0 0 0 0 0 0 0 0 0 0 0 0 0 0 0 0 0 0 0 0 0 0 0 0 0 0 0 0 0 0 0 0 0 0 0 0 0 0 0 0 0 0 0 0 0 0 0 0 0 0 0 0 0 0 0 0 0 0 0 0 0 0 0 0 0 0 0 0 0 0 0 0 0 0 0 0 0 0 0 0 0 0 0 0 0 0 0 0 0 0 0 0 0 0 0 0 0 0 0 0 0 0 0 0 0 0 0 0 0 0 0 0 0 0 0 0 0 0 0 0 0 0 0 0 0 0 0 0 0 0 0 0 0 0 0 0 0 0 0 0 0 0 0 0 0 0 0 0 0 0 0 0 0 0 0 0 0 0 0 0 0 0 0 0 0 0 0 0 0 0 0 0 0 0 0 0 0 0 0 0 0 0 0 0 0 0 0 0 0 0 0 0 0 0 0 0 0 0 0 0 0 0 0 0 0 0 0 0 0 0 0 0 0 0 0 0 0 0 0 0 0 0 0 0 0 0 0 0 0 0 0 0 0 0 0 0 0 0 0 0 0 0 0 0 0 0 0 0 0 0 0 0 0 0 0 0 0 0 0 0 0 0 0 0 0 0 0 0 0 0 0 0 0 0 0 0 0 0 0 0 0 0 0 0 0 0 0 0 0 0 0 0 0 0 0 0 0 0 0 0 0 0 0 0 0 0 0 0 0 0 0 0 0 0 0 0 0 0 0 0 0 0 0 0 0 0 0 0 0 0 0 0 0 0 0 0 0 0 0 0 0 0 0 0 0 0 0 0 0 0 0 0 0 0 0 0 0 0 0 0 0 0 0 0 0 0 0 0 0 0 0 0 0 0 0 0 0 0 0 0 0 0 0 0 0 0 0 0 0 0 0 0 0 0 0 0 0 0 0 0 0 0 0 0 0 0 0 0 0 0 0 0 0 0 0 0 0 0 0 0 0 0 0 0 0 0 0 0 0 0 0 0 0 0 0 0 0 0 0 0 0 0 0 0 0 0 0 0 0 0 0 0 0 0 0 0 0 0 0 0 0 0 0 0 0 0 0 0 0 0 0 0 0 0 0 0 0 0 0 0 0 0 0 0 0 0 0 0 0 0 0 0 0 0 0 0 0 0 0 0 0 0 0 0 0 0 0 0 0 0 0 0 0 0 0 0 0 0 0 0 0 0 0 0 0 0 0 0 0 0 0 0 0 0 0 0 0 0 0 0 0 0 0 0 0 0 0 0 0 0 0 0 0 0 0 0 0 0 0 0 0 0 0 0 0 0 0 0 0 0 0 0 0 0 0 0 0 0 0 0 0 0 0 0 0 0 0 0 0 0 0 0 0 0 0 0 0 0 0 0 0 0 0 0 0 0 0 0 0 0 0 0 0 0 0 0 0 0 0 0 0 0 0 0 0 0 0 0 0 0 0 0 0 0 0 0 0 0 0 0 0 0 0 0 0 0 0 0 0 0 0 0 0 0 0 0 0 0 0 0 0 0 0 0 0 0 0 0 0 0 0 0 0 0 0 0 0 0 0 0 0 0 0 0 0 0 0 0 0 0 0 0 0 0 0 0 0 0 0 0 0 0 0 0 0 0 0 0 0 0 0 0 0 0 0 0 0 0 0 0 0 0 0 0 0 0 0 0 0 0 0 0 0 0 0 0 0 0 0 0 0 0 0 0 0 0 0 0 0 0 0 0 0 0 0 0 0 0 0 0 0 0 0 0 0 0 0 0 0 0 0 0 0 0 0 0 0 0 0 0 0 0 0 0 0 0 0 0 0 0 0 0 0 0 0 0 0 0 0 0 0 0 0 0 0 0 0 0 0 0 0 0 0 0 0 0 0 0 0 0 0 0 0 0 0 0 0 0 0 0 0 0 0 0 0 0 0 0 0 0 0 0 0 0 0 0 0 0 0 0 0 0 0 0 0 0 0 0 0 0 0 0 0 0 0 0 0 0 0 0 0 0 0 0 0 0 0 0 0 0 0 0 0 0 0 0 0 0 0 0 0 0 0 0 0 0 0 0 0 0 0 0 0 0 0 0 0 0 0 0 0 0 0 0 0 0 0 0 0 0 0 0 0 0 0 0 0 0 0 0 0 0 0 0 0 0 0 0 0 0 0 0 0 0 0 0 0 0 0 0 0 0 0 0 0 0 0 0 0 0 0 0 0 0 0 0 0 0 0 0 0 0 0 0 0 0 0 0 0 0 0 0 0 0 0 0 0 0 0 0 0 0 0 0 0 0 0 0 0 0 0 0 0 0 0 0 0 0 0 0 0 0 0 0 0 0 0 0 0 0 0 0 0 0 0 0 0 0 0 0 0 0 0 0 0 0 0 0 0 0 0 0 0 0 0 0 0 0 0 0 0 0 0 0 0 0 0 0 0 0 0 0 0 0 0 0 0 0 0 0 0 0 0 0 0 0 0 0 0 0 0 0 0 0 0 0 0 0 0 0 0 0 0 0 0 0 0 0 0 0 0 0 0 0 0 0 0 0 0 0 0 0 0 0 0 0 0 0 0 0 0 0 0 0 0 0 0 0 0 0 0 0 0 0 0 0 0 0 0 0 0 0 0 0 0 0 0 0 0 0 0 0 0 0 0 0 0 0 0 0 0 0 0 0 0 0 0 0 0 0 0 0 0 0 0 0 0 0 0 0 0 0 0 0 0 0 0 0 0 0 0 0 0 0 0 0 0 0 0 0 0 0 0 0 0 0 0 0 0 0 0 0 0 0 0 0 0 0 0 0 0 0 0 0 0 0 0 0 0 0 0 0 0 0 0 0 0 0 0 0 0 0 0 0 0 0 0 0 0 0 0 0 0 0 0 0 0 0 0 0 0 0 0 0 0 0 0 0 0 0 0 0 0 0 0 0 0 0 0 0 0 0 0 0 0 0 0 0 0 0 0 0 0 0 0 0 0 0 0 0 0 0 0 0 0 0 0 0 0 0 0 0 0 0 0 0 0 0 0 0 0 0 0 0 0 0 0 0 0 0 0 0 0 0 0 0 0 0 0 0 0 0 0 0 0 0 0 0 0 0 0 0 0 0 0 0 0 0 0 0 0 0 0 0 0 0 0 0 0 0 0 0 0 0 0 0 0 0 0 0 0 0 0 0 0 0 0 0 0 0 0 0 0 0 0 0 0 0 0 0 0 0 0 0 0 0 0 0 0 0 0 0 0 0 0 0 0 0 0 0 0 0 0 0 0 0 0 0 0 0 0 0 0 0 0 0 0 0 0 0 0 0 0 0 0 0 0 0 0 0 0 0 0 0 0 0 0 0 0 0 0 0 0 0 0 0 0 0 0 0 0 0 0 0 0 0 0 0 0 0 0 0 0 0 0 0 0 0 0 0 0 0 0 0 0 0 0 0 0 0 0 0 0 0 0 0 0 0 0 0 0 0 0 0 0 0 0 0 0 0 0 0 0 0 0 0 0 0 0 0 0 0 0 0 0 0 0 0 0 0 0 0 0 0 0 0 0 0 0 0 0 0 0 0 0 0 0 0 0 0 0 0 0 0 0 0 0 0 0 0 0 0 0 0 0 0 0 0 0 0 0 0 0 0 0 0 0 0 0 0 0 0 0 0 0 0 0 0 0 0 0 0 0 0 0 0 0 0 0 0 0 0 0 0 0 0 0 0 0 0 0 0 0 0 0 0 0 0 0 0 0 0 0 0 0 0 0 0 0 0 0 0 0 0 0 0 0 0 0 0 0 0 0 0 0 0 0 0 0 0 0 0 0 0 0 0 0 0 0 0 0 0 0 0 0 0 0 0 0 0 0 0 0 0 0 0 0 0 0 0 0 0 0 0 0 0 0 0 0 0 0 0 0 0 0 0 0 0 0 0 0 0 0 0 0 0 0 0 0 0 0 0 0 0 0 0 0 0 0 0 0 0 0 0 0 0 0 0 0 0 0 0 0 0 0 0 0 0 0 0 0 0 0 0 0 0 0 0 0 0 0 0 0 0 0 0 0 0 0 0 0 0 0 0 0 0 0 0 0 0 0 0 0 0 0 0 0 0 0 0 0 0 0 0 0 0 0 0 0 0 0 0 0 0 0 0 0 0 0 0 0 0 0 0 0 0 0 0 0 0 0 0 0 0 0 0 0 0 0 0 0 0 0 0 0 0 0 0 0 0 0 0 0 0 0 0 0 0 0 0 0 0 0 0 0 0 0 0 0 0 0 0 0 0 0 0 0 0 0 0 0 0 0 0 0 0 0 0 0 0 0 0 0 0 0 0 0 0 0 0 0 0 0 0 0 0 0 0 0 0 0 0 0 0 0 0 0 0 0 0 0 0 0 0 0 0 0 0 0 0 0 0 0 0 0 0 0 0 0 0 0 0 0 0 0 0 0 0 0 0 0 0 0 0 0 0 0 0 0 0 0 0 0 0 0 0 0 0 0 0 0 0 0 0 0 0 0 0 0 0 0 0 0 0 0 0 0 0 0 0 0 0 0 0 0 0 0 0 0 0 0 0 0 0 0 0 0 0 0 0 0 0 0 0 0 0 0 0 0 0 0 0 0 0 0 0 0 0 0 0 0 0 0 0 0 0 0 0 0 0 0 0 0 0 0 0 0 0 0 0 0 0 0 0 0 0 0 0 0 0 0 0 0 0 0 0 0 0 0 0 0 0 0 0 0 0 0 0 0 0 0 0 0 0 0 0 0 0 0 0 0 0 0 0 0 0 0 0 0 0 0 0 0 0 0 0 0 0 0 0 0 0 0 0 0 0 0 0 0 0 0 0 0 0 0 0 0 0 0 0 0 0 0 0 0 0 0 0 0 0 0 0 0 0 0 0 0 0 0 0 0 0 0 0 0 0 0 0 0 0 0 0 0 0 0 0 0 0 0 0 0 0 0 0 0 0 0 0 0 0 0 0 0 0 0 0 0 0 0 0 0 0 0 0 0 0 0 0 0 0 0 0 0 0 0 0 0 0 0 0 0 0 0 0 0 0 0 0 0 0 0 0 0 0 0 0 0 0 0 0 0 0 0 0 0 0 0 0 0 0 0 0 0 0 0 0 0 0 0 0 0 0 0 0 0 0 0 0 0 0 0 0 0 0 0 0 0 0 0 0 0 0 0 0 0 0 0 0 0 0 0 0 0 0 0 0 0 0 0 0 0 0 0 0 0 0 0 0 0 0 0 0 0 0 0 0 0 0 0 0 0 0 0 0 0 0 0 0 0 0 0 0 0 0 0 0 0 0 0 0 0 0 0 0 0 0 0 0 0 0 0 0 0 0 0 0 0 0 0 0 0 0 0 0 0 0 0 0 0 0 0 0 0 0 0 0 0 0 0 0 0 0 0 0 0 0 0 0 0 0 0 0 0 0 0 0 0 0 0 0 0 0 0 0 0 0 0 0 0 0 0 0 0 0 0 0 0 0 0 0 0 0 0 0 0 0 0 0 0 0 0 0 0 0 0 0 0 0 0 0 0 0 0 0 0 0 0 0 0 0 0 0 0 0 0 0 0 0 0 0 0 0 0 0 0 0 0 0 0 0 0 0 0 0 0 0 0 0 0 0 0 0 0 0 0 0 0 0 0 0 0 0 0 0 0 0 0 0 0 0 0 0 0 0 0 0 0 0 0 0 0 
