+------------------------------ CFD LOVES C++ ---------------------------+
|--------------------DISCONTINUOS GALERKIN METHOD SOLVER-----------------|
|                                  Author                                |
|   Nam Ha Tran.                                                         |
|   Ver 1.00                                                             |
+------------------------------------------------------------------------+
|   This program uses Discontinous Galerkin method to solve 2D problems  |
|   on structural and unstructural mesh.                                 |
+------------------------------------------------------------------------+
	Program ran at (d-m-y_h-m-s) 25-11-2018_12-56-10

	ineled array

10 10 692 692 23 23 656 657 0 0 11 11 606 606 659 659 0 1 1 1 44 45 2 2 45 2 47 47 3 3 47 3 48 48 4 4 48 4 49 49 5 5 49 5 50 50 6 6 50 6 51 51 7 7 51 7 52 52 8 8 52 8 53 53 9 9 53 9 55 55 10 43 541 541 692 541 542 542 542 694 694 543 543 694 543 696 696 544 544 696 544 697 697 545 545 697 545 698 698 546 546 698 546 699 699 547 547 699 547 700 700 548 548 700 548 701 701 549 549 701 549 702 702 550 550 702 550 703 703 551 551 703 551 704 704 552 552 704 552 705 705 553 553 705 553 706 706 554 554 706 554 707 707 555 555 707 555 708 708 556 556 708 556 709 709 557 557 709 557 710 710 558 558 710 558 713 713 559 559 713 559 716 716 560 560 716 560 719 719 561 561 719 561 722 722 562 562 722 562 725 725 563 563 725 563 728 728 564 564 728 564 731 731 565 565 731 565 732 732 566 566 732 566 733 733 567 567 733 567 734 734 568 568 734 568 735 735 569 569 735 569 736 736 570 570 736 570 737 737 571 571 737 571 738 738 572 572 738 572 739 739 573 573 739 573 740 740 574 574 740 574 741 741 575 575 741 575 742 742 576 576 742 576 743 743 577 577 743 577 744 744 578 578 744 578 745 745 579 579 745 579 746 746 580 580 746 580 747 747 581 581 747 581 748 748 582 582 748 582 749 749 583 583 749 583 750 750 584 584 750 584 753 753 585 585 753 585 756 756 586 586 756 586 759 759 587 587 759 587 762 762 588 588 762 588 765 765 589 589 765 589 768 768 590 590 768 590 771 771 591 591 771 591 772 772 592 592 772 592 773 773 593 593 773 593 774 774 594 594 774 594 775 775 595 595 775 595 776 776 596 596 776 596 777 777 597 597 777 597 778 778 598 598 778 598 779 779 599 599 779 599 780 780 600 600 780 600 781 781 601 601 781 601 782 782 602 602 782 602 783 783 603 603 783 603 784 784 604 604 784 604 785 785 605 605 785 605 606 11 12 12 12 58 59 13 13 59 13 56 57 14 14 57 14 62 62 15 15 62 15 63 63 16 16 63 16 64 64 17 17 64 17 65 65 18 18 65 18 66 66 19 19 66 19 67 67 20 20 67 20 68 68 21 21 68 21 69 69 22 22 69 22 71 71 42 71 23 24 24 24 72 72 25 25 72 25 73 73 26 26 73 26 74 74 27 74 28 28 609 786 28 75 75 609 610 29 29 75 610 612 29 76 76 612 788 30 30 76 614 787 30 77 77 614 615 31 31 77 615 617 31 78 78 617 791 32 32 78 619 790 32 79 79 619 620 33 33 79 620 622 33 80 80 622 624 34 34 80 624 626 34 81 81 626 628 35 35 81 628 630 35 82 82 630 632 36 36 82 632 634 36 83 83 634 636 37 37 83 636 638 37 84 84 638 640 38 38 84 640 642 38 85 85 642 644 39 39 85 644 646 39 86 86 646 648 40 40 86 648 650 40 87 87 650 652 41 41 87 652 654 41 70 654 656 659 660 660 789 660 795 796 661 661 796 661 798 798 662 662 798 662 793 794 663 663 794 663 800 800 664 664 800 664 801 801 665 665 801 665 802 802 666 666 802 666 803 803 667 667 803 667 804 804 668 668 804 668 805 805 669 669 805 669 806 806 670 670 806 670 807 807 671 671 807 671 808 808 672 672 808 672 809 809 673 673 809 673 810 810 674 674 810 674 811 811 675 675 811 675 812 812 676 676 812 676 677 677 657 677 607 814 814 680 680 792 680 816 816 681 681 815 681 817 817 682 682 817 682 818 818 683 683 818 683 819 819 684 684 819 684 820 820 685 685 820 685 821 821 686 686 821 686 822 822 687 687 822 687 823 823 688 688 823 688 824 824 689 689 824 689 825 825 690 690 825 690 826 826 691 691 826 691 44 88 196 46 54 151 163 92 144 154 218 93 143 153 216 90 94 155 221 95 120 158 213 96 121 159 231 97 122 227 234 91 123 156 58 170 200 56 60 169 197 61 98 161 167 99 148 166 174 100 147 173 178 101 146 176 184 102 145 152 181 103 124 162 240 104 125 187 241 105 126 188 242 89 127 189 194 149 172 193 106 128 190 191 107 129 229 239 150 156 108 130 199 247 109 131 202 250 110 132 203 252 111 133 204 253 112 134 205 243 113 135 206 255 114 136 207 256 115 137 208 257 116 138 209 258 117 139 210 259 118 140 211 260 119 141 212 261 142 224 151 201 154 163 216 218 153 221 155 213 158 230 159 226 160 234 167 197 169 170 161 174 166 178 173 184 152 176 162 181 187 240 188 241 189 242 194 172 191 190 238 225 157 247 199 202 203 250 204 251 205 253 206 244 207 255 208 256 209 257 210 258 211 259 212 260 228 233 164 249 344 388 177 182 303 366 217 222 301 368 165 219 349 396 214 223 356 408 272 274 215 230 314 394 226 232 295 357 168 235 296 297 183 246 313 377 389 396 175 179 348 380 198 297 304 171 236 292 358 262 291 233 237 293 180 185 352 360 296 379 186 303 371 348 360 367 377 352 371 271 278 290 338 276 279 289 309 195 275 343 351 192 238 312 345 294 345 343 304 358 245 283 327 330 263 302 327 355 284 286 300 370 251 285 317 323 243 287 311 318 254 270 328 382 269 288 326 375 268 282 331 385 267 281 332 334 266 273 299 336 265 280 306 341 264 277 308 320 394 439 220 301 390 349 390 356 369 248 316 357 295 314 293 320 307 291 313 338 290 309 289 351 311 382 330 300 302 317 364 370 318 323 326 328 331 376 334 386 299 332 306 336 308 341 310 363 405 411 340 365 414 472 347 381 440 322 346 484 315 446 298 379 404 424 305 424 457 333 353 406 430 354 374 531 368 392 492 355 491 491 503 366 373 445 475 359 410 457 337 350 403 437 321 342 461 498 411 414 319 399 402 419 339 378 447 465 395 324 364 413 450 325 419 453 501 511 451 453 329 375 417 422 384 422 462 385 393 407 427 335 430 435 401 416 435 406 437 447 472 403 461 387 388 432 474 484 361 400 448 458 391 398 444 444 405 432 362 372 463 493 408 426 442 449 410 448 493 383 413 429 452 456 476 485 442 409 409 445 463 407 417 465 485 404 458 402 462 416 427 397 434 505 536 441 481 420 469 516 522 438 467 488 495 425 477 510 412 433 519 528 431 470 499 512 418 460 496 513 449 409 468 494 415 519 525 450 518 473 516 428 443 480 487 423 513 517 455 478 489 507 459 488 496 506 436 521 523 528 480 504 499 464 475 466 482 489 471 515 454 497 508 537 498 509 502 486 529 538 693 901 902 974 827 974 1155 695 828 975 1161 829 953 976 1153 830 903 978 1158 831 904 979 1170 832 905 980 1171 833 906 981 1172 834 907 982 1173 835 908 983 1174 836 909 984 1175 837 910 985 1176 838 911 986 1178 839 912 987 1180 840 913 988 1182 841 914 989 1184 711 915 1186 1358 712 714 1187 1331 715 717 1188 1301 718 720 1189 1303 721 723 1190 1305 724 726 1191 1307 727 729 1193 1309 730 843 992 1311 842 844 990 1195 845 960 994 997 846 959 996 1000 847 958 999 1004 848 957 1003 1008 849 956 1007 1013 850 955 1011 1019 851 954 977 1016 852 916 991 1203 853 917 1022 1206 854 918 1023 1209 855 919 1024 1212 856 920 1025 1201 857 921 1026 1199 858 922 1027 1217 859 923 1028 1218 860 924 1029 1219 861 925 1030 1220 751 926 1031 1351 752 754 1221 1341 755 757 1223 1314 758 760 1225 1316 761 763 1227 1318 764 766 1229 1320 767 769 1231 1322 770 863 1034 1324 862 864 1032 1233 865 967 1036 1039 866 966 1038 1042 867 965 1041 1046 868 964 1045 1050 869 963 1049 1055 870 962 1053 1061 871 961 995 1058 872 927 1033 1240 873 928 1064 1243 874 929 1065 1246 875 930 1066 1249 876 931 1067 1238 877 932 1068 1253 933 1254 1254 611 1071 1434 613 1072 1433 1072 1284 616 787 1157 1164 618 1075 1164 1075 1257 621 790 1167 1328 623 1078 1328 625 1078 1079 627 1079 1081 629 1081 1083 631 1083 1085 633 1085 1087 635 1087 1089 637 1089 1091 639 1091 1093 641 1093 1095 643 1095 1097 645 1097 1099 647 1099 1101 649 1101 1103 651 1103 1105 653 1105 1107 655 1107 1109 658 1109 1111 679 795 1074 1117 797 813 1112 1135 793 970 1077 1122 799 878 1069 1115 879 971 1073 1113 880 969 1120 1137 881 934 1070 1270 882 935 1124 1268 883 936 1125 1273 884 937 1126 1274 885 938 1127 1275 886 939 1128 1276 887 940 1129 1277 888 941 1130 1278 889 942 1131 1279 890 943 1132 1280 678 944 1133 1283 1262 792 891 1076 1281 815 968 1037 1139 892 973 1140 1144 893 972 1119 1142 894 945 1134 1288 895 946 1147 1289 896 947 1148 1286 897 948 1149 1292 898 949 1150 1293 899 950 1151 1294 900 951 1152 1295 952 1168 902 975 1155 1153 1161 976 1158 978 1170 979 1171 980 1172 981 1173 982 1174 983 1175 984 1176 985 1178 986 1180 987 1182 988 1184 989 1186 1331 1359 1187 1301 1188 1303 1189 1305 1190 1307 1191 1309 1193 1311 990 992 997 1195 994 1000 996 1004 999 1008 1003 1013 1007 1019 977 1011 991 1016 1022 1203 1023 1206 1024 1209 1025 1212 1026 1202 1027 1200 1028 1217 1029 1218 1030 1219 1031 1220 1341 1352 1221 1314 1223 1316 1225 1318 1227 1320 1229 1322 1231 1324 1032 1034 1039 1233 1036 1042 1038 1046 1041 1050 1045 1055 1049 1061 995 1053 1033 1058 1064 1240 1065 1243 1066 1246 1067 1249 1068 1239 1253 1157 1297 1326 1167 1260 1298 1076 1254 1077 1115 1112 1117 1122 1135 1069 1113 1073 1137 1070 1120 1124 1270 1125 1269 1126 1273 1127 1274 1128 1275 1129 1276 1130 1277 1131 1278 1132 1279 1133 1280 1139 1281 1037 1144 1119 1140 1134 1142 1147 1288 1148 1289 1149 1287 1150 1292 1151 1293 1152 1294 1295 1296 1285 1433 1169 1435 1601 1156 1162 1551 1604 1154 1159 1535 1620 1012 1017 1404 1690 1160 1265 1724 1730 1261 1357 1400 1661 1236 1259 1634 1695 1232 1327 1385 1629 1230 1300 1554 1624 1228 1299 1425 1429 1226 1329 1423 1520 1177 1224 1420 1532 1179 1222 1389 1416 1181 1198 1390 1401 1183 1194 1392 1397 1185 1192 1393 1566 993 1196 1396 1773 1018 1204 1598 1784 1313 1396 1711 998 1001 1547 1728 1054 1059 1428 1627 1002 1005 1579 1747 1197 1547 1570 1006 1009 1578 1583 1729 1747 1010 1014 1549 1581 1578 1579 1015 1020 1764 1776 1581 1583 1021 1404 1666 1549 1763 1691 1784 1666 1205 1207 1573 1208 1210 1593 1771 1211 1213 1550 1595 1201 1214 1408 1591 1199 1215 1391 1406 1216 1356 1410 1586 1355 1363 1411 1412 1354 1362 1413 1414 1353 1360 1395 1614 1351 1361 1610 1750 1035 1234 1546 1767 1060 1241 1658 1810 1325 1546 1722 1040 1043 1545 1736 1145 1237 1387 1681 1044 1047 1637 1738 1235 1545 1631 1048 1051 1636 1641 1737 1738 1052 1056 1572 1639 1636 1637 1057 1062 1612 1646 1639 1641 1063 1428 1561 1572 1646 1628 1810 1561 1612 1242 1244 1633 1649 1245 1247 1653 1744 1248 1250 1654 1741 1238 1251 1652 1252 1365 1384 1437 1116 1266 1506 1668 1121 1272 1473 1539 1364 1114 1255 1432 1471 1165 1367 1431 1348 1383 1437 1123 1258 1436 1476 1080 1347 1541 1575 1082 1441 1574 1084 1441 1442 1086 1442 1444 1088 1444 1446 1090 1446 1448 1092 1448 1450 1094 1450 1452 1096 1452 1454 1098 1454 1456 1100 1456 1458 1102 1458 1460 1104 1460 1462 1106 1462 1464 1108 1464 1466 1110 1466 1468 1336 1468 1118 1263 1440 1481 1471 1506 1436 1668 1376 1479 1141 1267 1536 1543 1138 1539 1619 1136 1476 1537 1268 1373 1523 1665 1271 1346 1478 1673 1345 1375 1482 1483 1344 1374 1439 1675 1343 1372 1415 1485 1340 1371 1488 1489 1339 1349 1491 1497 1338 1370 1494 1495 1282 1337 1492 1500 1369 1469 1474 1143 1291 1505 1687 1440 1537 1432 1618 1368 1387 1519 1146 1536 1688 1505 1543 1681 1688 1350 1379 1487 1508 1286 1378 1525 1677 1290 1335 1510 1694 1334 1381 1513 1514 1333 1380 1394 1503 1330 1377 1388 1517 1163 1535 1669 1602 1602 1166 1297 1603 1607 1621 1730 1551 1669 1651 1867 2063 1260 1382 1386 1511 1400 1724 1661 1385 1634 1554 1629 1429 1624 1425 1520 1423 1532 1389 1420 1390 1416 1392 1401 1393 1397 1358 1552 1566 1332 1531 1560 1732 1302 1530 1563 1696 1304 1529 1564 1699 1306 1528 1565 1702 1308 1527 1609 1705 1310 1312 1558 1708 1570 1773 1391 1586 1406 1408 1589 1598 1573 1781 1550 1593 1591 1595 1410 1412 1395 1610 1614 1342 1405 1576 1734 1315 1419 1557 1568 1317 1422 1556 1714 1319 1424 1622 1716 1321 1426 1623 1718 1323 1427 1555 1720 1631 1767 1656 1683 1649 1658 1633 1744 1653 1652 1654 1386 1431 1644 1478 1523 1473 1664 1482 1673 1439 1483 1485 1675 1415 1489 1488 1497 1491 1495 1494 1500 1474 1492 1438 1519 1765 1510 1525 1508 1687 1487 1676 1513 1694 1503 1514 1394 1517 1388 1479 1602 1560 1696 1563 1699 1564 1702 1565 1705 1609 1708 1558 1711 1568 1576 1557 1714 1556 1716 1622 1718 1623 1720 1555 1722 1511 1541 1548 1732 1883 1678 1734 1878 1751 1878 1552 1882 1635 1753 1807 1512 1644 1863 1992 1553 1726 1772 1906 1480 1518 1850 1417 1421 1803 1951 1402 1418 1930 1407 1587 1793 1919 1398 1403 1922 2066 1399 1606 1797 1504 1672 1770 1861 1559 1615 1774 1954 1713 1789 1887 1921 1922 1682 1725 1864 1930 2066 1667 1690 2025 2100 1409 1793 1794 1592 1794 1940 1588 1600 1779 1934 1774 1779 1486 1611 1800 1856 1948 1534 1803 1522 1533 2006 2054 1430 1521 1806 2009 1562 1627 1970 2077 1626 1806 1957 1645 1969 2110 2187 2503 1472 1618 1892 1896 1477 1752 1848 2000 1685 1484 1693 1853 1890 1617 1662 1799 1816 1443 1574 1787 1845 1445 1821 1845 1447 1821 1822 1449 1822 1824 1451 1824 1826 1453 1826 1828 1455 1828 1830 1457 1830 1832 1459 1832 1834 1461 1834 1836 1463 1836 1838 1465 1838 1840 1467 1840 1842 1470 1842 1984 1475 1507 1866 1896 1540 1664 1802 1894 1493 1815 1908 1538 1848 1888 1524 1680 1805 1994 1816 1674 1758 1854 1868 1853 1854 1759 1847 1856 1509 1676 1858 1870 1490 1498 1943 2076 1800 1942 1499 1679 1903 1995 1502 1815 1985 1496 1501 1814 1967 1814 1903 1995 2087 1968 1985 1516 1861 1965 1544 1757 1768 1900 1686 1866 1880 1760 1766 1870 1526 1755 1876 1884 1542 1863 1898 1515 1761 1820 2003 1965 2003 1770 1875 1765 1906 1976 2044 2006 1756 1805 1872 1727 1849 1884 2023 2054 1620 1671 2132 2173 1689 1692 1775 1977 1799 1888 1663 1844 1894 1657 1898 1981 1775 1900 1632 1736 2028 2109 1723 1788 1791 2049 1571 1728 1928 2013 1582 1763 1790 1938 1594 1596 1792 2050 1605 1608 1670 1782 1567 1882 1907 1945 1625 1630 1960 2106 1721 1801 2019 2047 1715 1798 2082 2083 1569 1796 1927 2040 1710 1712 2061 2089 1697 1733 2029 2213 1613 1950 2077 1698 1700 2057 2194 1701 1703 1918 2036 1704 1706 1924 2051 1797 1944 1577 1927 1932 1813 1928 1956 1640 1647 1912 1971 1599 2043 2238 1787 1981 1735 1932 2026 1580 1584 1905 2032 1749 1905 1963 1585 1938 2073 2033 2073 1920 1934 1597 1940 2079 1771 1792 1818 2050 2079 1786 1926 2042 1607 1782 1707 1709 1917 2038 1616 1750 2072 2093 1648 1950 2064 1844 1892 1937 2173 1717 1804 1959 2017 1719 1851 2099 2125 1957 1960 1811 1970 2103 1809 2106 1852 1910 2109 1650 1745 1929 2011 1754 1762 1807 1638 1642 1886 2021 1740 1886 2030 1643 1971 2022 1969 1993 2325 1912 1973 1659 1929 1979 1655 1743 1746 2117 2336 1812 1979 1762 1864 1802 1872 1880 2000 1783 2132 1868 1994 1847 1890 1849 1858 1772 1860 1982 1766 1768 1977 1990 1785 2025 2154 1820 1876 2029 2194 1918 2057 2037 1917 1924 2039 2061 2086 2041 2017 2083 1959 2098 2019 2125 2048 1731 1997 1997 1748 2014 2337 2376 2007 2158 1879 2026 2180 1739 2028 2111 2030 2012 2117 1963 1931 2072 2090 1808 1865 2105 2165 1777 1790 1915 1769 1991 2059 2152 1791 1909 1902 2152 2340 1862 1913 2166 2235 1818 2060 1914 1982 2130 2195 1887 1955 1780 1954 2122 2176 1901 1978 2230 2286 1916 2151 1936 2176 2255 2293 1926 2154 1846 1999 2167 2204 1915 1939 2257 2309 1909 2049 2200 2347 1819 2070 2092 2128 1795 1919 2239 2240 1941 2240 2359 1923 1944 2242 1817 1946 2282 1857 1942 2081 2161 1873 1895 2267 2291 1952 2056 2272 2467 1874 2008 2219 2329 1958 2034 2193 2372 2105 2107 2001 1904 1967 2062 2343 1908 1987 2052 2235 2060 2088 2128 1877 2004 2179 2231 1823 1962 2225 2302 1825 2134 2301 1827 2134 2135 1829 2135 2137 1831 2137 2139 1833 2139 2141 1835 2141 2143 1837 2143 2145 1839 2145 2147 1841 2147 2149 1843 2053 2149 2052 1893 1983 2131 2211 2204 2225 1891 1988 2124 2209 1889 2020 2178 2201 1859 2016 2133 2163 1855 1989 2159 2323 1869 2159 2170 2124 2161 1871 2163 2174 1966 2166 2280 1899 1992 2218 2338 1997 2165 1881 1911 2102 2190 1998 2169 2170 2059 2174 2267 2329 1885 2179 2206 2091 2180 2046 2071 2190 1907 2157 2133 2206 2021 2031 2388 2405 2405 1955 2221 2294 2390 2178 2283 2209 2324 1897 2211 2216 2131 2290 2102 2216 2045 2218 2222 2230 2340 1996 2062 2320 1964 2032 2279 2313 2044 2195 2460 2035 2101 2157 2333 2186 2275 1972 1974 2436 2455 2197 2310 2483 1925 2038 2243 2244 2036 2058 2263 2298 1935 2239 2355 2068 2242 2248 2051 2069 2244 2042 2156 2258 2365 1933 2040 2254 2364 2013 2065 2385 2392 1980 2011 2383 2499 2027 2254 2303 2255 2356 2075 2257 2567 2080 2518 2076 2081 2259 2101 2295 2067 2272 2273 2093 2095 2122 2402 1961 2372 2400 2018 2098 2366 2462 2108 2378 2399 2005 2280 2446 1986 2344 2422 2110 2168 2078 2103 2374 2519 2097 2266 2350 2160 2286 2315 2167 2222 2130 2292 2229 2361 2422 2325 2339 2440 2571 2169 2219 2208 2317 2320 2071 2201 2374 2383 2232 2446 2055 2193 2345 2284 2499 2085 2363 2047 2127 2268 2100 2155 2185 2342 2182 2303 2112 2184 2188 2375 2198 2215 2236 2352 2379 2388 2074 2314 2632 2069 2089 2096 2243 2084 2264 2088 2258 2200 2268 2092 2121 2250 2247 2360 2494 2535 2196 2199 2298 2153 2234 2425 2488 2096 2294 2322 2343 2563 2597 2248 2273 2245 2300 2507 2547 2191 2202 2493 2546 2090 2095 2261 2632 2260 2316 2266 2519 2251 2510 2162 2259 2367 2430 2264 2362 2277 2308 2452 2181 2262 2580 2129 2250 2369 2123 2261 2386 2516 2265 2307 2368 2486 2126 2366 2387 2185 2483 2297 2333 2426 2656 2192 2319 2439 2548 2278 2289 2445 2571 2378 2188 2275 2183 2626 2460 2279 2385 2177 2386 2442 2210 2227 2380 2470 2269 2387 2369 2454 2253 2292 2371 2481 2515 2212 2290 2434 2476 2164 2285 2433 2585 2136 2301 2351 2381 2138 2381 2406 2140 2406 2408 2142 2408 2410 2144 2410 2412 2146 2412 2414 2148 2414 2416 2150 2416 2418 2360 2418 2341 2425 2593 2357 2358 2172 2323 2353 2523 2380 2430 2175 2433 2437 2281 2318 2377 2472 2531 2205 2223 2552 2588 2171 2220 2480 2572 2523 2572 2437 2488 2256 2442 2574 2283 2328 2389 2207 2231 2469 2496 2304 2580 2342 2465 2485 2517 2276 2375 2397 2636 2493 2548 2345 2373 2444 2625 2199 2236 2371 2658 2851 2237 2299 2500 2270 2348 2555 2570 2389 2544 2226 2420 2551 2469 2585 2327 2470 2568 2217 2476 2478 2439 2478 2224 2338 2592 2601 2331 2480 2578 2589 2601 2334 2420 2449 2287 2346 2512 2540 2447 2497 2736 2352 2354 2500 2241 2355 2502 2604 2359 2395 2502 2249 2509 2623 2246 2368 2504 2504 2507 2274 2509 2525 2510 2617 2617 2305 2364 2461 2586 2661 2514 2574 2637 2309 2567 2655 2682 2365 2394 2452 2316 2367 2561 2581 2630 2770 2362 2461 2350 2384 2520 2612 2312 2330 2428 2558 2421 2553 2370 2396 2467 2491 2396 2525 2570 2645 2313 2530 2533 2539 2448 2531 2809 2429 2540 2560 2428 2434 2481 2560 2390 2403 2486 2611 2838 2351 2449 2582 2661 2484 2682 2642 2718 2718 2321 2562 2724 2563 2724 2353 2568 2559 2578 2354 2426 2444 2535 2592 2709 2808 2859 2880 2512 2593 2394 2465 2423 2597 2384 2455 2456 2382 2450 2755 2760 2524 2600 2643 2748 2427 2536 2609 2678 2605 2637 2395 2424 2506 2750 2464 2583 2697 2391 2404 2543 2432 2561 2795 2796 2505 2557 2699 2836 2495 2617 2651 2716 2791 2538 2538 2768 2814 2528 2625 2652 2393 2521 2397 2401 2473 2399 2686 2431 2471 2705 2799 2407 2644 2754 2534 2457 2612 2812 2392 2533 2564 2443 2516 2694 2712 2404 2553 2458 2473 2532 2544 2403 2564 2453 2466 2622 2650 2529 2692 2716 2492 2537 2688 2689 2474 2636 2719 2740 2652 2686 2487 2565 2627 2744 2543 2554 2664 2706 2405 2456 2409 2644 2665 2411 2665 2667 2413 2667 2669 2415 2669 2671 2417 2671 2673 2419 2673 2675 2675 2750 2451 2551 2635 2733 2599 2787 2489 2595 2817 2825 2678 2680 2693 2435 2558 2684 2788 2796 2799 2438 2596 2610 2619 2477 2684 2703 2490 2610 2829 2550 2569 2683 2781 2575 2694 2882 2591 2608 2618 2654 2659 2737 2809 2733 2760 2650 2459 2648 2812 2475 2648 2586 2701 2728 2517 2622 2628 2491 2496 2606 2616 2779 2590 2705 2729 2741 2818 2479 2703 2710 2683 2710 2577 2579 2677 2806 2515 2587 2702 2908 2547 2698 2715 2715 2631 2759 2627 2699 2826 2829 2618 2689 2549 2607 2695 2764 2736 2780 2922 2609 2604 2692 2907 2508 2836 2698 2890 2526 2623 2751 2541 2594 2766 2821 2712 2774 2856 2891 2628 2759 2798 2613 2573 2748 2802 2688 2751 2545 2778 2811 2906 2539 2566 2633 2784 2633 2718 2720 2681 2766 2773 2664 2728 2739 2695 2765 2781 2588 2635 2776 2576 2706 2789 2793 2873 2702 2763 2725 2795 2840 2598 2726 2758 2767 2745 2784 2655 2643 2729 2685 2708 2721 2677 2802 2639 2882 2979 2806 2873 2662 2616 2619 2663 2701 2849 2602 2777 2876 2603 2709 2742 2817 2821 2767 2843 2775 2876 2638 3003 2679 2772 2884 2887 2620 2831 2932 2944 2832 2621 2779 2926 2987 2660 2690 2855 2893 2926 2932 2629 2769 2833 2834 2693 2753 2653 2659 2700 2744 2886 2965 2827 2833 2915 2747 2786 2842 2959 2734 2776 2942 2992 2719 2721 2995 2730 2749 2937 2990 2666 2754 2839 2857 2819 2828 2919 2920 2791 2834 2687 2714 2720 2742 2707 2813 2896 2899 2668 2857 2860 2670 2860 2862 2672 2862 2864 2674 2864 2866 2676 2866 2868 2756 2850 2868 2803 2807 2964 2971 2783 2872 2887 2727 2782 2790 2904 2957 2704 2788 2847 2940 2691 2752 2844 2952 2894 2952 2735 2871 2907 2946 2805 2845 2872 2815 2883 2895 2912 2764 2906 2978 2884 2890 2969 2837 2886 2927 2739 2849 2852 2763 2854 2918 2711 2847 2902 2731 2800 2943 2984 2722 2899 2902 2904 2792 2871 2961 2723 2740 2998 3006 2842 2915 2901 3006 2758 2840 2984 2991 2762 2942 3000 2810 2922 2853 2896 2951 2998 3067 2878 2893 3034 2785 2966 3043 2804 2937 3020 2846 2844 2761 2839 2935 2824 2841 2897 2929 2936 3000 2854 2881 2885 2955 2939 2994 3014 2822 2885 2948 2869 2897 2877 2993 3050 2923 2988 3058 2957 3014 2959 3043 2874 2941 3074 2835 2961 3004 2797 2911 2963 2981 2801 2963 3040 2943 3040 2964 3019 2875 2971 3103 2924 2950 2892 2909 2912 2823 2825 2921 2976 2921 2948 2830 2977 3010 2944 3010 2917 2925 3048 3102 3004 3048 2927 2969 2858 2935 3021 3094 2929 2981 2916 2960 3101 3124 2954 3002 3053 2903 2940 2999 3061 2852 2909 2910 2951 2996 2955 3067 2861 3021 3022 2863 3022 3024 2865 3024 3026 2867 3026 3028 2870 3028 3030 2898 3030 2946 2962 3033 3108 2888 3053 3118 3075 3103 3034 3036 2895 2970 2979 2889 2974 3018 3092 2956 2968 3051 2928 2965 3098 3092 3118 2953 3035 3037 2913 2970 3068 3132 2900 2973 3039 3087 2930 3031 3063 3007 3087 2905 2999 3054 2958 3054 3096 2978 3013 3017 2980 2914 2996 3071 3068 3083 3102 3124 2949 2976 3009 3122 3058 3147 2933 2987 3056 3128 2989 3086 3098 2983 3063 3184 2945 3056 3072 3065 3095 3159 2990 3076 3116 3172 3062 3074 3197 2992 3001 3059 3078 2985 3041 3111 3112 3012 3072 3214 3033 3132 3009 3051 3039 3047 3091 3038 3089 3077 3120 3157 3188 3016 3096 3150 3045 3101 3210 3005 3108 3145 2982 3042 3070 3081 2972 3019 3090 3114 3044 3100 3237 3018 3085 3105 3114 3244 3011 3123 3216 3013 3015 3084 3082 3184 3060 3111 3136 3117 3129 3173 3116 3136 3066 3079 3141 3071 3127 3139 3008 3148 3055 3061 3176 3241 3059 3159 3049 3145 3174 3088 3148 3052 3122 3177 3250 3214 3216 3131 3149 3192 3084 3150 3085 3093 3153 3203 3090 3172 3023 3094 3154 3219 3025 3154 3162 3027 3162 3164 3029 3164 3166 3032 3166 3168 3064 3168 3109 3135 3144 3036 3037 3106 3106 3141 3107 3207 3091 3110 3156 3179 3070 3112 3210 3237 3130 3174 3182 3157 3177 3121 3178 3208 3097 3176 3224 3073 3128 3222 3248 3173 3078 3161 3226 3260 3197 3242 3337 3169 3186 3347 3134 3140 3191 3232 3081 3113 3171 3199 3139 3191 3215 3248 3312 3104 3198 3279 3142 3261 3318 3185 3200 3302 3151 3201 3205 3099 3153 3206 3155 3179 3115 3194 3195 3233 3156 3158 3223 3119 3203 3231 3160 3220 3287 3152 3224 3270 3247 3259 3125 3211 3255 3257 3126 3182 3221 3244 3279 3143 3243 3146 3228 3265 3133 3138 3189 3252 3171 3189 3233 3245 3339 3137 3187 3193 3212 3178 3230 3217 3251 3345 3246 3255 3222 3235 3274 3144 3232 3213 3252 3223 3240 3268 3292 3319 3342 3236 3266 3294 3175 3264 3265 3181 3227 3229 3270 3204 3206 3267 3316 3163 3219 3278 3323 3180 3239 3293 3341 3209 3307 3327 3226 3287 3165 3278 3282 3167 3282 3284 3170 3284 3368 3349 3190 3199 3298 3335 3193 3195 3205 3274 3183 3264 3273 3225 3241 3308 3354 3250 3307 3230 3305 3221 3273 3310 3303 3347 3254 3298 3350 3262 3268 3295 3196 3212 3286 3330 3234 3286 3332 3280 3338 3418 3302 3336 3444 3306 3316 3357 3271 3276 3314 3263 3267 3300 3238 3257 3290 3253 3331 3383 3218 3312 3362 3346 3362 3288 3324 3372 3256 3269 3309 3249 3275 3321 3343 3277 3293 3304 3360 3272 3308 3387 3260 3289 3326 3328 3305 3356 3294 3295 3332 3340 3427 3290 3337 3355 3437 3281 3339 3409 3313 3343 3320 3345 3361 3350 3383 3258 3269 3352 3291 3352 3379 3318 3326 3366 3299 3311 3364 3390 3334 3382 3390 3301 3317 3358 3400 3297 3360 3393 3309 3353 3359 3435 3315 3387 3325 3364 3376 3314 3321 3283 3323 3365 3414 3409 3418 3285 3365 3369 3368 3369 3394 3330 3333 3425 3440 3328 3372 3358 3379 3304 3361 3296 3382 3396 3401 3434 3464 3335 3351 3397 3416 3348 3403 3375 3386 3398 3356 3421 3439 3354 3389 3404 3429 3359 3376 3363 3399 3449 3322 3388 3412 3395 3405 3447 3367 3344 3412 3432 3373 3415 3483 3329 3366 3411 3422 3374 3422 3485 3384 3441 3481 3425 3428 3459 3417 3456 3466 3419 3438 3509 3410 3427 3477 3432 3449 3468 3402 3406 3452 3385 3397 3458 3381 3435 3506 3404 3437 3445 3442 3447 3453 3380 3400 3443 3460 3377 3436 3503 3504 3386 3393 3407 3424 3454 3457 3452 3455 3378 3391 3465 3497 3370 3414 3450 3489 3411 3450 3484 3485 3497 3503 3461 3506 3392 3396 3451 3473 3482 3408 3454 3475 3413 3429 3465 3470 3407 3464 3511 3451 3479 3501 3416 3458 3462 3495 3443 3448 3467 3431 3445 3498 3475 3513 3543 3420 3477 3528 3423 3474 3488 3430 3433 3471 3483 3490 3550 3462 3487 3522 3510 3528 3486 3488 3544 3440 3459 3480 3493 3478 3492 3546 3472 3498 3469 3471 3559 3504 3508 3569 3446 3509 3520 3480 3481 3525 3460 3515 3516 3541 3500 3520 3553 3467 3527 3468 3491 3519 3489 3522 3502 3530 3533 3535 3463 3517 3476 3517 3495 3531 3566 3493 3540 3547 3507 3541 3590 3496 3523 3539 3557 3501 3511 3514 3534 3535 3516 3584 3589 3545 3559 3579 3499 3560 3599 3518 3543 3580 3529 3546 3582 3494 3525 3552 3555 3526 3566 3548 3551 3604 3549 3604 3544 3588 3524 3550 3576 3540 3555 3595 3557 3568 3636 3532 3534 3538 3553 3599 3512 3533 3562 3505 3538 3563 3563 3570 3612 3569 3591 3521 3554 3586 3565 3572 3622 3542 3575 3598 3607 3579 3571 3586 3603 3539 3576 3552 3567 3592 3587 3594 3537 3562 3602 3624 3536 3561 3585 3617 3618 3624 3564 3585 3621 3558 3577 3611 3628 3573 3574 3595 3608 3575 3590 3615 3614 3622 3633 3588 3597 3606 3574 3582 1953 1953 3556 3592 3627 3640 3601 3603 3632 3596 3627 3652 2463 2463 3581 3600 3646 3602 3630 3635 2116 2116 2542 3593 3636 2848 2848 3069 2349 2349 2441 3583 2717 2717 2771 3610 1953 2713 3633 3616 3644 2649 2649 2657 3621 2757 2757 3597 2967 2967 2115 2115 2120 2482 2482 2647 3623 3649 3632 3647 2641 2641 2732 2203 2203 2214 2820 2713 1590 1590 2024 2717 1949 1949 2296 2296 2332 2010 2010 2094 2542 2624 2634 2119 2119 2335 2002 2002 2513 2513 2634 2311 2311 1742 1742 2113 2498 2498 2646 2119 2115 1975 1975 2189 2189 2647 1778 1778 1684 1684 2113 608 608 1264 2024 1778 608 1264 
-273 786 -273 786 -273 656 657 -273 -273 -273 -273 -273 -273 -273 -273 -273 42 -273 42 44 45 -273 -273 46 46 54 -273 54 -273 144 144 92 -273 92 -273 143 143 93 -273 93 -273 90 90 94 -273 94 -273 120 120 95 -273 95 -273 121 121 96 -273 96 -273 122 122 97 -273 97 -273 123 123 91 -273 91 43 55 -273 901 901 693 -273 693 827 -273 827 -273 695 695 828 -273 828 -273 953 953 829 -273 829 -273 903 903 830 -273 830 -273 904 904 831 -273 831 -273 905 905 832 -273 832 -273 906 906 833 -273 833 -273 907 907 834 -273 834 -273 908 908 835 -273 835 -273 909 909 836 -273 836 -273 910 910 837 -273 837 -273 911 911 838 -273 838 -273 912 912 839 -273 839 -273 913 913 840 -273 840 -273 914 914 841 -273 841 -273 915 915 711 -273 711 -273 712 712 714 -273 714 -273 715 715 717 -273 717 -273 718 718 720 -273 720 -273 721 721 723 -273 723 -273 724 724 726 -273 726 -273 727 727 729 -273 729 -273 730 730 843 -273 843 -273 842 842 844 -273 844 -273 960 960 845 -273 845 -273 959 959 846 -273 846 -273 958 958 847 -273 847 -273 957 957 848 -273 848 -273 956 956 849 -273 849 -273 955 955 850 -273 850 -273 954 954 851 -273 851 -273 916 916 852 -273 852 -273 917 917 853 -273 853 -273 918 918 854 -273 854 -273 919 919 855 -273 855 -273 920 920 856 -273 856 -273 921 921 857 -273 857 -273 922 922 858 -273 858 -273 923 923 859 -273 859 -273 924 924 860 -273 860 -273 925 925 861 -273 861 -273 926 926 751 -273 751 -273 752 752 754 -273 754 -273 755 755 757 -273 757 -273 758 758 760 -273 760 -273 761 761 763 -273 763 -273 764 764 766 -273 766 -273 767 767 769 -273 769 -273 770 770 863 -273 863 -273 862 862 864 -273 864 -273 967 967 865 -273 865 -273 966 966 866 -273 866 -273 965 965 867 -273 867 -273 964 964 868 -273 868 -273 963 963 869 -273 869 -273 962 962 870 -273 870 -273 961 961 871 -273 871 -273 927 927 872 -273 872 -273 928 928 873 -273 873 -273 929 929 874 -273 874 -273 930 930 875 -273 875 -273 931 931 876 -273 876 -273 932 932 877 -273 877 -273 933 933 607 607 27 -273 27 58 59 -273 -273 60 60 56 57 -273 -273 61 61 98 -273 98 -273 148 148 99 -273 99 -273 147 147 100 -273 100 -273 146 146 101 -273 101 -273 145 145 102 -273 102 -273 124 124 103 -273 103 -273 125 125 104 -273 104 -273 126 126 105 -273 105 -273 127 127 89 -273 89 88 88 70 -273 70 149 -273 149 -273 128 128 106 -273 106 -273 129 129 107 -273 107 200 200 609 43 1071 1071 150 610 150 611 611 612 130 130 613 613 108 788 108 1284 1284 614 131 131 787 788 109 615 109 616 616 617 132 132 618 618 110 791 110 1257 1257 619 133 133 790 791 111 620 111 621 621 622 134 134 623 623 112 624 112 625 625 626 135 135 627 627 113 628 113 629 629 630 136 136 631 631 114 632 114 633 633 634 137 137 635 635 115 636 115 637 637 638 138 138 639 639 116 640 116 641 641 642 139 139 643 643 117 644 117 645 645 646 140 140 647 647 118 648 118 649 649 650 141 141 651 651 119 652 119 653 653 654 142 142 655 655 193 193 658 658 789 -273 1074 1074 795 796 -273 -273 797 797 813 -273 813 -273 970 970 793 794 -273 -273 799 799 878 -273 878 -273 971 971 879 -273 879 -273 969 969 880 -273 880 -273 934 934 881 -273 881 -273 935 935 882 -273 882 -273 936 936 883 -273 883 -273 937 937 884 -273 884 -273 938 938 885 -273 885 -273 939 939 886 -273 886 -273 940 940 887 -273 887 -273 941 941 888 -273 888 -273 942 942 889 -273 889 -273 943 943 890 -273 890 -273 944 944 678 -273 678 679 679 1256 -273 1256 -273 792 814 891 -273 891 -273 815 816 968 -273 968 -273 973 973 892 -273 892 -273 972 972 893 -273 893 -273 945 945 894 -273 894 -273 946 946 895 -273 895 -273 947 947 896 -273 896 -273 948 948 897 -273 897 -273 949 949 898 -273 898 -273 950 950 899 -273 899 -273 951 951 900 -273 900 -273 952 952 789 201 196 201 151 163 164 164 218 154 219 219 153 216 217 217 221 155 223 223 158 213 215 215 159 231 232 232 234 227 248 248 156 160 160 170 225 225 197 169 236 236 167 161 168 168 166 174 175 175 173 178 180 180 176 184 186 186 181 152 182 182 240 162 246 246 241 187 271 271 242 188 279 279 194 189 195 195 172 224 224 190 191 192 192 229 239 262 262 157 157 199 247 283 283 250 202 263 263 252 203 286 286 253 204 285 285 244 205 243 244 255 206 270 270 256 207 269 269 257 208 268 268 258 209 267 267 259 210 266 266 260 211 265 265 261 212 264 264 228 228 249 249 165 165 220 220 222 222 214 214 230 231 226 227 274 274 198 198 171 171 235 235 179 179 185 185 177 177 183 183 278 278 276 276 275 275 196 237 237 238 239 229 272 272 245 245 284 284 251 252 287 287 254 254 288 288 282 282 281 281 273 273 280 280 277 277 233 261 389 344 388 389 303 367 366 367 301 369 368 369 396 349 398 398 439 356 408 439 307 307 394 314 395 395 357 295 446 446 297 296 298 298 377 313 378 378 397 397 380 348 400 400 304 305 305 292 358 381 381 291 292 293 294 294 360 352 362 362 379 380 371 373 373 361 361 456 456 372 372 290 338 340 340 309 289 310 310 343 351 387 387 345 312 347 347 346 346 344 359 359 327 330 483 483 302 355 490 490 300 370 374 374 317 323 324 324 311 318 319 319 382 328 384 384 376 326 375 376 386 331 385 386 332 334 335 335 336 299 353 353 341 306 350 350 320 308 321 321 441 441 390 392 392 391 391 426 426 316 421 421 315 315 322 322 316 312 339 339 365 365 363 363 399 399 421 354 354 364 383 383 325 325 329 329 393 393 401 401 333 333 337 337 342 342 411 405 412 412 472 414 473 473 474 440 474 501 484 501 490 483 424 404 425 425 457 459 459 430 406 431 431 535 531 535 492 536 536 500 503 500 535 476 445 475 476 410 468 468 437 403 438 438 511 461 498 511 415 415 419 402 420 420 447 465 466 466 500 451 413 450 451 453 455 455 538 538 454 454 422 417 423 423 462 478 478 427 407 460 460 435 436 436 416 443 443 470 470 482 482 467 467 432 434 434 494 494 448 458 471 471 452 481 452 481 433 433 493 463 502 502 449 442 479 479 440 515 515 429 444 539 539 485 529 529 492 429 531 464 464 418 418 486 486 477 477 469 469 428 428 505 518 518 539 491 505 516 522 527 527 520 488 495 520 495 510 520 519 528 534 534 521 499 512 521 513 496 532 532 503 479 537 537 525 526 526 530 530 527 525 506 480 487 506 517 533 533 526 489 507 517 497 497 514 514 523 524 524 530 504 523 510 487 514 507 509 509 512 524 534 508 540 540 508 522 504 533 532 540 974 902 1285 1285 1155 1169 1169 975 1161 1162 1162 976 1153 1154 1154 978 1158 1160 1160 979 1170 1357 1357 980 1171 1259 1259 981 1172 1327 1327 982 1173 1300 1300 983 1174 1299 1299 984 1175 1329 1329 985 1176 1177 1177 986 1178 1179 1179 987 1180 1181 1181 988 1182 1183 1183 989 1184 1185 1185 1359 1186 1358 1359 1331 1187 1332 1332 1301 1188 1302 1302 1303 1189 1304 1304 1305 1190 1306 1306 1307 1191 1308 1308 1309 1193 1310 1310 1311 992 1313 1313 990 1195 1196 1196 994 997 998 998 996 1000 1002 1002 999 1004 1006 1006 1003 1008 1010 1010 1007 1013 1015 1015 1011 1019 1021 1021 1016 977 1017 1017 1203 991 1204 1204 1206 1022 1207 1207 1209 1023 1210 1210 1212 1024 1213 1213 1202 1025 1201 1202 1200 1026 1199 1200 1217 1027 1356 1356 1218 1028 1355 1355 1219 1029 1354 1354 1220 1030 1353 1353 1352 1031 1351 1352 1341 1221 1342 1342 1314 1223 1315 1315 1316 1225 1317 1317 1318 1227 1319 1319 1320 1229 1321 1321 1322 1231 1323 1323 1324 1034 1325 1325 1032 1233 1234 1234 1036 1039 1040 1040 1038 1042 1044 1044 1041 1046 1048 1048 1045 1050 1052 1052 1049 1055 1057 1057 1053 1061 1063 1063 1058 995 1059 1059 1240 1033 1241 1241 1243 1064 1244 1244 1246 1065 1247 1247 1249 1066 1250 1250 1239 1067 1238 1239 1253 1068 1365 1365 1366 1256 1366 1434 1660 1660 1072 1433 1434 1326 1326 1164 1157 1166 1166 1075 1165 1165 1298 1298 1328 1167 1382 1382 1078 1347 1347 1079 1080 1080 1081 1082 1082 1083 1084 1084 1085 1086 1086 1087 1088 1088 1089 1090 1090 1091 1092 1092 1093 1094 1094 1095 1096 1096 1097 1098 1098 1099 1100 1100 1101 1102 1102 1103 1104 1104 1105 1106 1106 1107 1108 1108 1109 1110 1110 1111 1262 1262 1111 1117 1168 1168 1112 1135 1263 1263 1077 1122 1123 1123 1115 1069 1116 1116 1073 1113 1114 1114 1120 1137 1138 1138 1270 1070 1272 1272 1269 1124 1268 1269 1273 1125 1346 1346 1274 1126 1345 1345 1275 1127 1344 1344 1276 1128 1343 1343 1277 1129 1340 1340 1278 1130 1339 1339 1279 1131 1338 1338 1280 1132 1337 1337 1283 1133 1336 1336 1283 1076 1281 1348 1348 1139 1037 1237 1237 1140 1144 1146 1146 1142 1119 1267 1267 1288 1134 1291 1291 1289 1147 1350 1350 1287 1148 1286 1287 1292 1149 1335 1335 1293 1150 1334 1334 1294 1151 1333 1333 1295 1152 1330 1330 1296 1296 1660 1156 1156 1163 1163 1159 1159 1265 1265 1261 1261 1236 1236 1232 1232 1230 1230 1228 1228 1226 1226 1224 1224 1222 1222 1198 1198 1194 1194 1192 1192 1548 1548 1531 1531 1530 1530 1529 1529 1528 1528 1527 1527 1312 1312 993 993 1197 1197 1001 1001 1005 1005 1009 1009 1014 1014 1020 1020 1012 1012 1018 1018 1205 1205 1208 1208 1211 1211 1214 1214 1215 1215 1216 1216 1363 1363 1362 1362 1360 1360 1361 1361 1678 1678 1405 1405 1419 1419 1422 1422 1424 1424 1426 1426 1427 1427 1035 1035 1235 1235 1043 1043 1047 1047 1051 1051 1056 1056 1062 1062 1054 1054 1060 1060 1242 1242 1245 1245 1248 1248 1251 1251 1252 1252 1366 1297 1364 1364 1260 1367 1367 1383 1383 1258 1258 1118 1118 1136 1136 1266 1266 1255 1255 1121 1121 1373 1373 1271 1271 1375 1375 1374 1374 1372 1372 1371 1371 1349 1349 1370 1370 1282 1282 1369 1369 1368 1368 1145 1145 1141 1141 1143 1143 1379 1379 1378 1378 1290 1290 1381 1381 1380 1380 1377 1377 1376 1376 1435 1435 1947 1601 1947 1604 1551 1605 1605 1535 1621 1620 1621 1404 1691 1690 1691 1730 1724 1731 1731 1661 1400 1682 1682 1634 1695 1754 1754 1629 1385 1753 1753 1624 1554 1625 1625 1425 1429 1430 1430 1423 1520 1522 1522 1532 1420 1534 1534 1389 1416 1417 1417 1390 1401 1402 1402 1392 1397 1398 1398 1393 1566 1606 1606 1396 1773 1789 1789 1784 1598 1786 1786 1711 1713 1713 1547 1729 1728 1729 1428 1628 1627 1628 1747 1579 1749 1749 1570 1571 1571 1578 1583 1584 1584 1748 1748 1581 1549 1582 1582 1580 1580 1764 1776 1777 1777 1585 1585 1666 1667 1667 1763 1764 1785 1785 1776 1589 1573 1589 1781 1593 1771 1781 1550 1595 1596 1596 1408 1591 1592 1592 1391 1406 1407 1407 1586 1410 1588 1588 1412 1411 1600 1600 1413 1414 1559 1559 1614 1395 1615 1615 1751 1610 1750 1751 1546 1767 1788 1788 1810 1658 1812 1812 1722 1723 1723 1545 1737 1736 1737 1681 1387 1726 1726 1738 1637 1740 1740 1631 1632 1632 1636 1641 1642 1642 1739 1739 1639 1572 1640 1640 1638 1638 1646 1612 1648 1648 1643 1643 1561 1562 1562 1647 1647 1811 1811 1613 1613 1649 1633 1650 1650 1744 1653 1746 1746 1741 1654 1743 1743 1683 1652 1683 1656 1384 1437 1656 1668 1506 1686 1686 1539 1473 1540 1540 1601 1471 1432 1472 1472 1651 1431 1651 1438 1384 1438 1476 1436 1477 1477 1575 1541 1657 1657 1441 1574 1575 1442 1443 1443 1444 1445 1445 1446 1447 1447 1448 1449 1449 1450 1451 1451 1452 1453 1453 1454 1455 1455 1456 1457 1457 1458 1459 1459 1460 1461 1461 1462 1463 1463 1464 1465 1465 1466 1467 1467 1468 1470 1470 1469 1469 1481 1440 1662 1662 1507 1507 1752 1752 1479 1481 1536 1543 1692 1692 1619 1663 1663 1537 1538 1538 1523 1665 1756 1756 1478 1673 1680 1680 1483 1482 1674 1674 1675 1439 1693 1693 1415 1485 1486 1486 1488 1489 1490 1490 1491 1497 1499 1499 1494 1495 1496 1496 1500 1492 1502 1502 1474 1475 1475 1505 1687 1757 1757 1617 1617 1618 1619 1519 1553 1553 1688 1689 1689 1544 1544 1860 1860 1487 1508 1509 1509 1525 1677 1727 1727 1510 1694 1755 1755 1514 1513 1515 1515 1394 1503 1504 1504 1388 1517 1518 1518 1669 1671 1671 1947 1604 1867 1603 1607 1867 1937 1937 1670 1670 2503 2063 2503 1386 1511 1512 1512 1725 1725 1695 1635 1635 1630 1630 1626 1626 1521 1521 1533 1533 1421 1421 1418 1418 1403 1403 1399 1399 1552 1567 1567 1732 1560 1733 1733 1696 1563 1698 1698 1699 1564 1701 1701 1702 1565 1704 1704 1705 1609 1707 1707 1708 1558 1710 1710 1813 1813 1587 1587 1409 1409 1599 1599 2238 2238 1594 1594 1597 1597 1411 1414 1413 1616 1616 1734 1576 1735 1735 1568 1557 1569 1569 1714 1556 1715 1715 1716 1622 1717 1717 1718 1623 1719 1719 1720 1555 1721 1721 1852 1852 1685 1685 1659 1659 1745 1745 1741 1655 1655 1644 1645 1645 1524 1524 1664 1665 1758 1758 1484 1484 1759 1759 1611 1611 1498 1498 1679 1679 1501 1501 1493 1493 2288 1765 2288 1526 1526 1760 1760 1676 1677 1761 1761 1516 1516 1672 1672 1480 1480 1603 1697 1697 1700 1700 1703 1703 1706 1706 1709 1709 1712 1712 1577 1577 1796 1796 1798 1798 1804 1804 1851 1851 1801 1801 1542 1542 1883 2007 2007 1878 1879 1879 1931 1931 1882 1883 1807 1809 1809 1863 1993 1992 1993 1906 1772 1914 1914 1850 1875 1875 1951 1803 1952 1952 1930 1948 1948 1793 1920 1919 1920 1922 2066 2068 2068 1921 1797 1921 1861 1770 1862 1862 1774 2064 1954 2064 2086 1887 2086 1923 1923 1864 2468 2468 2067 2067 2151 2025 2100 2151 1794 1795 1795 1940 1941 1941 1934 1779 1936 1936 1780 1780 1856 1800 1857 1857 1951 2023 2023 2006 2054 2055 2055 1806 2009 2034 2034 2077 1970 2078 2078 1957 1958 1958 1969 2110 2187 2615 2615 1896 1892 1897 1897 1848 2000 2020 2020 2288 1853 1890 1989 1989 1799 1816 1817 1817 1845 1787 1846 1846 1821 1962 1962 1822 1823 1823 1824 1825 1825 1826 1827 1827 1828 1829 1829 1830 1831 1831 1832 1833 1833 1834 1835 1835 1836 1837 1837 1838 1839 1839 1840 1841 1841 1842 1843 1843 1984 2015 2015 1984 1866 1911 1911 1894 1802 1895 1895 1815 1908 2015 1888 1889 1889 1805 1994 2008 2008 1850 1854 1868 1869 1869 1855 1855 1847 1988 1988 1870 1858 1871 1871 1943 2087 2076 2087 1942 1943 1995 1903 1996 1996 1985 1987 1987 1814 1968 1967 1968 1904 1904 2208 2208 1986 1986 1965 1966 1966 1900 1768 1902 1902 1880 1881 1881 1766 1991 1991 1884 1876 1885 1885 1898 1899 1899 2003 1820 2004 2004 2005 2005 1913 1913 1976 2044 2336 2336 2009 1872 1874 1874 1849 2016 2016 2056 2056 2173 2132 2183 2183 1977 1775 1978 1978 1946 1946 1844 1983 1983 1981 2045 2045 1901 1901 2109 2028 2184 2184 2271 1791 2049 2271 1928 2014 2013 2014 1938 1790 1939 1939 1792 2050 2070 2070 1608 1782 1783 1783 1945 1907 2035 2035 1960 2106 2108 2108 2019 2048 2047 2048 2082 2083 2084 2084 1927 2041 2040 2041 2233 2061 2089 2233 2029 2213 2215 2215 1950 2097 2097 2194 2057 2196 2196 1918 2037 2036 2037 2228 1924 2051 2228 1944 1945 1932 1933 1933 1956 2065 2065 1971 1912 1972 1972 2043 2816 2816 1999 1999 2026 2027 2027 1905 2033 2032 2033 1963 1964 1964 2073 2075 2075 2074 2074 1935 1935 2079 2080 2080 1818 1819 1819 2121 2121 1926 2042 2043 1608 2063 1917 2039 2038 2039 2252 2072 2093 2252 1973 1973 2252 1893 1893 2398 2398 2017 1959 2018 2018 2099 2125 2126 2126 1961 1961 2104 2103 2104 2107 2107 1910 2186 2186 1929 2012 2011 2012 1762 1808 1808 1886 2022 2021 2022 2030 2031 2031 2114 2114 2114 2326 2325 2326 1974 1974 1979 1980 1980 1976 2584 2117 2584 2584 2001 2001 1865 1865 1873 1873 2046 2046 2293 2293 1998 1998 1891 1891 1859 1859 1982 1990 1990 1769 1769 2160 2160 2154 2155 2155 1877 1877 2198 2198 2058 2058 2228 1925 1925 2233 2221 2221 2082 2085 2085 2098 2099 2127 2127 2271 2337 2337 2468 2118 2118 2376 2398 2158 2213 2180 2182 2182 2111 2112 2112 2111 2284 2284 2118 2091 2090 2091 2105 2165 2289 2289 1916 1915 1916 2152 2059 2153 2153 1909 1910 2340 2341 2341 2166 2235 2318 2318 2060 2816 2195 2130 2253 2253 1955 1956 2176 2122 2177 2177 2230 2286 2287 2287 2197 2197 2255 2256 2256 2615 2156 2156 2204 2167 2205 2205 2310 2257 2309 2310 2347 2200 2348 2348 2128 2092 2129 2129 2240 2239 2241 2241 2518 2359 2518 2242 2295 2295 2282 2306 2306 2161 2081 2162 2162 2267 2291 2312 2312 2272 2494 2467 2494 2329 2219 2331 2331 2372 2193 2373 2373 2278 2278 2104 2062 2344 2343 2344 2052 2229 2229 2282 2088 2277 2277 2179 2232 2231 2232 2302 2225 2334 2334 2134 2301 2302 2135 2136 2136 2137 2138 2138 2139 2140 2140 2141 2142 2142 2143 2144 2144 2145 2146 2146 2147 2148 2148 2149 2150 2150 2053 2247 2247 2053 2211 2131 2212 2212 2226 2226 2209 2124 2210 2210 2178 2201 2328 2328 2163 2133 2164 2164 2159 2324 2323 2324 2170 2172 2172 2227 2227 2174 2175 2175 2280 2281 2281 2218 2339 2338 2339 2168 2168 2190 2102 2192 2192 2169 2171 2171 2234 2234 2330 2330 2206 2207 2207 2181 2181 2071 2191 2191 2157 2158 2285 2285 2626 2388 2458 2626 2458 2527 2294 2390 2527 2283 2306 2327 2327 2216 2217 2217 2290 2291 2319 2319 2222 2224 2224 2346 2346 2320 2322 2322 2279 2314 2313 2314 2460 2658 2658 2101 2333 2358 2358 2275 2347 2640 2436 2455 2640 2483 2484 2484 2244 2243 2246 2246 2263 2298 2300 2300 2356 2355 2356 2248 2249 2249 2069 2245 2245 2258 2511 2365 2511 2254 2746 2364 2746 2385 2402 2392 2402 2383 2499 2534 2534 2303 2305 2305 2514 2514 2743 2567 2743 2522 2522 2260 2259 2260 2297 2297 2273 2370 2370 2095 2123 2123 2527 2400 2528 2528 2462 2366 2464 2464 2378 2399 2400 2446 2448 2448 2422 2423 2423 2376 2326 2519 2374 2521 2521 2266 2350 2436 2315 2429 2429 2223 2223 2292 2315 2361 2424 2424 2440 2880 2571 2880 2220 2220 2317 2321 2321 2202 2202 2393 2393 2447 2447 2556 2345 2556 2501 2501 2363 2462 2268 2269 2269 2185 2357 2342 2357 2304 2304 2379 2188 2375 2379 2236 2614 2352 2614 2401 2401 2632 2642 2642 2263 2096 2265 2265 2264 2746 2308 2308 2270 2270 2250 2251 2251 2360 2361 2535 2556 2199 2299 2299 2425 2488 2489 2489 2307 2307 2563 2597 2598 2598 2274 2274 2507 2838 2547 2838 2493 2546 2607 2607 2262 2261 2262 2743 2316 2317 2520 2520 2510 2522 2430 2367 2432 2432 2362 2363 2454 2452 2454 2580 2581 2581 2369 2947 2947 2386 2630 2516 2630 2368 2486 2557 2557 2387 2391 2391 2485 2485 2656 2426 2680 2680 2548 2439 2550 2550 2445 2440 2696 2696 2445 2276 2276 2187 2640 2501 2530 2530 2442 2443 2443 2470 2380 2471 2471 2421 2421 2495 2495 2371 2481 2879 2515 2879 2476 2434 2477 2477 2433 2585 2596 2596 2381 2351 2382 2382 2406 2407 2407 2408 2409 2409 2410 2411 2411 2412 2413 2413 2414 2415 2415 2416 2417 2417 2418 2419 2419 2506 2506 2593 2595 2595 2511 2614 2523 2353 2524 2524 2431 2431 2437 2438 2438 2531 2377 2472 2532 2532 2552 2589 2588 2589 2572 2480 2577 2577 2573 2573 2490 2490 2574 2575 2575 2377 2389 2472 2469 2497 2496 2497 2582 2582 2465 2517 2631 2631 2645 2397 2636 2645 2549 2549 2444 2625 2654 2654 2237 2237 2938 2851 2938 2500 2611 2611 2555 2570 2576 2576 2544 2546 2420 2551 2552 2606 2606 2568 2590 2590 2478 2479 2479 2569 2569 2601 2592 2603 2603 2578 2579 2579 2602 2602 2449 2451 2451 2540 2512 2541 2541 2737 2736 2737 2354 2536 2536 2502 2605 2604 2605 2395 2529 2529 2509 2623 2656 2504 2505 2505 2508 2508 2525 2526 2526 3202 2947 3202 2661 2461 2586 2663 2663 2637 2639 2639 2682 2655 2714 2714 2394 2453 2453 2562 2561 2562 2770 2774 2774 2583 2583 2384 2612 2613 2613 2428 2559 2558 2559 2553 2555 2396 2492 2491 2492 2537 2537 2685 2685 2738 2533 2539 2738 2809 2811 2811 2560 2681 2681 2435 2435 2587 2587 2403 2487 2487 3057 3057 2450 2450 2662 2662 2794 2794 2975 2738 2975 2724 2725 2725 2726 2726 2600 2600 2793 2793 2427 2427 2591 2591 2709 2808 2859 2997 2997 2594 2594 2466 2466 2599 2599 2457 2456 2457 2755 2760 2761 2761 2748 2643 2749 2749 2678 2609 2679 2679 2638 2638 3202 2787 2750 2787 2697 2934 2934 2404 2543 2697 2796 2795 2797 2797 2836 2699 2837 2837 2651 2716 2791 2792 2792 2814 2768 2938 2879 2652 2653 2653 2768 2538 2474 2473 2474 2686 2696 2799 2705 2800 2800 2644 2754 2755 2851 2812 2832 2832 2564 2566 2566 2694 2712 2815 2815 2554 2554 2475 2475 2545 2545 2565 2565 2650 2622 2769 2769 2692 2735 2735 2689 2688 2691 2691 2741 2719 2740 2741 2687 2687 2627 2745 2744 2745 2664 2706 2707 2707 2459 2459 2665 2666 2666 2667 2668 2668 2669 2670 2670 2671 2672 2672 2673 2674 2674 2675 2676 2676 2756 2756 2733 2635 2734 2734 2843 2843 2826 2817 2825 2826 2783 2693 2783 2684 2789 2788 2789 2801 2801 2610 2619 2620 2620 2703 2704 2704 2829 2831 2831 2781 2683 2782 2782 2882 2883 2883 2608 2618 2660 2659 2660 2810 2810 2762 2762 2651 2648 2828 2828 2818 2818 2701 2728 2934 2628 2629 2629 2608 2780 2616 2779 2780 2729 2731 2731 2819 2819 2710 2711 2711 2790 2790 2677 2806 2807 2807 2908 2702 2918 2918 2698 2772 3057 2772 2759 2794 2700 2700 2830 2830 2690 2690 2765 2695 2764 2765 2922 2923 2923 2715 3046 2907 3046 2931 2931 2890 2931 2751 2753 2753 2766 2821 2822 2822 2892 2856 2891 2892 2827 2798 2827 2814 2802 2804 2804 2752 2752 2778 2906 2950 2950 2633 2784 2786 2786 2747 2720 2747 2773 2881 2881 2813 2739 2813 2778 2939 2939 2777 2776 2777 2708 2708 2874 2873 2874 2763 2773 2840 2911 2911 2767 2758 2824 2824 2785 2785 2975 2730 2730 2721 2722 2722 2803 2803 2995 2979 2995 2875 2875 2770 2621 2621 2856 2849 2891 2876 2877 2877 2775 2742 2775 2823 2823 2846 2846 2878 2878 3003 3046 2887 2884 2889 2889 2932 2944 2945 2945 2908 2926 2988 2987 2988 2855 2894 2893 2894 2933 2933 2833 2834 2925 2925 2805 2805 2859 2808 2886 2966 2965 2966 2915 2917 2917 2842 2959 2960 2960 2942 2993 2992 2993 2723 2723 3003 2991 2937 2990 2991 2857 2839 2858 2858 3080 2919 2920 3080 2835 2835 2997 2727 2727 2855 2899 2896 2900 2900 2860 2861 2861 2862 2863 2863 2864 2865 2865 2866 2867 2867 2868 2870 2870 2850 2869 2869 2964 2971 2972 2972 2872 2888 2888 2798 2957 2904 2958 2958 2847 2941 2940 2941 2952 2844 2954 2954 2953 2953 2871 2946 2980 2980 2845 3002 3002 2912 2895 2913 2913 2994 2978 2994 2974 2969 2974 2927 2928 2928 2853 2852 2853 2854 2920 2919 2902 2903 2903 2984 2943 2985 2985 2901 2901 2905 2905 2961 2962 2962 3006 2998 3008 3008 2916 2916 3007 3007 2841 2841 3060 3060 3000 3001 3001 2924 2924 2951 2973 2973 3067 3080 3034 3035 3035 3043 3044 3044 3020 3076 3076 2850 2845 2936 2935 2936 2897 2929 2930 2930 3065 3065 2955 2885 2956 2956 3014 3015 3015 2948 2968 2968 2898 2898 3050 3066 3066 3058 3117 3117 3016 3016 3045 3045 3075 3074 3075 3004 3005 3005 2963 2981 2982 2982 3040 3042 3042 3041 3041 3019 3020 3103 3105 3105 3017 3017 2909 2914 2914 2921 2977 2976 2977 2949 2949 3010 3011 3011 3012 3012 3102 3048 3130 3130 3049 3049 2989 2989 3021 3095 3094 3095 2983 2983 3124 3101 3125 3125 3089 3053 3089 2999 3062 3061 3062 2910 2910 2996 3047 3047 3077 3077 3022 3023 3023 3024 3025 3025 3026 3027 3027 3028 3029 3029 3030 3032 3032 3031 3031 3033 3108 3109 3109 3118 3121 3121 3104 3104 3036 3050 2970 2986 2986 3092 3018 3093 3093 3120 3051 3120 3098 3100 3100 3119 3119 3038 3037 3038 3068 3132 3134 3134 3087 3039 3110 3110 3063 3064 3064 3088 3088 3054 3055 3055 3096 3097 3097 3013 3147 3147 2986 3083 3071 3083 3140 3140 3126 3126 3009 3123 3122 3123 3149 3149 3056 3129 3128 3129 3086 3099 3099 3184 3186 3186 3072 3073 3073 3159 3160 3160 3116 3172 3187 3187 3197 3198 3198 3079 3059 3078 3079 3111 3112 3133 3133 3214 3215 3215 3135 3135 3052 3052 3091 3127 3127 3207 3207 3188 3157 3227 3227 3150 3152 3152 3210 3211 3211 3145 3146 3146 3082 3070 3081 3082 3114 3090 3115 3115 3237 3259 3259 3085 3086 3244 3245 3245 3216 3217 3217 3131 3084 3131 3185 3185 3136 3138 3138 3173 3235 3235 3137 3137 3141 3142 3142 3139 3158 3158 3148 3188 3176 3242 3241 3242 3161 3161 3174 3175 3175 3155 3155 3177 3251 3250 3251 3218 3218 3201 3192 3201 3151 3151 3153 3203 3204 3204 3194 3194 3154 3220 3219 3220 3162 3163 3163 3164 3165 3165 3166 3167 3167 3168 3170 3170 3169 3169 3228 3144 3228 3106 3107 3107 3143 3143 3208 3208 3156 3179 3180 3180 3113 3113 3238 3238 3182 3183 3183 3209 3209 3178 3243 3243 3224 3225 3225 3248 3222 3249 3249 3192 3261 3226 3260 3261 3338 3337 3338 3349 3347 3349 3232 3191 3262 3262 3200 3171 3199 3200 3240 3240 3312 3313 3313 3279 3280 3280 3319 3318 3319 3303 3302 3303 3229 3205 3229 3247 3206 3247 3181 3181 3233 3195 3234 3234 3239 3223 3239 3231 3306 3306 3287 3288 3288 3270 3272 3272 3263 3263 3255 3257 3258 3258 3246 3221 3246 3281 3281 3292 3292 3265 3266 3266 3189 3252 3254 3254 3190 3190 3340 3339 3340 3213 3193 3212 3213 3230 3231 3346 3345 3346 3256 3256 3275 3274 3275 3236 3236 3253 3253 3277 3268 3277 3342 3421 3421 3294 3334 3334 3264 3299 3299 3327 3327 3271 3271 3316 3267 3317 3317 3278 3324 3323 3324 3341 3293 3426 3426 3307 3426 3341 3289 3289 3282 3283 3283 3284 3285 3285 3371 3368 3371 3371 3298 3336 3335 3336 3196 3196 3276 3276 3273 3311 3311 3308 3355 3354 3355 3320 3320 3305 3342 3310 3325 3325 3348 3348 3350 3351 3351 3295 3297 3297 3286 3331 3330 3331 3332 3333 3333 3418 3419 3419 3444 3456 3456 3357 3395 3395 3315 3314 3315 3300 3301 3301 3290 3291 3291 3383 3384 3384 3362 3363 3363 3406 3406 3372 3373 3373 3269 3309 3310 3343 3321 3344 3344 3360 3304 3375 3375 3387 3389 3389 3326 3328 3329 3329 3356 3357 3296 3296 3428 3427 3428 3300 3438 3437 3438 3409 3410 3410 3399 3399 3361 3402 3402 3385 3385 3352 3353 3353 3379 3381 3381 3367 3366 3367 3390 3364 3391 3391 3382 3392 3392 3358 3405 3400 3405 3401 3393 3401 3359 3435 3436 3436 3388 3388 3376 3378 3378 3322 3322 3365 3415 3414 3415 3420 3420 3369 3370 3370 3394 3403 3403 3441 3425 3440 3441 3374 3374 3380 3380 3398 3398 3434 3396 3434 3464 3479 3479 3417 3397 3416 3417 3394 3444 3386 3424 3424 3442 3439 3442 3404 3429 3431 3431 3377 3377 3455 3449 3455 3412 3413 3413 3447 3448 3448 3439 3432 3433 3433 3484 3483 3484 3422 3411 3423 3423 3485 3486 3486 3482 3481 3482 3459 3492 3492 3487 3466 3487 3510 3509 3510 3477 3478 3478 3469 3468 3469 3457 3452 3457 3473 3458 3473 3506 3508 3508 3445 3446 3446 3453 3474 3474 3461 3443 3460 3461 3503 3504 3505 3505 3408 3407 3408 3454 3463 3463 3491 3491 3497 3465 3514 3514 3450 3490 3489 3490 3453 3466 3548 3548 3532 3532 3507 3507 3470 3451 3470 3531 3531 3475 3476 3476 3430 3430 3530 3530 3513 3511 3513 3502 3501 3502 3462 3495 3496 3496 3515 3467 3515 3498 3500 3500 3543 3572 3572 3528 3529 3529 3488 3527 3527 3472 3471 3472 3551 3550 3551 3523 3522 3523 3554 3554 3549 3544 3549 3480 3493 3494 3494 3546 3547 3547 3499 3499 3559 3560 3560 3570 3569 3570 3520 3521 3521 3525 3526 3526 3541 3516 3542 3542 3553 3571 3571 3584 3584 3545 3519 3545 3524 3524 3533 3535 3537 3537 3517 3519 3518 3518 3568 3566 3568 3540 3573 3573 3591 3590 3591 3557 3539 3558 3558 3512 3512 3534 3536 3536 3598 3589 3598 3579 3581 3581 3599 3600 3600 3580 3614 3614 3594 3582 3594 3555 3552 3556 3556 3567 3567 3604 3605 3605 3606 3606 3588 3589 3576 3578 3578 3595 3596 3596 3638 3636 3638 3538 3561 3561 3601 3601 3565 3562 3565 3563 3564 3564 3613 3612 3613 3620 3620 3586 3587 3587 3635 3622 3635 3575 3610 3607 3610 3580 3603 3619 3619 3577 3577 3592 3593 3593 3616 3616 3624 3602 3626 3626 3618 3585 3617 3618 3625 3625 3631 3621 3631 3628 3611 3629 3629 3574 3608 3609 3609 3639 3615 3639 3633 3642 3642 3597 3623 3623 3583 3583 3605 3578 3627 3641 3640 3641 3632 3634 3634 3652 3653 3653 3628 3638 3646 3647 3647 3630 3643 3643 2542 3613 3631 3637 3637 3612 3069 3620 3608 2441 3645 3645 3649 2771 3639 3649 2713 3611 3646 3644 3645 3617 2657 3648 3648 3619 3644 3607 3615 3069 2120 3637 3641 3609 2647 3652 3651 3651 3650 3650 3626 2732 3630 2820 2214 2757 3634 3651 2024 2349 2482 3629 2848 2116 2967 2332 2771 3625 2094 2649 2624 2634 3648 3642 2335 3643 2641 2010 3640 2624 3653 2463 2332 2113 2732 2335 2646 2820 3650 2646 2311 2513 2120 2441 2214 2657 2296 1949 1742 2203 2498 1684 1264 2002 2094 1975 2189 1590 
