+------------------------------ CFD LOVES C++ ---------------------------+
|--------------------DISCONTINUOS GALERKIN METHOD SOLVER-----------------|
|                                  Author                                |
|   Nam Ha Tran.                                                         |
|   Ver 1.00                                                             |
+------------------------------------------------------------------------+
|   This program uses Discontinous Galerkin method to solve 2D problems  |
|   on structural and unstructural mesh.                                 |
+------------------------------------------------------------------------+
	Program ran at (d-m-y_h-m-s) 26-11-2018_22-25-44

	inpoed array

0 0 0 0 1 1 1 1 2 2 3 3 4 4 5 5 6 6 6 7 7 7 8 8 8 9 9 9 10 10 10 11 11 11 12 12 12 13 13 13 14 14 14 15 15 15 16 16 16 17 17 17 18 18 18 19 19 19 20 20 20 21 21 21 22 22 22 23 23 23 24 24 25 25 25 26 26 26 27 27 27 28 28 28 29 29 29 30 30 30 31 31 31 32 32 32 33 33 33 34 34 34 35 35 35 36 36 36 37 37 37 38 38 38 39 39 39 40 40 40 41 41 41 42 42 42 43 43 43 44 44 44 45 45 45 46 46 46 47 47 47 48 48 48 49 49 49 50 50 50 51 51 51 52 52 52 53 53 53 54 54 54 55 55 55 56 56 56 57 57 57 58 58 58 59 59 59 60 60 60 61 61 61 62 62 62 63 63 63 64 64 64 65 65 65 66 66 66 67 67 67 68 68 68 69 69 69 70 70 70 71 71 71 72 72 72 73 73 73 74 74 74 75 75 75 76 76 76 77 77 77 78 78 78 79 79 79 80 80 80 81 81 81 82 82 82 83 83 83 84 84 84 85 85 85 86 86 86 87 87 87 88 88 88 89 89 89 90 90 90 91 91 91 92 92 92 93 93 93 94 94 94 95 95 95 96 96 96 97 97 97 98 98 98 99 99 99 100 100 100 101 101 101 102 102 102 103 103 103 104 104 104 105 105 105 106 106 106 107 107 107 108 108 108 109 109 109 110 110 110 111 111 111 112 112 112 113 113 113 114 114 114 115 115 115 116 116 116 117 117 117 118 118 118 119 119 119 120 120 120 121 121 121 122 122 122 123 123 123 124 124 124 125 125 125 126 126 126 127 127 127 128 128 128 129 129 129 130 130 130 131 131 131 132 132 132 133 133 133 134 134 134 135 135 135 136 136 136 137 137 137 138 138 138 139 139 139 140 140 140 141 141 141 142 142 142 143 143 143 144 144 144 145 145 145 146 146 146 147 147 147 148 148 148 149 149 149 150 150 150 151 151 151 152 152 152 153 153 154 154 154 155 155 155 156 156 156 157 157 157 158 158 158 159 159 159 160 160 160 161 161 161 162 162 162 163 163 163 164 164 164 165 165 165 166 166 166 167 167 167 168 168 168 169 169 169 170 170 170 171 171 171 172 172 172 173 173 173 174 174 174 175 175 175 176 176 177 177 177 178 178 178 179 179 179 180 180 180 181 181 181 182 182 182 183 183 184 184 184 184 185 185 185 185 185 186 186 186 186 186 187 187 187 187 187 188 188 188 188 188 189 189 189 189 189 190 190 190 190 190 191 191 191 191 191 192 192 192 192 192 193 193 193 193 193 194 194 194 194 194 195 195 195 195 195 196 196 196 196 196 197 197 197 197 197 198 198 198 198 198 199 199 199 199 199 200 200 200 200 200 201 201 201 201 201 202 202 202 202 202 203 203 203 203 203 204 204 204 204 204 205 205 205 205 205 206 206 206 206 206 207 207 207 207 207 208 208 208 208 208 209 209 209 209 209 210 210 210 210 210 211 211 211 211 212 212 212 212 213 213 213 214 214 214 215 215 215 216 216 216 217 217 217 218 218 218 219 219 219 220 220 220 221 221 221 222 222 222 223 223 223 224 224 224 225 225 225 226 226 226 227 227 227 228 228 228 229 229 229 230 230 230 231 231 231 232 232 232 233 233 233 234 234 234 235 235 235 236 236 236 237 237 237 238 238 238 239 239 239 240 240 240 241 241 241 242 242 242 243 243 243 244 244 244 245 245 245 246 246 247 247 247 248 248 248 249 249 249 250 250 250 251 251 251 252 252 252 253 253 253 254 254 254 255 255 255 256 256 256 257 257 257 258 258 258 259 259 259 260 260 260 261 261 261 262 262 262 263 263 263 264 264 264 265 265 265 266 266 266 267 267 267 268 268 268 269 269 269 270 270 270 271 272 272 272 273 273 273 273 274 274 274 274 275 275 275 275 276 276 276 276 277 277 277 277 278 278 278 278 279 279 279 279 280 280 280 281 281 281 282 282 282 282 283 283 283 283 284 284 284 284 285 285 285 285 286 286 286 286 287 287 287 287 288 288 288 288 289 289 289 289 290 290 290 290 291 291 291 291 292 292 292 293 293 293 293 294 294 294 294 295 295 296 296 296 296 297 297 297 297 298 298 298 298 299 299 299 299 300 300 300 300 301 301 301 301 302 302 302 302 303 303 303 303 304 304 304 304 305 305 305 305 306 306 306 306 307 307 307 307 308 308 309 309 310 310 311 311 312 312 313 313 314 314 315 315 316 316 317 317 318 318 319 319 320 320 321 321 322 322 323 323 324 324 325 325 326 326 327 328 328 329 329 330 331 331 332 332 333 333 334 334 335 335 336 336 337 337 338 338 339 339 340 340 341 341 342 342 343 343 344 344 344 344 345 345 345 345 346 346 346 346 347 347 347 347 348 348 348 348 349 349 350 350 350 350 351 351 351 351 352 352 352 352 353 353 353 353 354 354 355 355 355 355 356 356 356 357 357 357 357 358 358 359 359 359 360 360 360 360 361 361 362 362 362 363 363 364 364 365 365 366 366 366 366 367 367 367 367 368 368 368 368 369 369 369 369 370 370 371 372 372 373 373 373 373 374 374 374 374 375 375 375 375 376 376 376 376 377 377 377 377 378 378 378 378 379 379 379 379 380 380 380 380 381 381 381 381 382 382 382 382 383 383 383 383 384 384 384 384 385 385 386 386 386 387 387 388 388 389 389 389 390 390 391 391 392 393 394 394 395 395 396 396 397 397 398 399 399 400 400 400 401 401 402 402 403 403 404 404 405 405 406 406 407 407 408 408 408 408 409 409 409 409 410 410 410 411 411 411 412 412 413 413 413 413 414 414 414 415 415 415 415 416 416 416 417 417 417 418 418 418 418 419 419 419 419 420 420 420 421 421 421 421 422 422 422 422 423 423 424 424 424 424 425 425 425 425 426 427 427 427 427 428 428 428 429 429 430 430 431 431 431 431 432 432 432 433 433 433 433 434 434 434 435 435 435 436 436 437 437 438 438 439 439 439 440 440 441 441 441 441 442 442 442 442 443 443 444 444 444 444 445 445 445 445 447 448 448 449 449 449 449 450 450 450 451 452 452 453 453 454 454 455 455 456 456 457 457 458 458 459 459 459 460 461 462 463 463 463 463 464 464 464 464 465 465 465 466 466 466 466 467 467 467 467 468 468 468 468 469 470 471 471 472 472 472 473 473 474 474 475 475 475 475 476 476 476 477 478 478 478 479 479 480 480 481 481 481 482 483 483 484 485 485 486 486 486 487 487 489 491 491 491 493 494 495 496 498 499 503 503 503 503 504 504 504 505 505 505 505 506 506 506 506 507 507 507 507 508 508 508 508 509 509 509 509 510 510 510 510 511 511 511 511 512 512 512 512 513 513 513 513 514 514 514 514 515 515 515 515 516 516 516 516 517 517 517 517 518 518 518 518 519 519 519 519 520 520 520 520 521 521 521 521 522 522 522 522 523 523 523 523 524 524 524 524 525 525 525 525 526 526 526 526 527 527 527 527 528 528 528 528 529 529 529 529 530 530 530 530 531 531 531 531 532 532 532 532 533 533 533 533 534 534 534 534 535 535 535 535 536 536 536 536 537 537 537 537 538 538 538 538 539 539 539 539 540 540 540 540 541 541 541 541 542 542 542 542 543 543 543 543 544 544 544 544 545 545 545 545 546 546 546 546 547 547 547 547 548 548 548 548 549 549 549 549 550 550 550 550 551 551 551 551 552 552 552 552 553 553 553 553 554 554 554 554 555 555 555 555 556 556 556 556 557 557 557 557 558 558 558 558 559 559 559 559 560 560 560 560 561 561 561 561 562 562 562 562 563 563 563 563 564 564 564 564 565 565 565 565 566 566 566 566 567 567 567 568 568 568 569 569 569 570 570 571 571 571 571 572 572 572 573 573 574 574 574 574 575 575 575 576 576 576 577 577 577 578 578 578 579 579 579 580 580 580 581 581 581 582 582 582 583 583 583 584 584 584 585 585 585 586 586 586 587 587 587 588 588 588 589 589 589 590 590 590 591 591 591 592 592 592 593 594 594 594 595 595 595 595 596 596 596 596 597 597 597 597 598 598 598 598 599 599 599 599 600 600 600 600 601 601 601 601 602 602 602 602 603 603 603 603 604 604 604 604 605 605 605 605 606 606 606 606 607 607 607 607 608 608 608 608 609 609 609 609 610 610 610 610 611 612 612 612 612 613 613 613 613 614 614 614 614 615 615 615 615 616 616 616 616 617 617 617 617 618 618 618 618 619 619 619 619 620 620 620 620 621 621 621 621 622 622 622 622 623 623 624 625 625 626 626 627 627 628 628 629 629 630 630 631 631 632 632 633 633 634 634 635 635 636 636 637 637 638 638 639 639 640 640 641 641 642 642 643 643 644 644 645 645 646 646 647 647 648 648 649 649 650 650 651 651 652 652 653 653 654 654 655 655 656 656 657 657 658 658 659 659 660 660 661 661 662 662 663 663 664 664 665 665 666 666 667 667 668 668 669 669 670 670 671 671 672 672 673 673 674 674 675 675 676 676 677 677 678 678 679 679 680 680 681 681 682 682 683 683 684 684 685 685 686 686 687 688 688 688 689 689 689 690 690 691 691 692 692 693 693 694 694 695 695 696 696 697 697 698 698 699 699 700 700 701 701 702 702 703 703 704 704 705 705 706 706 707 707 708 708 709 709 710 710 711 711 712 712 713 713 714 714 715 715 716 716 717 717 718 718 719 719 719 720 720 720 720 721 721 721 721 722 722 722 722 723 723 723 723 724 724 724 724 725 725 725 725 726 726 726 726 727 727 727 727 728 728 728 728 729 729 729 729 730 730 730 730 731 731 731 731 732 732 732 732 733 733 733 733 734 734 734 734 735 735 735 735 736 736 736 736 737 737 737 738 738 738 738 739 739 739 739 740 740 740 740 741 741 741 742 742 742 742 743 743 744 744 744 744 745 745 746 746 746 746 747 747 748 748 748 749 749 750 750 751 752 752 752 753 753 753 753 754 754 754 754 755 755 755 755 756 756 756 756 757 757 757 757 758 758 758 758 759 759 759 759 760 760 760 760 761 761 761 761 762 762 762 762 763 763 763 763 764 764 764 765 765 765 765 766 766 766 766 767 767 767 767 768 768 768 769 769 769 769 770 770 771 771 771 771 772 772 773 773 773 773 774 774 775 775 775 776 776 777 777 778 778 779 779 779 779 780 780 780 780 781 781 781 781 782 782 782 783 783 783 783 784 784 784 784 785 785 785 785 786 787 787 787 787 788 788 788 789 789 789 790 790 790 790 791 791 791 791 792 792 792 793 793 793 794 794 794 795 795 795 796 796 796 797 797 797 798 798 798 799 799 799 800 800 800 801 801 801 802 802 802 803 803 803 804 804 804 805 805 805 806 806 806 807 807 808 808 808 808 809 809 810 810 811 811 812 812 812 812 813 813 813 814 814 814 815 815 815 815 816 816 816 816 817 817 817 817 818 818 818 818 819 819 819 819 820 820 820 820 821 821 821 821 822 822 822 822 823 823 823 823 824 824 824 825 825 825 825 826 826 827 827 828 828 828 829 829 829 830 830 831 831 832 832 832 832 833 833 833 833 834 834 834 834 835 835 835 835 836 836 836 836 837 837 837 837 838 838 838 839 839 840 840 840 840 841 841 842 842 843 843 843 844 844 844 844 845 845 846 847 847 848 848 849 849 850 850 851 851 852 852 853 853 854 854 855 855 856 856 856 857 857 857 857 858 858 858 858 859 859 859 859 860 860 860 860 861 861 861 861 862 862 862 862 863 863 864 864 865 865 866 866 867 867 868 868 869 869 870 871 872 873 873 874 874 874 874 875 875 875 875 876 876 876 876 877 877 877 877 878 878 878 878 879 879 879 879 880 880 881 881 882 882 883 883 884 885 885 887 887 887 888 888 889 889 890 890 891 891 892 892 893 893 894 894 895 895 896 896 897 897 898 898 898 899 899 900 900 901 901 902 902 903 903 904 904 905 905 906 907 907 908 908 909 909 910 910 911 911 912 912 913 913 914 914 915 915 916 916 917 917 918 918 919 919 920 920 920 921 921 921 922 922 923 923 924 924 924 925 925 925 925 926 926 926 926 927 927 927 928 928 928 928 929 929 929 930 930 930 930 931 931 931 931 932 932 932 933 933 933 933 934 934 934 934 935 935 935 936 936 937 937 937 938 938 939 939 939 939 940 940 940 941 941 941 942 942 942 942 943 943 944 944 944 944 945 946 946 947 947 947 947 948 948 948 948 949 949 949 949 950 950 950 951 951 951 951 951 952 952 952 952 953 953 953 953 954 955 955 955 955 956 956 956 956 957 957 957 957 958 958 958 959 959 959 960 960 960 961 961 961 962 962 962 963 963 963 964 964 964 965 965 965 966 966 966 967 967 967 968 968 968 969 969 969 970 970 970 971 972 972 972 973 973 973 973 974 974 974 975 975 975 976 976 976 976 977 978 978 978 978 979 979 980 980 980 981 981 981 981 982 982 982 982 983 983 984 984 984 984 985 985 985 986 986 986 986 987 987 988 988 989 989 990 990 990 991 991 991 991 992 992 992 993 993 993 994 994 994 994 995 995 995 996 996 996 996 997 997 998 998 999 999 999 999 1000 1001 1001 1001 1002 1002 1002 1003 1003 1004 1004 1004 1004 1005 1005 1005 1005 1006 1006 1007 1007 1007 1008 1008 1008 1009 1009 1010 1010 1010 1010 1011 1011 1011 1011 1012 1012 1012 1012 1013 1013 1013 1013 1014 1014 1014 1014 1015 1015 1015 1015 1016 1016 1016 1016 1017 1017 1017 1017 1018 1018 1018 1018 1019 1019 1019 1019 1020 1020 1020 1020 1021 1021 1021 1021 1022 1022 1022 1022 1023 1023 1023 1024 1024 1024 1024 1025 1025 1025 1025 1026 1026 1026 1026 1027 1027 1028 1028 1028 1029 1029 1029 1030 1030 1030 1030 1031 1031 1031 1032 1032 1033 1033 1033 1034 1034 1034 1034 1035 1035 1035 1036 1036 1036 1037 1037 1038 1038 1039 1039 1039 1040 1040 1040 1041 1041 1042 1042 1042 1043 1044 1045 1045 1045 1045 1046 1046 1046 1046 1047 1047 1048 1049 1049 1050 1050 1051 1051 1051 1051 1052 1052 1052 1052 1053 1053 1054 1054 1054 1055 1055 1056 1056 1056 1057 1057 1057 1057 1058 1058 1058 1059 1059 1059 1059 1060 1060 1060 1061 1061 1062 1063 1063 1063 1064 1064 1065 1065 1065 1066 1067 1067 1067 1068 1069 1069 1070 1070 1071 1071 1072 1072 1073 1073 1074 1074 1075 1075 1076 1076 1077 1077 1077 1078 1078 1079 1079 1080 1080 1080 1081 1081 1082 1082 1083 1083 1084 1085 1085 1086 1087 1087 1088 1089 1089 1090 1090 1091 1091 1092 1093 1093 1093 1094 1094 1095 1095 1096 1096 1097 1097 1097 1098 1098 1098 1099 1100 1100 1101 1102 1102 1102 1103 1103 1103 1103 1104 1104 1104 1105 1105 1105 1105 1106 1106 1107 1107 1107 1108 1108 1108 1108 1109 1109 1110 1110 1110 1110 1111 1111 1112 1112 1112 1112 1113 1113 1113 1113 1114 1114 1115 1115 1115 1116 1117 1117 1118 1118 1118 1118 1119 1119 1119 1119 1120 1120 1120 1120 1121 1121 1121 1121 1122 1122 1122 1122 1123 1123 1123 1124 1124 1124 1125 1125 1125 1126 1126 1126 1126 1127 1127 1127 1127 1128 1128 1128 1128 1129 1129 1129 1129 1130 1130 1130 1130 1131 1131 1132 1133 1133 1133 1133 1134 1134 1134 1135 1136 1136 1136 1137 1137 1137 1137 1138 1138 1138 1138 1139 1139 1139 1140 1140 1140 1141 1141 1141 1142 1142 1142 1143 1143 1143 1144 1144 1144 1145 1145 1145 1146 1146 1146 1147 1147 1147 1148 1148 1148 1149 1150 1150 1150 1150 1151 1151 1152 1152 1152 1152 1153 1153 1153 1153 1154 1154 1154 1154 1155 1155 1155 1155 1156 1156 1156 1157 1157 1158 1158 1158 1159 1159 1159 1160 1160 1160 1160 1161 1161 1162 1162 1162 1162 1163 1163 1163 1164 1164 1165 1165 1166 1166 1166 1167 1167 1168 1168 1168 1169 1169 1170 1170 1171 1171 1171 1171 1171 1172 1172 1172 1172 1173 1173 1174 1174 1175 1175 1175 1176 1176 1177 1177 1178 1178 1178 1179 1179 1180 1180 1180 1181 1181 1181 1181 1182 1182 1182 1183 1183 1183 1183 1184 1184 1185 1185 1185 1185 1186 1186 1186 1187 1187 1187 1187 1188 1188 1188 1188 1189 1189 1189 1190 1190 1190 1191 1191 1191 1192 1192 1192 1192 1193 1193 1193 1193 1194 1194 1194 1194 1195 1195 1195 1195 1196 1196 1196 1197 1197 1198 1198 1198 1199 1199 1200 1200 1200 1201 1201 1202 1202 1202 1203 1203 1203 1204 1205 1205 1205 1206 1206 1206 1206 1207 1207 1207 1208 1208 1208 1209 1209 1209 1210 1210 1211 1211 1211 1211 1212 1212 1212 1213 1213 1213 1214 1214 1215 1215 1216 1216 1216 1217 1217 1217 1217 1218 1218 1219 1219 1219 1220 1220 1221 1221 1222 1222 1223 1223 1223 1224 1224 1225 1225 1226 1226 1226 1227 1227 1227 1227 1228 1228 1229 1229 1229 1229 1230 1230 1230 1230 1231 1231 1232 1232 1232 1233 1234 1234 1234 1235 1235 1236 1236 1237 1237 1238 1238 1238 1239 1239 1240 1240 1241 1241 1241 1242 1242 1242 1242 1243 1243 1244 1244 1244 1244 1245 1245 1246 1246 1246 1246 1247 1247 1247 1247 1248 1248 1248 1249 1250 1250 1251 1251 1252 1252 1253 1253 1253 1253 1254 1254 1255 1255 1255 1256 1256 1256 1257 1257 1257 1258 1258 1258 1258 1259 1259 1259 1259 1260 1260 1260 1261 1261 1262 1262 1262 1262 1263 1263 1263 1263 1264 1264 1264 1264 1265 1266 1266 1267 1268 1269 1270 1270 1271 1271 1271 1272 1272 1272 1272 1273 1273 1274 1274 1275 1275 1275 1275 1275 1276 1276 1276 1276 1278 1278 1278 1278 1279 1279 1279 1279 1280 1280 1280 1281 1281 1281 1282 1282 1282 1283 1283 1283 1284 1284 1284 1285 1285 1285 1286 1286 1286 1287 1287 1288 1288 1288 1289 1290 1291 1291 1291 1291 1292 1292 1293 1293 1293 1295 1295 1295 1295 1295 1296 1296 1296 1296 1297 1297 1297 1297 1298 1298 1299 1299 1300 1300 1300 1301 1301 1301 1302 1302 1302 1302 1303 1303 1304 1304 1304 1304 1305 1305 1305 1305 1306 1306 1307 1307 1307 1307 1308 1308 1309 1309 1309 1310 1310 1310 1311 1311 1311 1311 1312 1312 1313 1313 1313 1314 1314 1315 1315 1315 1316 1316 1316 1317 1317 1318 1318 1318 1318 1319 1319 1319 1320 1320 1321 1321 1321 1322 1322 1322 1322 1323 1323 1323 1325 1325 1325 1326 1326 1326 1326 1327 1327 1327 1328 1328 1328 1329 1329 1329 1330 1330 1331 1331 1331 1332 1332 1332 1333 1333 1333 1333 1333 1334 1334 1334 1335 1335 1335 1335 1336 1336 1336 1337 1337 1337 1338 1338 1338 1339 1339 1340 1340 1340 1340 1341 1341 1341 1341 1342 1342 1343 1343 1343 1343 1344 1344 1345 1345 1346 1346 1346 1346 1347 1347 1347 1348 1348 1348 1349 1349 1350 1350 1351 1351 1351 1352 1352 1353 1353 1354 1354 1355 1355 1356 1356 1356 1357 1357 1357 1358 1358 1359 1359 1360 1360 1361 1361 1362 1362 1363 1363 1363 1363 1363 1364 1364 1365 1365 1366 1366 1367 1367 1367 1368 1368 1368 1368 1369 1369 1369 1369 1370 1370 1370 1370 1371 1371 1372 1373 1373 1373 1374 1374 1374 1375 1375 1375 1376 1376 1376 1376 1377 1377 1377 1377 1378 1378 1378 1378 1378 1379 1379 1379 1379 1380 1380 1380 1381 1381 1382 1382 1382 1383 1383 1384 1384 1384 1384 1385 1385 1385 1386 1387 1387 1387 1388 1388 1388 1389 1389 1389 1389 1390 1390 1391 1391 1392 1392 1393 1393 1394 1394 1394 1394 1395 1395 1395 1396 1396 1396 1396 1397 1397 1397 1397 1398 1398 1399 1399 1399 1399 1400 1400 1400 1400 1401 1401 1402 1402 1402 1403 1403 1403 1404 1404 1404 1405 1405 1405 1406 1406 1406 1407 1407 1407 1408 1408 1409 1409 1409 1409 1410 1410 1411 1411 1411 1411 1412 1412 1412 1413 1413 1413 1413 1414 1414 1415 1415 1415 1415 1416 1416 1416 1417 1417 1417 1418 1418 1418 1418 1419 1419 1419 1420 1420 1420 1420 1420 1421 1421 1422 1422 1423 1424 1424 1424 1425 1425 1427 1427 1427 1428 1428 1428 1429 1430 1430 1430 1430 1431 1431 1431 1432 1432 1433 1433 1433 1434 1434 1435 1435 1435 1435 1436 1436 1436 1436 1437 1437 1437 1437 1438 1438 1439 1439 1440 1440 1441 1441 1442 1442 1442 1442 1443 1443 1443 1444 1445 1445 1445 1446 1446 1447 1447 1448 1448 1448 1449 1449 1449 1449 1450 1450 1450 1450 1451 1451 1451 1452 1453 1453 1453 1454 1454 1455 1455 1455 1455 1456 1456 1456 1456 1457 1457 1457 1458 1458 1458 1459 1459 1459 1460 1461 1461 1462 1462 1462 1463 1463 1464 1464 1464 1465 1465 1466 1466 1466 1467 1467 1467 1467 1468 1468 1469 1470 1470 1471 1471 1471 1472 1472 1473 1473 1473 1474 1474 1475 1476 1476 1477 1477 1477 1478 1478 1478 1479 1479 1479 1480 1480 1481 1481 1482 1482 1483 1483 1484 1484 1484 1484 1485 1485 1485 1485 1486 1487 1487 1487 1487 1488 1488 1488 1488 1489 1489 1490 1490 1490 1490 1491 1491 1492 1492 1493 1493 1493 1493 1494 1494 1494 1495 1495 1495 1495 1496 1496 1496 1496 1497 1497 1498 1499 1499 1499 1499 1500 1500 1500 1500 1501 1501 1501 1501 1502 1502 1503 1504 1504 1505 1507 1507 1507 1507 1508 1508 1508 1509 1509 1509 1510 1510 1510 1511 1511 1511 1512 1512 1512 1513 1513 1513 1514 1514 1514 1514 1515 1515 1515 1516 1517 1517 1517 1517 1518 1518 1518 1518 1520 1520 1520 1520 1521 1521 1522 1522 1522 1522 1523 1523 1523 1524 1524 1524 1524 1525 1525 1525 1526 1526 1526 1527 1527 1527 1528 1528 1528 1529 1529 1529 1530 1530 1530 1531 1531 1531 1531 1532 1532 1533 1533 1534 1534 1534 1535 1535 1535 1535 1536 1536 1537 1537 1538 1538 1539 1539 1540 1540 1540 1541 1541 1542 1542 1542 1543 1543 1544 1544 1544 1545 1545 1545 1546 1546 1546 1547 1548 1549 1549 1549 1550 1550 1550 1550 1551 1551 1552 1552 1552 1552 1553 1553 1553 1554 1554 1554 1555 1555 1556 1556 1556 1557 1557 1557 1558 1558 1559 1559 1560 1560 1560 1561 1561 1561 1562 1562 1562 1562 1563 1563 1563 1564 1564 1565 1565 1566 1566 1566 1567 1567 1569 1569 1569 1570 1570 1570 1570 1571 1571 1572 1572 1572 1573 1573 1574 1574 1574 1574 1575 1575 1576 1576 1577 1577 1577 1577 1578 1578 1579 1579 1579 1579 1580 1580 1580 1581 1581 1581 1581 1582 1582 1583 1583 1583 1584 1584 1585 1585 1585 1586 1586 1586 1587 1587 1587 1588 1588 1588 1589 1589 1589 1590 1590 1591 1591 1591 1591 1592 1592 1592 1593 1593 1594 1594 1595 1595 1595 1596 1596 1596 1596 1597 1597 1597 1598 1598 1598 1599 1599 1600 1600 1600 1601 1601 1601 1601 1602 1602 1602 1602 1603 1603 1603 1604 1604 1605 1605 1605 1606 1606 1606 1607 1607 1607 1608 1609 1609 1609 1610 1610 1611 1611 1612 1612 1612 1612 1613 1613 1614 1614 1614 1614 1615 1615 1615 1616 1616 1616 1617 1617 1617 1618 1618 1618 1619 1619 1619 1619 1620 1620 1620 1621 1621 1621 1621 1622 1622 1622 1622 1623 1623 1623 1624 1624 1625 1625 1626 1626 1626 1627 1627 1628 1628 1628 1628 1629 1629 1629 1630 1630 1630 1631 1631 1631 1632 1632 1632 1632 1633 1633 1633 1633 1634 1634 1634 1635 1635 1636 1636 1636 1637 1637 1637 1638 1638 1638 1639 1639 1640 1640 1640 1641 1641 1641 1642 1642 1643 1643 1643 1644 1644 1644 1645 1645 1646 1646 1646 1646 1647 1647 1648 1648 1648 1649 1649 1650 1650 1650 1650 1651 1651 1652 1652 1652 1653 1653 1654 1654 1654 1654 1655 1655 1656 1656 1656 1656 1657 1657 1657 1658 1658 1658 1659 1659 1659 1660 1660 1660 1661 1661 1662 1662 1662 1663 1663 1663 1664 1664 1665 1665 1666 1666 1666 1666 1667 1667 1668 1668 1669 1669 1669 1670 1670 1671 1671 1671 1672 1672 1672 1673 1673 1673 1673 1674 1675 1675 1675 1675 1676 1676 1676 1677 1677 1677 1678 1678 1678 1678 1679 1679 1679 1679 1680 1680 1681 1681 1681 1682 1682 1682 1683 1683 1683 1684 1684 1684 1685 1685 1685 1686 1686 1686 1687 1687 1688 1688 1688 1688 1689 1689 1689 1690 1690 1690 1691 1691 1691 1692 1692 1692 1693 1693 1694 1694 1694 1694 1695 1695 1695 1696 1696 1697 1697 1698 1698 1698 1699 1699 1699 1699 1700 1700 1701 1701 1701 1702 1702 1702 1702 1703 1703 1704 1704 1704 1705 1705 1706 1706 1706 1707 1707 1708 1708 1709 1709 1709 1710 1710 1710 1711 1711 1711 1712 1712 1712 1713 1713 1714 1714 1715 1715 1715 1715 1716 1716 1716 1716 1717 1717 1717 1717 1718 1718 1718 1719 1719 1720 1720 1720 1721 1721 1721 1722 1722 1722 1723 1724 1724 1724 1724 1725 1725 1726 1726 1727 1727 1727 1728 1728 1728 1728 1729 1729 1730 1730 1732 1732 1732 1733 1733 1734 1734 1734 1735 1735 1735 1736 1736 1736 1736 1737 1737 1737 1738 1738 1738 1739 1739 1739 1740 1740 1740 1741 1741 1741 1742 1742 1742 1743 1743 1743 1744 1744 1744 1745 1745 1745 1746 1746 1747 1747 1747 1748 1748 1748 1749 1749 1749 1749 1750 1750 1750 1750 1751 1751 1751 1752 1752 1752 1752 1753 1753 1754 1754 1755 1755 1755 1756 1757 1757 1757 1758 1758 1758 1759 1759 1760 1760 1760 1761 1761 1762 1762 1762 1763 1763 1763 1764 1764 1764 1765 1765 1765 1765 1766 1766 1766 1767 1767 1767 1767 1768 1768 1768 1769 1769 1769 1769 1770 1770 1771 1771 1771 1772 1772 1773 1773 1773 1773 1774 1774 1775 1775 1775 1776 1776 1776 1777 1777 1777 1777 1778 1778 1779 1779 1780 1780 1781 1781 1781 1782 1782 1782 1783 1783 1783 1783 1784 1784 1785 1785 1785 1786 1786 1786 1787 1787 1787 1787 1788 1788 1789 1789 1789 1790 1790 1790 1791 1791 1791 1792 1793 1793 1793 1794 1794 1794 1795 1795 1795 1795 1796 1796 1796 1797 1797 1797 1798 1798 1798 1799 1799 1799 1800 1800 1800 1801 1801 1801 1802 1802 1802 1803 1803 1803 1805 1805 1805 1806 1806 1806 1807 1807 1807 1808 1808 1808 1809 1809 1809 1809 1810 1810 1810 1810 1811 1811 1811 1812 1812 1812 1813 1813 1814 1814 1814 1814 1815 1815 1815 1815 1816 1817 1818 1818 1819 1819 1820 1820 1821 1821 1821 1822 1822 1823 1823 1823 1824 1824 1825 1825 1826 1826 1826 1827 1827 1827 1828 1828 1828 1828 1829 1829 1829 1830 1830 1830 1831 1831 1831 1832 1832 1832 1833 1833 1833 1834 1834 1834 1835 1835 1835 1836 1836 1836 1837 1837 1838 1838 1838 1839 1839 1839 1839 1840 1840 1840 1841 1841 1842 1842 1842 1843 1843 1843 1844 1844 1844 1845 1845 1845 1846 1846 1846 1846 1847 1847 1847 1848 1848 1849 1849 1849 1850 1850 1851 1851 1851 1851 1852 1852 1853 1853 1854 1854 1854 1855 1855 1855 1856 1856 1856 1857 1857 1857 1857 1858 1858 1859 1859 1859 1860 1860 1860 1861 1861 1861 1862 1862 1862 1863 1863 1863 1864 1864 1864 1865 1865 1865 1865 1866 1866 1867 1867 1867 1868 1868 1869 1869 1870 1870 1870 1871 1871 1871 1872 1872 1872 1873 1873 1873 1874 1874 1875 1875 1875 1876 1876 1876 1877 1877 1877 1878 1878 1879 1879 1879 1880 1880 1880 1881 1881 1881 1881 1882 1883 1883 1883 1884 1884 1885 1885 1885 1886 1886 1887 1887 1887 1887 1888 1888 1888 1888 1889 1889 1890 1890 1890 1891 1891 1891 1891 1892 1892 1892 1892 1893 1893 1893 1894 1894 1894 1895 1895 1895 1896 1896 1897 1897 1898 1898 1898 1898 1899 1899 1899 1900 1900 1900 1901 1901 1902 1902 1902 1903 1903 1903 1904 1904 1904 1905 1905 1906 1906 1906 1907 1907 1907 1907 1908 1908 1908 1908 1909 1909 1910 1911 1911 1912 1912 1912 1912 1913 1913 1914 1915 1915 1916 1916 1916 1917 1917 1917 1918 1918 1919 1919 1920 1920 1920 1921 1921 1921 1921 1922 1923 1923 1923 1924 1925 1925 1926 1926 1926 1927 1927 1927 1928 1928 1928 1929 1929 1929 1930 1930 1931 1931 1931 1932 1932 1933 1933 1933 1934 1934 1934 1935 1936 1937 1937 1938 1938 1939 1940 1940 1941 1941 1941 1942 1942 1942 1943 1945 1946 1946 
24 184 25 624 177 211 593 246 6 176 154 183 153 247 212 271 176 7 272 272 309 8 9 273 309 273 10 310 11 274 310 274 12 311 13 275 311 275 14 312 15 276 312 276 16 313 17 277 313 277 18 314 19 278 314 278 20 315 21 279 315 279 22 316 23 280 316 280 24 295 184 295 26 503 624 503 27 504 504 28 625 29 505 625 505 30 626 31 506 626 506 32 627 33 507 627 507 34 628 35 508 628 508 36 629 37 509 629 509 38 630 39 510 630 510 40 631 41 511 631 511 42 632 43 512 632 512 44 633 45 513 633 513 46 634 47 514 634 514 48 635 49 515 635 515 50 636 51 516 636 516 52 637 53 517 637 517 54 638 55 518 638 518 56 639 57 519 639 519 58 640 59 520 640 520 60 641 61 521 641 521 62 642 63 522 642 522 64 643 65 523 643 523 66 644 67 524 644 524 68 645 69 525 645 525 70 646 71 526 646 526 72 647 73 527 647 527 74 648 75 528 648 528 76 649 77 529 649 529 78 650 79 530 650 530 80 651 81 531 651 531 82 652 83 532 652 532 84 653 85 533 653 533 86 654 87 534 654 534 88 655 89 535 655 535 90 656 91 536 656 536 92 657 93 537 657 537 94 658 95 538 658 538 96 659 97 539 659 539 98 660 99 540 660 540 100 661 101 541 661 541 102 662 103 542 662 542 104 663 105 543 663 543 106 664 107 544 664 544 108 665 109 545 665 545 110 666 111 546 666 546 112 667 113 547 667 547 114 668 115 548 668 548 116 669 117 549 669 549 118 670 119 550 670 550 120 671 121 551 671 551 122 672 123 552 672 552 124 673 125 553 673 553 126 674 127 554 674 554 128 675 129 555 675 555 130 676 131 556 676 556 132 677 133 557 677 557 134 678 135 558 678 558 136 679 137 559 679 559 138 680 139 560 680 560 140 681 141 561 681 561 142 682 143 562 682 562 144 683 145 563 683 563 146 684 147 564 684 564 148 685 149 565 685 565 150 686 151 566 686 566 152 687 153 567 687 567 247 183 155 281 281 318 156 157 282 318 282 317 158 159 283 317 283 160 319 161 284 319 284 162 320 163 285 320 285 164 321 165 286 321 286 166 322 167 287 322 287 168 323 169 288 323 288 170 324 171 289 324 289 172 325 173 290 325 290 174 326 175 291 326 291 176 327 272 327 211 178 292 292 179 328 180 293 328 293 181 329 182 294 329 294 183 330 281 330 185 295 568 624 295 186 331 568 569 187 296 331 569 570 296 188 332 570 688 189 297 332 571 688 297 190 333 571 572 191 298 333 572 573 298 192 334 573 689 193 299 334 574 689 299 194 335 574 575 195 300 335 575 576 300 196 336 576 577 197 301 336 577 578 301 198 337 578 579 199 302 337 579 580 302 200 338 580 581 201 303 338 581 582 303 202 339 582 583 203 304 339 583 584 304 204 340 584 585 205 305 340 585 586 305 206 341 586 587 207 306 341 587 588 306 208 342 588 589 209 307 342 589 590 307 210 343 590 591 211 308 343 591 592 308 292 592 593 271 213 594 623 594 692 214 215 595 692 595 216 693 217 596 693 596 691 218 219 597 691 597 220 694 221 598 694 598 222 695 223 599 695 599 224 696 225 600 696 600 226 697 227 601 697 601 228 698 229 602 698 602 230 699 231 603 699 603 232 700 233 604 700 604 234 701 235 605 701 605 236 702 237 606 702 606 238 703 239 607 703 607 240 704 241 608 704 608 242 705 243 609 705 609 244 706 245 610 706 610 246 611 593 611 567 248 690 249 612 690 612 250 707 251 613 707 613 252 708 253 614 708 614 254 709 255 615 709 615 256 710 257 616 710 616 258 711 259 617 711 617 260 712 261 618 712 618 262 713 263 619 713 619 264 714 265 620 714 620 266 715 267 621 715 621 268 716 269 622 716 622 270 717 271 623 717 623 309 327 371 309 310 344 354 311 310 347 387 312 311 346 386 312 313 348 388 314 313 350 385 315 314 351 390 316 315 389 392 295 316 349 318 358 330 317 318 357 372 317 319 352 356 320 319 355 361 321 320 360 363 322 321 362 365 323 322 345 364 324 323 353 394 325 324 366 395 326 325 367 396 327 326 368 371 328 359 308 329 328 369 370 330 329 358 393 331 349 332 331 373 398 333 332 374 399 334 333 375 400 335 334 376 401 336 335 377 397 337 336 378 402 338 337 379 403 339 338 380 404 340 339 381 405 341 340 382 406 342 341 383 407 343 342 384 391 343 359 344 371 347 354 386 387 346 388 348 385 350 390 351 389 349 392 356 372 357 358 352 361 355 363 360 365 345 362 353 364 366 394 367 395 368 396 371 359 370 369 393 358 349 398 373 374 375 399 376 400 377 401 378 397 379 402 380 403 381 404 382 405 383 406 384 407 359 391 354 371 439 459 362 364 419 450 386 388 417 451 354 387 442 462 385 388 445 469 398 392 385 390 426 461 389 390 412 446 356 361 413 414 364 394 425 455 459 462 361 363 441 456 372 414 420 358 372 410 447 393 410 391 370 411 363 365 444 448 413 456 365 419 453 441 448 450 455 444 453 395 394 409 437 395 396 408 423 371 396 439 443 370 393 410 440 411 440 439 420 447 374 398 412 446 399 418 412 426 399 400 416 452 400 401 427 430 397 401 424 428 397 402 432 457 403 402 431 454 404 403 433 458 405 404 434 435 406 405 415 436 407 406 421 438 391 407 422 429 461 469 387 417 460 442 460 445 451 392 398 446 412 426 411 429 398 410 425 437 409 423 408 443 424 457 446 416 418 427 449 452 428 430 431 432 433 454 435 458 415 434 421 436 422 438 423 443 466 472 437 423 474 497 440 447 471 429 440 499 426 446 414 456 465 479 420 479 491 434 436 467 481 418 452 488 451 460 470 426 469 461 488 450 453 485 498 447 471 491 436 438 464 484 429 438 493 502 472 474 428 457 463 477 437 455 486 496 461 430 449 473 489 430 477 490 499 502 489 490 432 454 476 478 457 478 494 458 454 468 480 435 481 483 458 475 483 467 484 486 497 464 493 443 459 482 471 499 448 456 487 492 460 462 449 473 466 482 448 453 495 501 469 451 470 488 471 487 501 452 473 470 460 455 498 500 470 470 488 485 495 468 476 496 500 465 492 463 494 475 480 462 482 473 470 469 473 477 494 474 497 484 493 479 465 479 492 484 472 482 490 489 481 484 492 487 476 480 498 500 488 488 491 499 474 490 477 489 482 497 477 480 483 495 485 478 500 496 490 494 486 496 491 493 498 485 483 487 501 489 495 501 492 495 498 496 497 494 492 501 490 493 502 499 502 497 501 500 500 502 504 624 718 719 625 719 839 625 626 720 842 627 626 721 838 628 627 723 841 629 628 724 845 630 629 725 846 631 630 726 847 632 631 727 848 633 632 728 849 634 633 729 850 635 634 730 851 636 635 731 852 637 636 732 853 638 637 733 854 639 638 734 855 640 639 856 923 640 641 857 920 641 642 858 907 642 643 859 908 643 644 860 909 644 645 861 910 645 646 862 911 646 647 737 912 647 648 735 863 649 648 738 741 650 649 740 743 651 650 742 745 652 651 744 747 653 652 746 749 654 653 748 751 655 654 722 750 656 655 736 866 657 656 752 867 658 657 753 868 659 658 754 869 660 659 755 865 661 660 756 864 662 661 757 870 663 662 758 871 664 663 759 872 665 664 760 873 666 665 761 922 666 667 874 921 667 668 875 913 668 669 876 914 669 670 877 915 670 671 878 916 671 672 879 917 672 673 764 918 673 674 762 880 675 674 765 768 676 675 767 770 677 676 769 772 678 677 771 774 679 678 773 776 680 679 775 778 681 680 739 777 682 681 763 882 683 682 779 883 684 683 780 884 685 684 781 885 686 685 782 881 687 686 783 886 687 690 886 569 624 718 570 786 718 786 688 572 688 840 843 573 788 843 788 689 575 689 844 919 576 791 919 577 791 792 578 792 793 579 793 794 580 794 795 581 795 796 582 796 797 583 797 798 584 798 799 585 799 800 586 800 801 587 801 802 588 802 803 589 803 804 590 804 805 591 805 806 592 806 807 593 807 611 611 692 623 811 692 693 808 826 691 693 790 814 691 694 784 810 695 694 787 809 696 695 813 827 697 696 785 889 698 697 815 888 699 698 816 890 700 699 817 891 701 700 818 892 702 701 819 893 703 702 820 894 704 703 821 895 705 704 822 896 706 705 823 897 611 706 824 807 807 690 707 789 898 707 708 766 828 709 708 829 831 710 709 812 830 711 710 825 900 712 711 832 901 713 712 833 899 714 713 834 902 715 714 835 903 716 715 836 904 717 716 837 905 717 811 718 720 839 838 842 721 841 723 845 724 846 725 847 726 848 727 849 728 850 729 851 730 852 731 853 732 854 733 855 734 856 920 923 857 907 858 908 859 909 860 910 861 911 862 912 735 737 741 863 738 743 740 745 742 747 744 749 746 751 722 748 736 750 752 866 753 867 754 868 755 869 756 865 757 864 758 870 759 871 760 872 761 873 921 922 874 913 875 914 876 915 877 916 878 917 879 918 762 764 768 880 765 770 767 772 769 774 771 776 773 778 739 775 763 777 779 882 780 883 781 884 782 885 783 881 886 840 906 786 844 887 788 789 886 790 810 808 811 814 826 784 809 787 827 785 813 815 889 816 888 817 890 818 891 819 892 820 893 821 894 822 895 823 896 824 897 828 898 766 831 812 829 825 830 832 900 833 901 834 899 835 902 836 903 837 904 905 811 719 786 839 786 906 839 842 1015 1043 838 841 1004 1050 748 750 939 1080 841 845 1093 1095 846 845 937 1070 847 846 1058 1070 848 847 924 1055 849 848 1017 1053 850 849 948 950 851 850 947 1000 851 852 946 1003 852 853 928 945 853 854 929 938 854 855 931 936 855 856 932 1027 737 863 935 1111 750 866 1042 1117 912 935 1087 741 743 1012 1094 775 777 949 1054 743 745 1035 1101 863 1012 1029 745 747 1034 1037 1094 1101 747 749 1013 1036 1034 1035 749 751 1104 1114 1036 1037 751 939 1114 1013 1104 1080 1117 1114 866 867 1031 867 868 1040 1109 868 869 1014 1041 865 869 941 1039 864 865 930 940 864 870 942 1038 871 870 942 943 872 871 934 943 873 872 934 1048 922 873 1046 1102 764 880 1011 1106 777 882 1069 1132 918 1011 1092 768 770 1010 1098 831 828 926 1077 770 772 1060 1099 880 1010 1056 772 774 1059 1062 1098 1099 774 776 1030 1061 1059 1060 776 778 1047 1064 1061 1062 778 949 1023 1030 1064 1054 1132 1023 1047 882 883 1057 1065 883 884 1067 1100 884 885 1068 1067 881 885 1066 881 886 789 954 810 809 992 1072 813 889 973 1007 906 809 827 952 972 843 887 951 898 886 954 814 810 953 975 792 919 1008 1032 793 957 1032 794 957 958 795 958 959 796 959 960 797 960 961 798 961 962 799 962 963 800 963 964 801 964 965 802 965 966 803 966 967 804 967 968 805 968 969 806 969 970 807 970 971 824 971 811 826 956 977 972 992 953 1072 905 977 829 830 1005 1009 827 1007 1049 826 975 1006 888 889 1001 1071 888 890 976 1074 891 890 978 979 892 891 955 1075 893 892 944 980 894 893 982 983 895 894 984 988 896 895 986 987 896 897 985 989 897 971 974 830 900 991 1078 956 1006 952 1049 898 926 999 831 1005 1079 991 1009 1077 1079 901 900 981 993 899 901 1002 1076 899 902 994 1081 903 902 996 997 904 903 933 990 905 904 927 998 842 1004 1073 906 1043 843 906 1043 1044 1050 1095 1015 1073 951 1044 1116 887 919 925 995 937 1093 1070 924 1058 1017 1055 950 1053 948 1000 947 1003 928 946 929 945 931 938 932 936 923 1016 1027 920 907 1022 1096 907 908 1024 1082 908 909 1025 1083 909 910 1026 1084 910 911 1045 1085 911 912 1021 1086 1029 1111 930 1038 940 941 1031 1042 1031 1109 1014 1040 1039 1041 942 943 934 1046 1048 921 913 1033 1097 913 914 1020 1028 914 915 1019 1088 915 916 1051 1089 916 917 1052 1090 917 918 1018 1091 1056 1106 954 1066 1065 1069 1057 1100 1067 1066 1068 925 951 1063 976 1001 973 1071 978 1074 955 979 980 1075 944 983 982 988 984 987 986 989 974 985 954 999 1066 994 1002 993 1078 981 1076 996 1081 990 997 933 998 927 977 1043 1022 1082 1024 1083 1025 1084 1026 1085 1045 1086 1021 1087 1028 1033 1020 1088 1019 1089 1051 1090 1052 1091 1018 1092 995 1008 923 1096 1169 922 1097 1167 1102 1167 1016 1169 1058 1055 1131 995 1063 1160 1217 999 1077 1110 1182 977 998 1135 945 946 1128 1202 938 945 1202 940 1038 1122 1189 936 938 1190 1245 936 1027 1124 990 998 1108 1159 943 1048 1112 1203 1087 1111 1172 1124 1190 1070 1093 1161 1202 1245 1114 1080 1227 1261 941 1122 1123 1039 1123 1199 1038 943 1115 1197 1112 1115 980 983 1126 1157 1202 1003 1128 1000 1003 1223 1240 950 1000 1130 1223 1023 1054 1211 1251 1053 1130 1205 1063 1210 1267 1277 1116 972 1049 1175 1177 975 1072 1153 1220 1066 979 1075 1155 1174 1006 977 1125 1135 958 1032 1118 1151 959 1138 1151 960 1138 1139 961 1139 1140 962 1140 1141 963 1141 1142 964 1142 1143 965 1143 1144 966 1144 1145 967 1145 1146 968 1146 1147 969 1147 1148 970 1148 1149 971 1149 974 974 992 1162 1177 1007 1071 1127 1176 985 1134 1149 1006 1153 1173 1001 1074 1129 1218 1135 979 1074 1156 1163 1155 1156 1075 1152 1157 993 1076 1158 1164 983 988 1200 1250 1126 1200 988 987 1180 1219 989 1134 1216 987 989 1133 1209 1133 1180 1219 1250 1209 1216 997 1159 1208 1009 1078 1107 1179 1072 1162 1168 1078 1105 1164 1002 1081 1166 1170 1008 1160 1178 997 1081 1137 1222 1208 1222 1108 1135 1066 1182 1068 1269 1223 1071 1129 1165 1076 1154 1170 1128 1240 1050 1073 1277 1267 1079 1009 1113 1213 1125 1173 1049 1150 1176 1032 1178 1214 1113 1179 1056 1098 1229 1266 1092 1106 1120 1237 1029 1094 1194 1270 1036 1104 1119 1198 1040 1041 1121 1238 1043 1044 1073 1116 1027 1169 1183 1201 1053 1055 1207 1265 1091 1092 1226 1237 1088 1089 1235 1254 1028 1088 1193 1235 1086 1087 1243 1234 1082 1096 1230 1290 1047 1212 1251 1082 1083 1241 1308 1083 1084 1188 1233 1084 1085 1191 1233 1124 1201 1033 1193 1196 1111 1194 1204 1061 1064 1185 1268 1042 1236 1109 1118 1214 1097 1196 1228 1035 1037 1181 1232 1101 1181 1270 1037 1198 1249 1232 1249 1189 1197 1041 1199 1252 1109 1121 1136 1238 1252 1117 1192 1236 1044 1116 1085 1086 1187 1234 1048 1102 1248 1203 1064 1212 1203 1150 1175 1095 1267 1089 1090 1206 1225 1090 1091 1260 1273 1205 1207 1132 1211 1221 1131 1265 1106 1184 1266 1065 1100 1195 1224 1070 1103 1131 1060 1062 1171 1268 1099 1171 1231 1062 1268 1268 1210 1217 1294 1185 1212 1069 1195 1221 1068 1068 1100 1269 1269 1132 1221 1103 1161 1127 1165 1168 1220 1116 1277 1163 1218 1152 1174 1154 1158 1110 1079 1215 1105 1107 1213 1215 1117 1227 1289 1137 1166 1230 1308 1188 1241 1233 1187 1191 1234 1243 1172 1235 1225 1254 1206 1260 1226 1273 1237 1095 1210 1161 1101 1270 1210 1267 1169 1290 1167 1228 1303 1099 1229 1231 1231 1224 1269 1270 1167 1248 1256 1131 1161 1264 1294 1114 1119 1186 1107 1164 1242 1288 1120 1184 1179 1288 1364 1159 1135 1295 1324 1136 1236 1182 1215 1275 1309 1172 1204 1115 1203 1271 1300 1179 1213 1322 1348 1186 1261 1197 1300 1334 1277 1192 1289 1151 1214 1296 1313 1186 1198 1335 1355 1184 1237 1311 1345 1136 1238 1257 1274 1123 1189 1326 1327 1199 1327 1372 1190 1201 1328 1135 1173 1324 1157 1200 1253 1292 1165 1176 1341 1349 1202 1240 1343 1429 1165 1218 1319 1360 1205 1223 1307 1380 1264 1265 1221 1180 1209 1244 1366 1149 1216 1239 1324 1236 1255 1274 1166 1222 1302 1323 1139 1151 1321 1353 1140 1279 1353 1141 1279 1280 1142 1280 1281 1143 1281 1282 1144 1282 1283 1145 1283 1284 1146 1284 1285 1147 1285 1286 1148 1286 1287 1149 1239 1287 1239 1175 1176 1276 1316 1313 1321 1174 1157 1272 1315 1173 1220 1301 1312 1158 1170 1278 1293 1156 1174 1291 1359 1163 1291 1298 1272 1292 1164 1293 1299 1208 1295 1347 1178 1217 1318 1363 1210 1294 1168 1177 1263 1306 1218 1297 1298 1242 1299 1341 1360 1170 1302 1314 1256 1303 1220 1247 1306 1183 1290 1278 1314 1268 1231 1391 1401 1425 1204 1243 1351 1393 1301 1324 1315 1359 1177 1316 1317 1276 1349 1263 1317 1214 1318 1320 1322 1364 1219 1244 1358 1270 1232 1346 1356 1269 1309 1426 1201 1262 1290 1361 1266 1345 1268 1212 1367 1401 1261 1355 1438 1191 1234 1329 1330 1233 1241 1246 1352 1197 1326 1371 1245 1328 1331 1233 1246 1330 1236 1289 1336 1365 1196 1235 1333 1339 1270 1204 1388 1393 1221 1224 1386 1426 1228 1333 1354 1334 1371 1249 1335 1469 1252 1372 1250 1253 1337 1262 1328 1245 1343 1344 1248 1258 1271 1393 1207 1380 1398 1225 1260 1375 1374 1265 1383 1398 1222 1347 1421 1216 1366 1410 1267 1294 1251 1221 1381 1452 1251 1340 1367 1215 1348 1350 1296 1320 1275 1350 1239 1373 1410 1294 1363 1264 1519 1297 1319 1250 1357 1358 1247 1312 1381 1386 1323 1421 1240 1307 1362 1269 1426 1254 1374 1237 1273 1342 1261 1289 1304 1365 1303 1354 1231 1266 1305 1382 1308 1290 1325 1361 1382 1391 1249 1356 1469 1246 1243 1259 1329 1254 1339 1255 1336 1311 1342 1257 1252 1332 1287 1373 1429 1362 1308 1310 1352 1288 1299 1411 1440 1259 1351 1358 1366 1467 1481 1331 1344 1330 1352 1447 1437 1306 1312 1442 1460 1256 1258 1338 1469 1337 1357 1340 1452 1332 1372 1292 1337 1376 1414 1339 1374 1274 1336 1423 1303 1338 1475 1274 1332 1378 1271 1338 1389 1450 1329 1351 1377 1439 1273 1375 1390 1304 1438 1328 1361 1412 1491 1306 1317 1418 1461 1265 1294 1383 1519 1383 1305 1345 1277 1401 1426 1346 1388 1300 1389 1419 1315 1292 1384 1431 1342 1390 1378 1423 1309 1350 1379 1436 1486 1316 1349 1416 1433 1293 1314 1415 1476 1280 1353 1368 1385 1281 1385 1402 1282 1402 1403 1283 1403 1404 1284 1404 1405 1285 1405 1406 1286 1406 1407 1287 1407 1408 1373 1408 1364 1411 1480 1365 1361 1298 1359 1369 1453 1384 1414 1299 1415 1417 1347 1324 1301 1392 1455 1313 1320 1462 1478 1298 1319 1435 1472 1453 1472 1417 1440 1334 1419 1473 1324 1312 1392 1314 1323 1430 1443 1354 1475 1365 1428 1438 1451 1345 1382 1397 1497 1442 1461 1362 1380 1420 1492 1310 1325 1379 1426 1386 1325 1352 1444 1342 1345 1463 1471 1392 1460 1321 1409 1462 1430 1476 1359 1431 1470 1317 1433 1434 1418 1434 1320 1363 1479 1482 1360 1435 1474 1478 1482 1353 1409 1422 1348 1364 1449 1458 1421 1443 1541 1361 1370 1444 1327 1371 1445 1483 1372 1395 1445 1331 1448 1491 1330 1377 1446 1446 1447 1344 1448 1454 1372 1378 1395 1354 1339 1427 1477 1506 1371 1473 1498 1355 1469 1504 1516 1365 1394 1423 1357 1376 1466 1475 1450 1506 1374 1427 1367 1387 1452 1486 1349 1360 1413 1464 1390 1463 1344 1396 1429 1441 1396 1454 1471 1497 1356 1388 1456 1457 1421 1455 1567 1350 1458 1465 1413 1416 1436 1465 1393 1399 1439 1444 1437 1368 1422 1475 1506 1438 1516 1469 1457 1504 1358 1466 1538 1467 1538 1369 1470 1464 1474 1370 1412 1420 1429 1479 1505 1492 1503 1519 1449 1480 1394 1428 1410 1481 1387 1401 1424 1385 1422 1549 1551 1453 1470 1499 1546 1412 1444 1484 1515 1483 1498 1395 1410 1408 1547 1375 1427 1459 1390 1400 1459 1414 1466 1562 1563 1446 1439 1527 1576 1423 1395 1502 1534 1561 1452 1381 1386 1486 1398 1492 1503 1386 1452 1397 1391 1432 1398 1519 1414 1431 1531 1564 1402 1500 1549 1426 1424 1486 1568 1393 1456 1468 1419 1450 1524 1569 1400 1463 1425 1432 1455 1460 1399 1468 1423 1428 1490 1502 1445 1522 1534 1441 1454 1520 1521 1432 1497 1535 1543 1503 1519 1439 1468 1493 1545 1459 1463 1507 1532 1425 1424 1403 1500 1508 1404 1508 1509 1405 1509 1510 1406 1510 1511 1407 1511 1512 1408 1512 1513 1513 1547 1422 1462 1496 1540 1481 1547 1440 1480 1570 1572 1515 1491 1523 1416 1464 1518 1560 1563 1564 1417 1476 1485 1489 1433 1518 1530 1440 1485 1573 1461 1434 1517 1558 1473 1524 1595 1429 1441 1488 1492 1505 1541 1567 1540 1551 1502 1425 1501 1568 1432 1501 1477 1528 1459 1451 1490 1494 1441 1443 1476 1487 1557 1470 1531 1539 1543 1501 1434 1530 1533 1517 1533 1472 1474 1514 1566 1486 1465 1529 1568 1447 1526 1444 1484 1451 1516 1493 1527 1572 1573 1488 1521 1461 1460 1525 1553 1541 1557 1613 1484 1483 1522 1608 1447 1576 1526 1576 1454 1491 1548 1458 1480 1554 1571 1569 1506 1477 1582 1494 1516 1536 1486 1472 1546 1565 1520 1548 1460 1525 1567 1607 1457 1468 1495 1559 1495 1504 1536 1465 1554 1552 1507 1528 1542 1525 1553 1558 1478 1496 1556 1471 1532 1560 1474 1593 1529 1552 1538 1562 1578 1481 1538 1550 1555 1545 1559 1504 1499 1539 1497 1532 1537 1514 1565 1498 1595 1608 1566 1593 1506 1487 1489 1506 1528 1582 1482 1556 1594 1482 1505 1544 1570 1571 1555 1547 1544 1594 1498 1608 1515 1526 1596 1599 1489 1573 1617 1623 1568 1489 1557 1614 1641 1505 1521 1544 1600 1614 1617 1494 1502 1574 1575 1523 1548 1503 1505 1527 1545 1598 1634 1536 1574 1611 1536 1559 1579 1630 1540 1556 1621 1643 1535 1537 1608 1539 1546 1619 1642 1508 1549 1577 1585 1543 1568 1529 1584 1561 1575 1519 1516 1536 1544 1532 1542 1602 1604 1509 1585 1586 1510 1586 1587 1511 1587 1588 1512 1588 1589 1513 1589 1590 1547 1555 1590 1565 1566 1633 1636 1523 1592 1599 1536 1558 1533 1606 1629 1530 1560 1581 1620 1521 1548 1580 1627 1600 1627 1534 1591 1608 1624 1548 1580 1592 1569 1595 1601 1610 1553 1607 1638 1596 1576 1635 1576 1598 1615 1542 1582 1583 1552 1584 1568 1533 1581 1605 1539 1564 1622 1640 1537 1604 1605 1606 1561 1591 1631 1537 1543 1645 1649 1579 1611 1604 1649 1550 1578 1640 1642 1551 1621 1647 1567 1613 1583 1602 1626 1645 1584 1594 1600 1663 1559 1634 1668 1565 1619 1655 1555 1580 1551 1577 1618 1555 1578 1603 1616 1618 1647 1584 1554 1597 1628 1558 1638 1653 1571 1597 1625 1590 1603 1594 1643 1664 1613 1641 1674 1629 1653 1630 1668 1593 1620 1682 1575 1631 1648 1563 1578 1632 1639 1564 1632 1667 1622 1667 1633 1655 1593 1636 1696 1613 1607 1582 1609 1610 1571 1572 1612 1637 1612 1625 1573 1637 1651 1623 1651 1611 1575 1669 1695 1648 1669 1615 1635 1585 1618 1656 1691 1616 1639 1611 1630 1694 1705 1627 1592 1671 1605 1620 1646 1676 1583 1609 1609 1626 1644 1628 1645 1586 1656 1657 1587 1657 1658 1588 1658 1659 1589 1659 1660 1590 1660 1661 1603 1661 1624 1631 1662 1698 1599 1671 1703 1682 1696 1663 1664 1601 1624 1608 1599 1635 1654 1690 1628 1625 1670 1615 1634 1693 1690 1703 1627 1663 1665 1610 1624 1678 1707 1604 1626 1666 1687 1616 1661 1677 1649 1687 1606 1646 1672 1629 1672 1692 1638 1652 1613 1624 1610 1644 1680 1678 1680 1695 1705 1625 1637 1650 1704 1674 1652 1617 1641 1673 1706 1635 1686 1693 1639 1677 1733 1623 1673 1681 1647 1691 1719 1642 1655 1702 1725 1676 1682 1738 1643 1647 1675 1683 1640 1667 1699 1700 1651 1681 1745 1662 1707 1650 1670 1666 1644 1689 1665 1671 1645 1670 1718 1713 1653 1692 1714 1668 1694 1743 1648 1698 1712 1639 1667 1679 1684 1636 1655 1688 1701 1668 1693 1756 1654 1686 1696 1701 1758 1651 1704 1746 1652 1653 1685 1684 1733 1642 1699 1708 1674 1706 1726 1702 1708 1664 1683 1710 1680 1689 1709 1649 1713 1672 1676 1728 1757 1675 1719 1669 1712 1727 1687 1713 1670 1704 1729 1760 1745 1746 1685 1674 1726 1685 1714 1686 1690 1715 1740 1688 1725 1657 1691 1716 1747 1658 1716 1720 1659 1720 1721 1660 1721 1722 1661 1722 1723 1677 1723 1698 1707 1711 1664 1665 1697 1697 1710 1697 1671 1689 1687 1717 1731 1679 1700 1743 1756 1695 1727 1732 1718 1729 1703 1730 1697 1692 1728 1751 1681 1706 1749 1759 1726 1683 1719 1752 1764 1738 1757 1800 1723 1733 1804 1707 1680 1735 1754 1684 1700 1724 1739 1709 1735 1745 1759 1789 1696 1738 1774 1710 1764 1792 1733 1739 1784 1714 1726 1741 1693 1715 1742 1713 1731 1701 1725 1737 1755 1717 1709 1750 1703 1740 1753 1719 1747 1778 1714 1751 1770 1742 1756 1705 1743 1762 1763 1705 1732 1748 1758 1774 1710 1730 1712 1711 1766 1700 1708 1734 1761 1724 1734 1755 1758 1801 1708 1725 1736 1744 1730 1753 1746 1760 1803 1748 1762 1749 1726 1772 1711 1754 1744 1761 1750 1735 1768 1730 1792 1786 1754 1766 1781 1727 1765 1766 1731 1718 1741 1770 1740 1742 1767 1791 1720 1747 1773 1794 1731 1750 1780 1718 1729 1780 1731 1752 1778 1721 1773 1775 1722 1775 1776 1723 1776 1804 1804 1734 1739 1783 1799 1736 1737 1741 1772 1732 1765 1771 1751 1757 1787 1807 1760 1780 1753 1786 1748 1771 1788 1784 1804 1761 1783 1805 1754 1768 1782 1737 1744 1777 1797 1755 1777 1798 1774 1800 1837 1784 1799 1817 1753 1791 1808 1770 1772 1790 1756 1767 1779 1756 1763 1779 1761 1797 1822 1746 1789 1813 1803 1813 1778 1794 1818 1762 1769 1788 1759 1772 1793 1802 1768 1780 1785 1811 1770 1787 1824 1764 1778 1795 1796 1786 1808 1781 1782 1798 1801 1840 1779 1800 1807 1844 1774 1801 1832 1789 1802 1780 1803 1812 1805 1822 1763 1769 1806 1779 1806 1820 1792 1795 1816 1766 1771 1814 1825 1781 1821 1825 1779 1791 1809 1829 1782 1811 1826 1788 1806 1810 1843 1790 1824 1788 1814 1819 1790 1793 1775 1794 1815 1835 1832 1837 1776 1815 1817 1804 1817 1784 1797 1798 1839 1845 1796 1818 1809 1820 1785 1812 1782 1821 1827 1826 1827 1858 1799 1805 1828 1836 1804 1817 1811 1823 1812 1808 1792 1816 1807 1824 1830 1841 1810 1819 1813 1802 1849 1793 1824 1834 1808 1829 1848 1816 1802 1834 1842 1818 1835 1867 1796 1816 1833 1838 1818 1838 1868 1822 1845 1866 1839 1840 1855 1836 1817 1850 1837 1844 1879 1832 1840 1864 1842 1849 1861 1812 1813 1852 1822 1828 1854 1820 1843 1878 1830 1844 1847 1816 1848 1833 1820 1829 1846 1856 1819 1843 1876 1877 1823 1826 1831 1823 1853 1852 1852 1849 1819 1825 1859 1873 1817 1835 1850 1870 1833 1850 1867 1868 1873 1876 1856 1878 1825 1827 1851 1854 1866 1831 1853 1863 1834 1841 1859 1851 1831 1858 1880 1851 1858 1875 1836 1854 1857 1872 1846 1848 1860 1841 1847 1874 1863 1880 1894 1837 1864 1886 1838 1848 1869 1841 1842 1862 1867 1870 1897 1857 1850 1884 1879 1886 1868 1869 1895 1845 1855 1865 1871 1864 1855 1896 1862 1874 1861 1862 1902 1877 1878 1906 1847 1879 1883 1865 1866 1885 1856 1860 1881 1893 1874 1883 1899 1860 1869 1861 1852 1882 1870 1884 1875 1859 1887 1889 1853 1882 1863 1882 1872 1866 1905 1871 1892 1896 1878 1893 1915 1872 1884 1891 1901 1875 1880 1873 1888 1889 1881 1869 1914 1882 1902 1910 1874 1902 1919 1882 1894 1910 1886 1896 1911 1871 1885 1898 1900 1885 1905 1868 1897 1922 1895 1922 1895 1914 1884 1897 1909 1892 1900 1917 1901 1905 1936 1876 1888 1890 1899 1919 1880 1887 1903 1877 1890 1904 1904 1906 1925 1906 1915 1883 1886 1913 1903 1894 1929 1893 1908 1914 1918 1910 1899 1913 1921 1891 1909 1898 1905 1916 1913 1911 1889 1903 1920 1930 1889 1890 1912 1927 1927 1930 1904 1912 1928 1901 1909 1924 1932 1896 1907 1917 1923 1908 1915 1926 1910 1929 1935 1914 1918 1922 1907 1911 1922 1909 1900 1916 1931 1937 1919 1921 1934 1917 1931 1939 1932 1936 1910 1919 1935 1920 1933 1929 1945 1925 1928 1916 1936 1925 1940 1915 1923 1946 1938 1911 1924 1932 1926 1918 1922 1924 1935 1913 1938 1927 1943 1939 1928 1921 1938 1918 1926 1940 1947 1936 1937 1923 1943 1939 1922 1924 1934 1935 1930 1942 1933 1941 1948 1938 1934 1924 1949 1946 1943 1932 1940 1945 1940 1947 1932 1930 1949 1943 1945 1931 1939 1935 1944 1933 1942 1949 1937 1945 1939 1936 1947 1941 1942 1944 1944 1941 1935 1944 1947 1945 1947 1946 1948 1943 1947 1945 1942 1948 1944 1948 1946 1949 1949 1947 1948 1949 
2 0 3 0 4 0 0 4 2 1 1 4 3 4 4 4 0 2 0 0 0 2 2 0 0 0 2 0 2 0 0 0 2 0 2 0 0 0 2 0 2 0 0 0 2 0 2 0 0 0 2 0 2 0 0 0 2 0 2 0 0 0 2 0 2 0 0 0 2 0 0 0 3 0 0 0 3 0 0 3 0 3 0 0 0 3 0 3 0 0 0 3 0 3 0 0 0 3 0 3 0 0 0 3 0 3 0 0 0 3 0 3 0 0 0 3 0 3 0 0 0 3 0 3 0 0 0 3 0 3 0 0 0 3 0 3 0 0 0 3 0 3 0 0 0 3 0 3 0 0 0 3 0 3 0 0 0 3 0 3 0 0 0 3 0 3 0 0 0 3 0 3 0 0 0 3 0 3 0 0 0 3 0 3 0 0 0 3 0 3 0 0 0 3 0 3 0 0 0 3 0 3 0 0 0 3 0 3 0 0 0 3 0 3 0 0 0 3 0 3 0 0 0 3 0 3 0 0 0 3 0 3 0 0 0 3 0 3 0 0 0 3 0 3 0 0 0 3 0 3 0 0 0 3 0 3 0 0 0 3 0 3 0 0 0 3 0 3 0 0 0 3 0 3 0 0 0 3 0 3 0 0 0 3 0 3 0 0 0 3 0 3 0 0 0 3 0 3 0 0 0 3 0 3 0 0 0 3 0 3 0 0 0 3 0 3 0 0 0 3 0 3 0 0 0 3 0 3 0 0 0 3 0 3 0 0 0 3 0 3 0 0 0 3 0 3 0 0 0 3 0 3 0 0 0 3 0 3 0 0 0 3 0 3 0 0 0 3 0 3 0 0 0 3 0 3 0 0 0 3 0 3 0 0 0 3 0 3 0 0 0 3 0 3 0 0 0 3 0 3 0 0 0 3 0 3 0 0 0 3 0 3 0 0 0 3 0 3 0 0 0 3 0 3 0 0 0 3 0 3 0 0 0 3 0 3 0 0 0 3 0 3 0 0 0 3 0 3 0 0 0 3 0 3 0 0 0 0 0 1 0 0 0 1 1 0 0 0 0 1 1 0 0 0 1 0 1 0 0 0 1 0 1 0 0 0 1 0 1 0 0 0 1 0 1 0 0 0 1 0 1 0 0 0 1 0 1 0 0 0 1 0 1 0 0 0 1 0 1 0 0 0 1 0 0 0 0 4 0 0 4 0 4 0 0 0 4 0 4 0 0 0 4 0 0 0 0 0 0 0 0 0 0 0 0 0 0 0 0 0 0 0 0 0 0 0 0 0 0 0 0 0 0 0 0 0 0 0 0 0 0 0 0 0 0 0 0 0 0 0 0 0 0 0 0 0 0 0 0 0 0 0 0 0 0 0 0 0 0 0 0 0 0 0 0 0 0 0 0 0 0 0 0 0 0 0 0 0 0 0 0 0 0 0 0 0 0 0 0 0 0 0 0 0 0 0 0 0 0 0 0 0 0 0 0 0 0 0 0 0 0 0 0 0 0 0 0 0 0 0 0 0 0 0 0 0 0 0 0 0 0 0 0 0 0 4 0 0 0 0 4 4 0 0 0 4 0 4 0 0 0 0 4 4 0 0 0 4 0 4 0 0 0 4 0 4 0 0 0 4 0 4 0 0 0 4 0 4 0 0 0 4 0 4 0 0 0 4 0 4 0 0 0 4 0 4 0 0 0 4 0 4 0 0 0 4 0 4 0 0 0 4 0 4 0 0 0 4 0 4 0 0 0 4 0 4 0 0 0 4 0 4 0 0 0 4 0 0 0 0 4 0 4 0 0 0 4 0 4 0 0 0 4 0 4 0 0 0 4 0 4 0 0 0 4 0 4 0 0 0 4 0 4 0 0 0 4 0 4 0 0 0 4 0 4 0 0 0 4 0 4 0 0 0 4 0 4 0 0 0 4 0 4 0 0 0 4 0 4 0 0 0 0 0 0 0 0 0 0 0 0 0 0 0 0 0 0 0 0 0 0 0 0 0 0 0 0 0 0 0 0 0 0 0 0 0 0 0 0 0 0 0 0 0 0 0 0 0 0 0 0 0 0 0 0 0 0 0 0 0 0 0 0 0 0 0 0 0 0 0 0 0 0 0 0 0 0 0 0 0 0 0 0 0 0 0 0 0 0 0 0 0 0 0 0 0 0 0 0 0 0 0 0 0 0 0 0 0 0 0 0 0 0 0 0 0 0 0 0 0 0 0 0 0 0 0 0 0 0 0 0 0 0 0 0 0 0 0 0 0 0 0 0 0 0 0 0 0 0 0 0 0 0 0 0 0 0 0 0 0 0 0 0 0 0 0 0 0 0 0 0 0 0 0 0 0 0 0 0 0 0 0 0 0 0 0 0 0 0 0 0 0 0 0 0 0 0 0 0 0 0 0 0 0 0 0 0 0 0 0 0 0 0 0 0 0 0 0 0 0 0 0 0 0 0 0 0 0 0 0 0 0 0 0 0 0 0 0 0 0 0 0 0 0 0 0 0 0 0 0 0 0 0 0 0 0 0 0 0 0 0 0 0 0 0 0 0 0 0 0 0 0 0 0 0 0 0 0 0 0 0 0 0 0 0 0 0 0 0 0 0 0 0 0 0 0 0 0 0 0 0 0 0 0 0 0 0 0 0 0 0 0 0 0 0 0 0 0 0 0 0 0 0 0 0 0 0 0 0 0 0 0 0 0 0 0 0 0 0 0 0 0 0 0 0 0 0 0 0 0 0 0 0 0 0 0 0 0 0 0 0 0 0 0 0 0 0 0 0 0 0 0 0 0 0 0 0 0 0 0 0 0 0 0 0 0 0 0 0 0 0 0 0 0 0 0 0 0 0 0 0 0 0 0 0 0 0 0 0 0 0 0 0 0 0 0 0 0 0 0 0 0 0 0 0 0 0 0 0 0 0 0 0 0 0 0 0 0 0 0 0 0 0 0 0 0 0 0 0 0 0 0 0 0 0 0 0 0 0 0 0 0 0 0 0 0 0 0 0 0 0 0 0 0 0 0 0 0 0 0 0 0 0 0 0 0 0 0 0 0 0 0 0 0 0 0 0 0 0 0 0 0 0 0 0 0 0 0 0 0 0 0 0 0 0 0 0 0 0 0 0 0 0 0 0 0 0 0 0 0 0 0 0 0 0 0 0 0 0 0 0 0 0 0 0 0 0 0 0 0 0 0 0 0 0 0 0 0 0 0 0 0 0 0 0 0 0 0 0 0 0 0 0 0 0 0 0 0 0 0 0 0 0 0 0 0 0 0 0 0 0 0 0 0 0 0 0 0 0 0 0 0 0 0 0 0 0 0 0 0 0 0 0 0 0 0 0 0 0 0 0 0 0 0 0 0 0 0 0 0 0 0 0 0 0 0 0 0 0 0 0 0 0 0 0 0 0 0 0 0 0 0 0 0 0 0 0 0 0 0 0 0 0 0 0 0 0 0 0 0 0 0 0 0 0 0 0 0 0 0 0 0 0 0 0 0 0 0 0 0 0 0 0 0 0 0 0 0 0 0 0 0 0 0 0 0 0 0 0 0 0 0 0 0 0 0 0 0 0 0 0 0 0 0 0 0 0 0 0 0 0 0 0 0 0 0 0 0 0 0 0 0 0 0 0 0 0 0 0 0 0 0 0 0 0 0 0 0 0 0 0 0 0 0 0 0 0 0 0 0 0 0 0 0 0 0 0 0 0 0 0 0 0 0 0 0 0 0 0 0 0 0 0 0 0 0 0 0 0 0 0 0 0 0 0 0 0 0 0 0 0 0 0 0 0 0 0 0 0 0 0 0 0 0 0 0 0 0 0 0 0 0 0 0 0 0 0 0 0 0 0 0 0 0 0 0 0 0 0 0 0 0 0 0 0 0 0 0 0 0 0 0 0 0 0 0 0 0 0 0 0 0 0 0 0 0 0 0 0 0 0 0 0 0 0 0 0 0 0 0 0 0 0 0 0 0 0 0 0 0 0 0 0 0 0 0 0 0 0 0 0 0 0 0 0 0 0 0 0 0 0 0 0 0 0 0 0 0 0 0 0 0 0 0 0 0 0 0 0 0 0 0 0 0 0 0 0 0 0 0 0 0 0 0 0 0 0 0 0 0 0 0 0 0 0 0 0 0 0 0 0 0 0 0 0 0 0 0 0 0 0 0 0 0 0 0 0 0 0 0 0 0 0 0 0 0 0 0 0 0 0 0 0 0 0 0 0 0 0 0 0 0 0 0 0 0 0 0 0 0 0 0 0 0 0 0 0 0 0 0 0 0 0 0 0 0 0 0 0 0 0 0 0 0 0 0 0 0 0 0 0 0 0 0 0 0 0 0 0 0 0 0 0 0 0 0 0 0 0 0 0 0 0 0 0 0 0 0 0 0 0 0 0 0 0 0 0 0 0 0 0 0 0 0 0 0 0 0 0 0 0 0 0 0 0 0 0 0 0 0 0 0 0 0 0 0 0 0 0 0 0 0 0 0 0 0 0 0 0 0 0 0 0 0 0 0 0 0 0 0 0 0 0 0 0 0 0 0 0 0 0 0 0 0 0 0 0 0 0 0 0 0 0 0 0 0 0 0 0 0 0 0 0 0 0 0 0 0 0 0 0 0 0 0 0 0 0 0 0 0 0 0 0 0 0 0 0 0 0 0 0 0 0 0 0 0 0 0 0 0 0 0 0 0 0 0 0 0 0 0 0 0 0 0 0 0 0 0 0 0 0 0 0 0 0 0 0 0 0 0 0 0 0 0 0 0 0 0 0 0 0 0 0 0 0 0 0 0 0 0 0 0 0 0 0 0 0 0 0 0 0 0 0 0 0 0 0 0 0 0 0 0 0 0 0 0 0 0 0 0 0 0 0 0 0 0 0 0 0 0 0 0 0 0 0 0 0 0 0 0 0 0 0 0 0 0 0 0 0 0 0 0 0 0 0 0 0 0 0 0 0 0 0 0 0 0 0 0 0 0 0 0 0 0 0 0 0 0 0 0 0 0 0 0 0 0 0 0 0 0 0 0 0 0 0 0 0 0 0 0 0 0 0 0 0 0 0 0 0 0 0 0 0 0 0 0 0 0 0 0 0 0 0 0 0 0 0 0 0 0 0 0 0 0 0 0 0 0 0 0 0 0 0 0 0 0 0 0 0 0 0 0 0 0 0 0 0 0 0 0 0 0 0 0 0 0 0 0 0 0 0 0 0 0 0 0 0 0 0 0 0 0 0 0 0 0 0 0 0 0 0 0 0 0 0 0 0 0 0 0 0 0 0 0 0 0 0 0 0 0 0 0 0 0 0 0 0 0 0 0 0 0 0 0 0 0 0 0 0 0 0 0 0 0 0 0 0 0 0 0 0 0 0 0 0 0 0 0 0 0 0 0 0 0 0 0 0 0 0 0 0 0 0 0 0 0 0 0 0 0 0 0 0 0 0 0 0 0 0 0 0 0 0 0 0 0 0 0 0 0 0 0 0 0 0 0 0 0 0 0 0 0 0 0 0 0 0 0 0 0 0 0 0 0 0 0 0 0 0 0 0 0 0 0 0 0 0 0 0 0 0 0 0 0 0 0 0 0 0 0 0 0 0 0 0 0 0 0 0 0 0 0 0 0 0 0 0 0 0 0 0 0 0 0 0 0 0 0 0 0 0 0 0 0 0 0 0 0 0 0 0 0 0 0 0 0 0 0 0 0 0 0 0 0 0 0 0 0 0 0 0 0 0 0 0 0 0 0 0 0 0 0 0 0 0 0 0 0 0 0 0 0 0 0 0 0 0 0 0 0 0 0 0 0 0 0 0 0 0 0 0 0 0 0 0 0 0 0 0 0 0 0 0 0 0 0 0 0 0 0 0 0 0 0 0 0 0 0 0 0 0 0 0 0 0 0 0 0 0 0 0 0 0 0 0 0 0 0 0 0 0 0 0 0 0 0 0 0 0 0 0 0 0 0 0 0 0 0 0 0 0 0 0 0 0 0 0 0 0 0 0 0 0 0 0 0 0 0 0 0 0 0 0 0 0 0 0 0 0 0 0 0 0 0 0 0 0 0 0 0 0 0 0 0 0 0 0 0 0 0 0 0 0 0 0 0 0 0 0 0 0 0 0 0 0 0 0 0 0 0 0 0 0 0 0 0 0 0 0 0 0 0 0 0 0 0 0 0 0 0 0 0 0 0 0 0 0 0 0 0 0 0 0 0 0 0 0 0 0 0 0 0 0 0 0 0 0 0 0 0 0 0 0 0 0 0 0 0 0 0 0 0 0 0 0 0 0 0 0 0 0 0 0 0 0 0 0 0 0 0 0 0 0 0 0 0 0 0 0 0 0 0 0 0 0 0 0 0 0 0 0 0 0 0 0 0 0 0 0 0 0 0 0 0 0 0 0 0 0 0 0 0 0 0 0 0 0 0 0 0 0 0 0 0 0 0 0 0 0 0 0 0 0 0 0 0 0 0 0 0 0 0 0 0 0 0 0 0 0 0 0 0 0 0 0 0 0 0 0 0 0 0 0 0 0 0 0 0 0 0 0 0 0 0 0 0 0 0 0 0 0 0 0 0 0 0 0 0 0 0 0 0 0 0 0 0 0 0 0 0 0 0 0 0 0 0 0 0 0 0 0 0 0 0 0 0 0 0 0 0 0 0 0 0 0 0 0 0 0 0 0 0 0 0 0 0 0 0 0 0 0 0 0 0 0 0 0 0 0 0 0 0 0 0 0 0 0 0 0 0 0 0 0 0 0 0 0 0 0 0 0 0 0 0 0 0 0 0 0 0 0 0 0 0 0 0 0 0 0 0 0 0 0 0 0 0 0 0 0 0 0 0 0 0 0 0 0 0 0 0 0 0 0 0 0 0 0 0 0 0 0 0 0 0 0 0 0 0 0 0 0 0 0 0 0 0 0 0 0 0 0 0 0 0 0 0 0 0 0 0 0 0 0 0 0 0 0 0 0 0 0 0 0 0 0 0 0 0 0 0 0 0 0 0 0 0 0 0 0 0 0 0 0 0 0 0 0 0 0 0 0 0 0 0 0 0 0 0 0 0 0 0 0 0 0 0 0 0 0 0 0 0 0 0 0 0 0 0 0 0 0 0 0 0 0 0 0 0 0 0 0 0 0 0 0 0 0 0 0 0 0 0 0 0 0 0 0 0 0 0 0 0 0 0 0 0 0 0 0 0 0 0 0 0 0 0 0 0 0 0 0 0 0 0 0 0 0 0 0 0 0 0 0 0 0 0 0 0 0 0 0 0 0 0 0 0 0 0 0 0 0 0 0 0 0 0 0 0 0 0 0 0 0 0 0 0 0 0 0 0 0 0 0 0 0 0 0 0 0 0 0 0 0 0 0 0 0 0 0 0 0 0 0 0 0 0 0 0 0 0 0 0 0 0 0 0 0 0 0 0 0 0 0 0 0 0 0 0 0 0 0 0 0 0 0 0 0 0 0 0 0 0 0 0 0 0 0 0 0 0 0 0 0 0 0 0 0 0 0 0 0 0 0 0 0 0 0 0 0 0 0 0 0 0 0 0 0 0 0 0 0 0 0 0 0 0 0 0 0 0 0 0 0 0 0 0 0 0 0 0 0 0 0 0 0 0 0 0 0 0 0 0 0 0 0 0 0 0 0 0 0 0 0 0 0 0 0 0 0 0 0 0 0 0 0 0 0 0 0 0 0 0 0 0 0 0 0 0 0 0 0 0 0 0 0 0 0 0 0 0 0 0 0 0 0 0 0 0 0 0 0 0 0 0 0 0 0 0 0 0 0 0 0 0 0 0 0 0 0 0 0 0 0 0 0 0 0 0 0 0 0 0 0 0 0 0 0 0 0 0 0 0 0 0 0 0 0 0 0 0 0 0 0 0 0 0 0 0 0 0 0 0 0 0 0 0 0 0 0 0 0 0 0 0 0 0 0 0 0 0 0 0 0 0 0 0 0 0 0 0 0 0 0 0 0 0 0 0 0 0 0 0 0 0 0 0 0 0 0 0 0 0 0 0 0 0 0 0 0 0 0 0 0 0 0 0 0 0 0 0 0 0 0 0 0 0 0 0 0 0 0 0 0 0 0 0 0 0 0 0 0 0 0 0 0 0 0 0 0 0 0 0 0 0 0 0 0 0 0 0 0 0 0 0 0 0 0 0 0 0 0 0 0 0 0 0 0 0 0 0 0 0 0 0 0 0 0 0 0 0 0 0 0 0 0 0 0 0 0 0 0 0 0 0 0 0 0 0 0 0 0 0 0 0 0 0 0 0 0 0 0 0 0 0 0 0 0 0 0 0 0 0 0 0 0 0 0 0 0 0 0 0 0 0 0 0 0 0 0 0 0 0 0 0 0 0 0 0 0 0 0 0 0 0 0 0 0 0 0 0 0 0 0 0 0 0 0 0 0 0 0 0 0 0 0 0 0 0 0 0 0 0 0 0 0 0 0 0 0 0 0 0 0 0 0 0 0 0 0 0 0 0 0 0 0 0 0 0 0 0 0 0 0 0 0 0 0 0 0 0 0 0 0 0 0 0 0 0 0 0 0 0 0 0 0 0 0 0 0 0 0 0 0 0 0 0 0 0 0 0 0 0 0 0 0 0 0 0 0 0 0 0 0 0 0 0 0 0 0 0 0 0 0 0 0 0 0 0 0 0 0 0 0 0 0 0 0 0 0 0 0 0 0 0 0 0 0 0 0 0 0 0 0 0 0 0 0 0 0 0 0 0 0 0 0 0 0 0 0 0 0 0 0 0 0 0 0 0 0 0 0 0 0 0 0 0 0 0 0 0 0 0 0 0 0 0 0 0 0 0 0 0 0 0 0 0 0 0 0 0 0 0 0 0 0 0 0 0 0 0 0 0 0 0 0 0 0 0 0 0 0 0 0 0 0 0 0 0 0 0 0 0 0 0 0 0 0 0 0 0 0 0 0 0 0 0 0 0 0 0 0 0 0 0 0 0 0 0 0 0 0 0 0 0 0 0 0 0 0 0 0 0 0 0 0 0 0 0 0 0 0 0 0 0 0 0 0 0 0 0 0 0 0 0 0 0 0 0 0 0 0 0 0 0 0 0 0 0 0 0 0 0 0 0 0 0 0 0 0 0 0 0 0 0 0 0 0 0 0 0 0 0 0 0 0 0 0 0 0 0 0 0 0 0 0 0 0 0 0 0 0 0 0 0 0 0 0 0 0 0 0 0 0 0 0 0 0 0 0 0 0 0 0 0 0 0 0 0 0 0 0 0 0 0 0 0 0 0 0 0 0 0 0 0 0 0 0 0 0 0 0 0 0 0 0 0 0 0 0 0 0 0 0 0 0 0 0 0 0 0 0 0 0 0 0 0 0 0 0 0 0 0 0 0 0 0 0 0 0 0 0 0 0 0 0 0 0 0 0 0 0 0 0 0 0 0 0 0 0 0 0 0 0 0 0 0 0 0 0 0 0 0 0 0 0 0 0 0 0 0 0 0 0 0 0 0 0 0 0 0 0 0 0 0 0 0 0 0 0 0 0 0 0 0 0 0 0 0 0 0 0 0 0 0 0 0 0 0 0 0 0 0 0 0 0 0 0 0 0 0 0 0 0 0 0 0 0 0 0 0 0 0 0 0 0 0 0 0 0 0 0 0 0 0 0 0 0 0 0 0 0 0 0 0 0 0 0 0 0 0 0 0 0 0 0 0 0 0 0 0 0 0 0 0 0 0 0 0 0 0 0 0 0 0 0 0 0 0 0 0 0 0 0 0 0 0 0 0 0 0 0 0 0 0 0 0 0 0 0 0 0 0 0 0 0 0 0 0 0 0 0 0 0 0 0 0 0 0 0 0 0 0 0 0 0 0 0 0 0 0 0 0 0 0 0 0 0 0 0 0 0 0 0 0 0 0 0 0 0 0 0 0 0 0 0 0 0 0 0 0 0 0 0 0 0 0 0 0 0 0 0 0 0 0 0 0 0 0 0 0 0 0 0 0 0 0 0 0 0 0 0 0 0 0 0 0 0 0 0 0 0 0 0 0 0 0 0 0 0 0 0 0 0 0 0 0 0 0 0 0 0 0 0 0 0 0 0 0 0 0 0 0 0 0 0 0 0 0 0 0 0 0 0 0 0 0 0 0 0 0 0 0 0 0 0 0 0 0 0 0 0 0 0 0 0 0 0 0 0 0 0 0 0 0 0 0 0 0 0 0 0 0 0 0 0 0 0 0 0 0 0 0 0 0 0 0 0 0 0 0 0 0 0 0 0 0 0 0 0 0 0 0 0 0 0 0 0 0 0 0 0 0 0 0 0 0 0 0 0 0 0 0 0 0 0 0 0 0 0 0 0 0 0 0 0 0 0 0 0 0 0 0 0 0 0 0 0 0 0 0 0 0 0 0 0 0 0 0 0 0 0 0 0 0 0 0 0 0 0 0 0 0 0 0 0 0 0 0 0 0 0 0 0 0 0 0 0 0 0 0 0 0 0 0 0 0 0 0 0 0 0 0 0 0 0 0 0 0 0 0 0 0 0 0 0 0 0 0 0 0 0 0 0 0 0 0 0 0 0 0 0 0 0 0 0 0 0 0 0 0 0 0 0 0 0 0 0 0 0 0 0 0 0 0 0 0 0 0 0 0 0 0 0 0 0 0 0 0 0 0 0 0 0 0 0 0 0 0 0 0 0 0 0 0 0 0 0 0 0 0 0 0 0 0 0 0 0 0 0 0 0 0 0 0 0 0 0 0 0 0 0 0 0 0 0 0 0 0 0 0 0 0 0 0 0 0 0 0 0 0 0 0 0 0 0 0 0 0 0 0 0 0 0 0 0 0 0 0 0 0 0 0 0 0 0 0 0 0 0 0 0 0 0 0 0 0 0 0 0 0 0 0 0 0 0 0 0 0 0 0 0 0 0 0 0 0 0 0 0 0 0 0 0 0 0 0 0 0 0 0 0 0 0 0 0 0 0 0 0 0 0 0 0 0 0 0 0 0 0 0 0 0 0 0 0 0 0 0 0 0 0 0 0 0 0 0 0 0 0 0 0 0 0 0 0 0 0 0 0 0 0 0 0 0 0 0 0 0 0 0 0 0 0 0 0 0 0 0 0 0 0 0 0 0 0 0 0 0 0 0 0 0 0 0 0 0 0 0 0 0 0 0 0 0 0 0 0 0 0 0 0 0 0 0 0 0 0 0 0 0 0 0 0 0 0 0 0 0 0 0 0 0 0 0 0 0 0 0 0 0 0 0 0 0 0 0 0 0 0 0 0 0 0 0 0 0 0 0 0 0 0 0 0 0 0 0 0 0 0 0 0 0 0 0 0 0 0 0 0 0 0 0 0 0 0 0 0 0 0 0 0 0 0 0 0 0 0 0 0 0 0 0 0 0 0 0 0 0 0 0 0 0 0 0 0 0 0 0 0 0 0 0 0 0 0 0 0 0 0 0 0 0 0 0 0 0 0 0 0 0 0 0 0 0 0 0 0 0 0 0 0 0 0 0 0 0 0 0 0 0 0 0 0 0 0 0 0 0 0 0 0 0 0 0 0 0 0 0 0 0 0 0 0 0 0 0 0 0 0 0 0 0 0 0 0 0 0 0 0 0 0 0 0 0 0 0 0 0 0 0 0 0 0 0 0 0 0 0 0 0 0 0 0 0 0 0 0 0 0 0 0 0 0 0 0 0 0 0 0 0 0 0 0 0 0 0 0 0 0 0 0 0 0 0 0 0 0 0 0 0 0 0 0 0 0 0 0 0 0 0 0 0 0 0 0 0 0 0 0 0 0 0 0 0 0 0 0 0 0 0 0 0 0 0 0 0 0 0 0 0 0 0 0 0 0 0 0 0 0 0 0 0 0 0 0 0 0 0 0 0 0 0 0 0 0 0 0 0 0 0 0 0 0 0 0 0 0 0 0 0 0 0 0 0 0 0 0 0 0 0 0 0 0 0 0 0 0 0 0 0 0 0 0 0 0 0 0 0 0 0 0 0 0 0 0 0 0 0 0 0 0 0 0 0 0 0 0 0 0 0 0 0 0 0 0 0 0 0 0 0 0 0 0 0 0 0 0 0 0 0 0 0 0 0 0 0 0 0 0 0 0 0 0 0 0 0 0 0 0 0 0 0 0 0 0 0 0 0 0 0 0 0 0 0 0 0 0 0 0 0 0 0 0 0 0 0 0 0 0 0 0 0 0 0 0 0 0 0 0 0 0 0 0 0 0 0 0 0 0 0 0 0 0 0 0 0 0 0 0 0 0 0 0 0 0 0 0 0 0 0 0 0 0 0 0 0 0 0 0 0 0 0 0 0 0 0 0 0 0 0 0 0 0 0 0 0 0 0 0 0 0 0 0 0 0 0 0 0 0 0 0 0 0 0 0 0 0 0 0 0 0 0 0 0 0 0 0 0 0 0 0 0 0 0 0 0 0 0 0 0 0 0 0 0 0 0 0 0 0 0 0 0 0 0 0 0 0 0 0 0 0 0 0 0 0 0 0 0 0 0 0 0 0 0 0 0 0 0 0 0 0 0 0 0 0 0 0 0 0 0 0 0 0 0 0 0 0 0 0 0 0 0 0 0 0 0 0 0 0 0 0 0 0 0 0 0 0 0 0 0 0 0 0 0 0 0 0 0 0 0 0 0 0 0 0 0 0 0 0 0 0 0 0 
3 0 1 0 2 0 0 2 3 2 2 2 1 2 2 2 0 3 0 0 0 3 3 0 0 0 3 0 3 0 0 0 3 0 3 0 0 0 3 0 3 0 0 0 3 0 3 0 0 0 3 0 3 0 0 0 3 0 3 0 0 0 3 0 3 0 0 0 3 0 0 0 1 0 0 0 1 0 0 1 0 1 0 0 0 1 0 1 0 0 0 1 0 1 0 0 0 1 0 1 0 0 0 1 0 1 0 0 0 1 0 1 0 0 0 1 0 1 0 0 0 1 0 1 0 0 0 1 0 1 0 0 0 1 0 1 0 0 0 1 0 1 0 0 0 1 0 1 0 0 0 1 0 1 0 0 0 1 0 1 0 0 0 1 0 1 0 0 0 1 0 1 0 0 0 1 0 1 0 0 0 1 0 1 0 0 0 1 0 1 0 0 0 1 0 1 0 0 0 1 0 1 0 0 0 1 0 1 0 0 0 1 0 1 0 0 0 1 0 1 0 0 0 1 0 1 0 0 0 1 0 1 0 0 0 1 0 1 0 0 0 1 0 1 0 0 0 1 0 1 0 0 0 1 0 1 0 0 0 1 0 1 0 0 0 1 0 1 0 0 0 1 0 1 0 0 0 1 0 1 0 0 0 1 0 1 0 0 0 1 0 1 0 0 0 1 0 1 0 0 0 1 0 1 0 0 0 1 0 1 0 0 0 1 0 1 0 0 0 1 0 1 0 0 0 1 0 1 0 0 0 1 0 1 0 0 0 1 0 1 0 0 0 1 0 1 0 0 0 1 0 1 0 0 0 1 0 1 0 0 0 1 0 1 0 0 0 1 0 1 0 0 0 1 0 1 0 0 0 1 0 1 0 0 0 1 0 1 0 0 0 1 0 1 0 0 0 1 0 1 0 0 0 1 0 1 0 0 0 1 0 1 0 0 0 1 0 1 0 0 0 1 0 1 0 0 0 1 0 1 0 0 0 1 0 1 0 0 0 1 0 1 0 0 0 1 0 1 0 0 0 1 0 1 0 0 0 0 0 2 0 0 0 2 2 0 0 0 0 2 2 0 0 0 2 0 2 0 0 0 2 0 2 0 0 0 2 0 2 0 0 0 2 0 2 0 0 0 2 0 2 0 0 0 2 0 2 0 0 0 2 0 2 0 0 0 2 0 2 0 0 0 2 0 0 0 0 2 0 0 2 0 2 0 0 0 2 0 2 0 0 0 2 0 0 0 0 0 0 0 0 0 0 0 0 0 0 0 0 0 0 0 0 0 0 0 0 0 0 0 0 0 0 0 0 0 0 0 0 0 0 0 0 0 0 0 0 0 0 0 0 0 0 0 0 0 0 0 0 0 0 0 0 0 0 0 0 0 0 0 0 0 0 0 0 0 0 0 0 0 0 0 0 0 0 0 0 0 0 0 0 0 0 0 0 0 0 0 0 0 0 0 0 0 0 0 0 0 0 0 0 0 0 0 0 0 0 0 0 0 0 0 0 0 0 0 0 0 0 0 0 0 0 0 0 0 0 0 0 0 0 0 0 0 0 2 0 0 0 0 2 2 0 0 0 2 0 2 0 0 0 0 2 2 0 0 0 2 0 2 0 0 0 2 0 2 0 0 0 2 0 2 0 0 0 2 0 2 0 0 0 2 0 2 0 0 0 2 0 2 0 0 0 2 0 2 0 0 0 2 0 2 0 0 0 2 0 2 0 0 0 2 0 2 0 0 0 2 0 2 0 0 0 2 0 2 0 0 0 2 0 2 0 0 0 2 0 0 0 0 2 0 2 0 0 0 2 0 2 0 0 0 2 0 2 0 0 0 2 0 2 0 0 0 2 0 2 0 0 0 2 0 2 0 0 0 2 0 2 0 0 0 2 0 2 0 0 0 2 0 2 0 0 0 2 0 2 0 0 0 2 0 2 0 0 0 2 0 2 0 0 0 0 0 0 0 0 0 0 0 0 0 0 0 0 0 0 0 0 0 0 0 0 0 0 0 0 0 0 0 0 0 0 0 0 0 0 0 0 0 0 0 0 0 0 0 0 0 0 0 0 0 0 0 0 0 0 0 0 0 0 0 0 0 0 0 0 0 0 0 0 0 0 0 0 0 0 0 0 0 0 0 0 0 0 0 0 0 0 0 0 0 0 0 0 0 0 0 0 0 0 0 0 0 0 0 0 0 0 0 0 0 0 0 0 0 0 0 0 0 0 0 0 0 0 0 0 0 0 0 0 0 0 0 0 0 0 0 0 0 0 0 0 0 0 0 0 0 0 0 0 0 0 0 0 0 0 0 0 0 0 0 0 0 0 0 0 0 0 0 0 0 0 0 0 0 0 0 0 0 0 0 0 0 0 0 0 0 0 0 0 0 0 0 0 0 0 0 0 0 0 0 0 0 0 0 0 0 0 0 0 0 0 0 0 0 0 0 0 0 0 0 0 0 0 0 0 0 0 0 0 0 0 0 0 0 0 0 0 0 0 0 0 0 0 0 0 0 0 0 0 0 0 0 0 0 0 0 0 0 0 0 0 0 0 0 0 0 0 0 0 0 0 0 0 0 0 0 0 0 0 0 0 0 0 0 0 0 0 0 0 0 0 0 0 0 0 0 0 0 0 0 0 0 0 0 0 0 0 0 0 0 0 0 0 0 0 0 0 0 0 0 0 0 0 0 0 0 0 0 0 0 0 0 0 0 0 0 0 0 0 0 0 0 0 0 0 0 0 0 0 0 0 0 0 0 0 0 0 0 0 0 0 0 0 0 0 0 0 0 0 0 0 0 0 0 0 0 0 0 0 0 0 0 0 0 0 0 0 0 0 0 0 0 0 0 0 0 0 0 0 0 0 0 0 0 0 0 0 0 0 0 0 0 0 0 0 0 0 0 0 0 0 0 0 0 0 0 0 0 0 0 0 0 0 0 0 0 0 0 0 0 0 0 0 0 0 0 0 0 0 0 0 0 0 0 0 0 0 0 0 0 0 0 0 0 0 0 0 0 0 0 0 0 0 0 0 0 0 0 0 0 0 0 0 0 0 0 0 0 0 0 0 0 0 0 0 0 0 0 0 0 0 0 0 0 0 0 0 0 0 0 0 0 0 0 0 0 0 0 0 0 0 0 0 0 0 0 0 0 0 0 0 0 0 0 0 0 0 0 0 0 0 0 0 0 0 0 0 0 0 0 0 0 0 0 0 0 0 0 0 0 0 0 0 0 0 0 0 0 0 0 0 0 0 0 0 0 0 0 0 0 0 0 0 0 0 0 0 0 0 0 0 0 0 0 0 0 0 0 0 0 0 0 0 0 0 0 0 0 0 0 0 0 0 0 0 0 0 0 0 0 0 0 0 0 0 0 0 0 0 0 0 0 0 0 0 0 0 0 0 0 0 0 0 0 0 0 0 0 0 0 0 0 0 0 0 0 0 0 0 0 0 0 0 0 0 0 0 0 0 0 0 0 0 0 0 0 0 0 0 0 0 0 0 0 0 0 0 0 0 0 0 0 0 0 0 0 0 0 0 0 0 0 0 0 0 0 0 0 0 0 0 0 0 0 0 0 0 0 0 0 0 0 0 0 0 0 0 0 0 0 0 0 0 0 0 0 0 0 0 0 0 0 0 0 0 0 0 0 0 0 0 0 0 0 0 0 0 0 0 0 0 0 0 0 0 0 0 0 0 0 0 0 0 0 0 0 0 0 0 0 0 0 0 0 0 0 0 0 0 0 0 0 0 0 0 0 0 0 0 0 0 0 0 0 0 0 0 0 0 0 0 0 0 0 0 0 0 0 0 0 0 0 0 0 0 0 0 0 0 0 0 0 0 0 0 0 0 0 0 0 0 0 0 0 0 0 0 0 0 0 0 0 0 0 0 0 0 0 0 0 0 0 0 0 0 0 0 0 0 0 0 0 0 0 0 0 0 0 0 0 0 0 0 0 0 0 0 0 0 0 0 0 0 0 0 0 0 0 0 0 0 0 0 0 0 0 0 0 0 0 0 0 0 0 0 0 0 0 0 0 0 0 0 0 0 0 0 0 0 0 0 0 0 0 0 0 0 0 0 0 0 0 0 0 0 0 0 0 0 0 0 0 0 0 0 0 0 0 0 0 0 0 0 0 0 0 0 0 0 0 0 0 0 0 0 0 0 0 0 0 0 0 0 0 0 0 0 0 0 0 0 0 0 0 0 0 0 0 0 0 0 0 0 0 0 0 0 0 0 0 0 0 0 0 0 0 0 0 0 0 0 0 0 0 0 0 0 0 0 0 0 0 0 0 0 0 0 0 0 0 0 0 0 0 0 0 0 0 0 0 0 0 0 0 0 0 0 0 0 0 0 0 0 0 0 0 0 0 0 0 0 0 0 0 0 0 0 0 0 0 0 0 0 0 0 0 0 0 0 0 0 0 0 0 0 0 0 0 0 0 0 0 0 0 0 0 0 0 0 0 0 0 0 0 0 0 0 0 0 0 0 0 0 0 0 0 0 0 0 0 0 0 0 0 0 0 0 0 0 0 0 0 0 0 0 0 0 0 0 0 0 0 0 0 0 0 0 0 0 0 0 0 0 0 0 0 0 0 0 0 0 0 0 0 0 0 0 0 0 0 0 0 0 0 0 0 0 0 0 0 0 0 0 0 0 0 0 0 0 0 0 0 0 0 0 0 0 0 0 0 0 0 0 0 0 0 0 0 0 0 0 0 0 0 0 0 0 0 0 0 0 0 0 0 0 0 0 0 0 0 0 0 0 0 0 0 0 0 0 0 0 0 0 0 0 0 0 0 0 0 0 0 0 0 0 0 0 0 0 0 0 0 0 0 0 0 0 0 0 0 0 0 0 0 0 0 0 0 0 0 0 0 0 0 0 0 0 0 0 0 0 0 0 0 0 0 0 0 0 0 0 0 0 0 0 0 0 0 0 0 0 0 0 0 0 0 0 0 0 0 0 0 0 0 0 0 0 0 0 0 0 0 0 0 0 0 0 0 0 0 0 0 0 0 0 0 0 0 0 0 0 0 0 0 0 0 0 0 0 0 0 0 0 0 0 0 0 0 0 0 0 0 0 0 0 0 0 0 0 0 0 0 0 0 0 0 0 0 0 0 0 0 0 0 0 0 0 0 0 0 0 0 0 0 0 0 0 0 0 0 0 0 0 0 0 0 0 0 0 0 0 0 0 0 0 0 0 0 0 0 0 0 0 0 0 0 0 0 0 0 0 0 0 0 0 0 0 0 0 0 0 0 0 0 0 0 0 0 0 0 0 0 0 0 0 0 0 0 0 0 0 0 0 0 0 0 0 0 0 0 0 0 0 0 0 0 0 0 0 0 0 0 0 0 0 0 0 0 0 0 0 0 0 0 0 0 0 0 0 0 0 0 0 0 0 0 0 0 0 0 0 0 0 0 0 0 0 0 0 0 0 0 0 0 0 0 0 0 0 0 0 0 0 0 0 0 0 0 0 0 0 0 0 0 0 0 0 0 0 0 0 0 0 0 0 0 0 0 0 0 0 0 0 0 0 0 0 0 0 0 0 0 0 0 0 0 0 0 0 0 0 0 0 0 0 0 0 0 0 0 0 0 0 0 0 0 0 0 0 0 0 0 0 0 0 0 0 0 0 0 0 0 0 0 0 0 0 0 0 0 0 0 0 0 0 0 0 0 0 0 0 0 0 0 0 0 0 0 0 0 0 0 0 0 0 0 0 0 0 0 0 0 0 0 0 0 0 0 0 0 0 0 0 0 0 0 0 0 0 0 0 0 0 0 0 0 0 0 0 0 0 0 0 0 0 0 0 0 0 0 0 0 0 0 0 0 0 0 0 0 0 0 0 0 0 0 0 0 0 0 0 0 0 0 0 0 0 0 0 0 0 0 0 0 0 0 0 0 0 0 0 0 0 0 0 0 0 0 0 0 0 0 0 0 0 0 0 0 0 0 0 0 0 0 0 0 0 0 0 0 0 0 0 0 0 0 0 0 0 0 0 0 0 0 0 0 0 0 0 0 0 0 0 0 0 0 0 0 0 0 0 0 0 0 0 0 0 0 0 0 0 0 0 0 0 0 0 0 0 0 0 0 0 0 0 0 0 0 0 0 0 0 0 0 0 0 0 0 0 0 0 0 0 0 0 0 0 0 0 0 0 0 0 0 0 0 0 0 0 0 0 0 0 0 0 0 0 0 0 0 0 0 0 0 0 0 0 0 0 0 0 0 0 0 0 0 0 0 0 0 0 0 0 0 0 0 0 0 0 0 0 0 0 0 0 0 0 0 0 0 0 0 0 0 0 0 0 0 0 0 0 0 0 0 0 0 0 0 0 0 0 0 0 0 0 0 0 0 0 0 0 0 0 0 0 0 0 0 0 0 0 0 0 0 0 0 0 0 0 0 0 0 0 0 0 0 0 0 0 0 0 0 0 0 0 0 0 0 0 0 0 0 0 0 0 0 0 0 0 0 0 0 0 0 0 0 0 0 0 0 0 0 0 0 0 0 0 0 0 0 0 0 0 0 0 0 0 0 0 0 0 0 0 0 0 0 0 0 0 0 0 0 0 0 0 0 0 0 0 0 0 0 0 0 0 0 0 0 0 0 0 0 0 0 0 0 0 0 0 0 0 0 0 0 0 0 0 0 0 0 0 0 0 0 0 0 0 0 0 0 0 0 0 0 0 0 0 0 0 0 0 0 0 0 0 0 0 0 0 0 0 0 0 0 0 0 0 0 0 0 0 0 0 0 0 0 0 0 0 0 0 0 0 0 0 0 0 0 0 0 0 0 0 0 0 0 0 0 0 0 0 0 0 0 0 0 0 0 0 0 0 0 0 0 0 0 0 0 0 0 0 0 0 0 0 0 0 0 0 0 0 0 0 0 0 0 0 0 0 0 0 0 0 0 0 0 0 0 0 0 0 0 0 0 0 0 0 0 0 0 0 0 0 0 0 0 0 0 0 0 0 0 0 0 0 0 0 0 0 0 0 0 0 0 0 0 0 0 0 0 0 0 0 0 0 0 0 0 0 0 0 0 0 0 0 0 0 0 0 0 0 0 0 0 0 0 0 0 0 0 0 0 0 0 0 0 0 0 0 0 0 0 0 0 0 0 0 0 0 0 0 0 0 0 0 0 0 0 0 0 0 0 0 0 0 0 0 0 0 0 0 0 0 0 0 0 0 0 0 0 0 0 0 0 0 0 0 0 0 0 0 0 0 0 0 0 0 0 0 0 0 0 0 0 0 0 0 0 0 0 0 0 0 0 0 0 0 0 0 0 0 0 0 0 0 0 0 0 0 0 0 0 0 0 0 0 0 0 0 0 0 0 0 0 0 0 0 0 0 0 0 0 0 0 0 0 0 0 0 0 0 0 0 0 0 0 0 0 0 0 0 0 0 0 0 0 0 0 0 0 0 0 0 0 0 0 0 0 0 0 0 0 0 0 0 0 0 0 0 0 0 0 0 0 0 0 0 0 0 0 0 0 0 0 0 0 0 0 0 0 0 0 0 0 0 0 0 0 0 0 0 0 0 0 0 0 0 0 0 0 0 0 0 0 0 0 0 0 0 0 0 0 0 0 0 0 0 0 0 0 0 0 0 0 0 0 0 0 0 0 0 0 0 0 0 0 0 0 0 0 0 0 0 0 0 0 0 0 0 0 0 0 0 0 0 0 0 0 0 0 0 0 0 0 0 0 0 0 0 0 0 0 0 0 0 0 0 0 0 0 0 0 0 0 0 0 0 0 0 0 0 0 0 0 0 0 0 0 0 0 0 0 0 0 0 0 0 0 0 0 0 0 0 0 0 0 0 0 0 0 0 0 0 0 0 0 0 0 0 0 0 0 0 0 0 0 0 0 0 0 0 0 0 0 0 0 0 0 0 0 0 0 0 0 0 0 0 0 0 0 0 0 0 0 0 0 0 0 0 0 0 0 0 0 0 0 0 0 0 0 0 0 0 0 0 0 0 0 0 0 0 0 0 0 0 0 0 0 0 0 0 0 0 0 0 0 0 0 0 0 0 0 0 0 0 0 0 0 0 0 0 0 0 0 0 0 0 0 0 0 0 0 0 0 0 0 0 0 0 0 0 0 0 0 0 0 0 0 0 0 0 0 0 0 0 0 0 0 0 0 0 0 0 0 0 0 0 0 0 0 0 0 0 0 0 0 0 0 0 0 0 0 0 0 0 0 0 0 0 0 0 0 0 0 0 0 0 0 0 0 0 0 0 0 0 0 0 0 0 0 0 0 0 0 0 0 0 0 0 0 0 0 0 0 0 0 0 0 0 0 0 0 0 0 0 0 0 0 0 0 0 0 0 0 0 0 0 0 0 0 0 0 0 0 0 0 0 0 0 0 0 0 0 0 0 0 0 0 0 0 0 0 0 0 0 0 0 0 0 0 0 0 0 0 0 0 0 0 0 0 0 0 0 0 0 0 0 0 0 0 0 0 0 0 0 0 0 0 0 0 0 0 0 0 0 0 0 0 0 0 0 0 0 0 0 0 0 0 0 0 0 0 0 0 0 0 0 0 0 0 0 0 0 0 0 0 0 0 0 0 0 0 0 0 0 0 0 0 0 0 0 0 0 0 0 0 0 0 0 0 0 0 0 0 0 0 0 0 0 0 0 0 0 0 0 0 0 0 0 0 0 0 0 0 0 0 0 0 0 0 0 0 0 0 0 0 0 0 0 0 0 0 0 0 0 0 0 0 0 0 0 0 0 0 0 0 0 0 0 0 0 0 0 0 0 0 0 0 0 0 0 0 0 0 0 0 0 0 0 0 0 0 0 0 0 0 0 0 0 0 0 0 0 0 0 0 0 0 0 0 0 0 0 0 0 0 0 0 0 0 0 0 0 0 0 0 0 0 0 0 0 0 0 0 0 0 0 0 0 0 0 0 0 0 0 0 0 0 0 0 0 0 0 0 0 0 0 0 0 0 0 0 0 0 0 0 0 0 0 0 0 0 0 0 0 0 0 0 0 0 0 0 0 0 0 0 0 0 0 0 0 0 0 0 0 0 0 0 0 0 0 0 0 0 0 0 0 0 0 0 0 0 0 0 0 0 0 0 0 0 0 0 0 0 0 0 0 0 0 0 0 0 0 0 0 0 0 0 0 0 0 0 0 0 0 0 0 0 0 0 0 0 0 0 0 0 0 0 0 0 0 0 0 0 0 0 0 0 0 0 0 0 0 0 0 0 0 0 0 0 0 0 0 0 0 0 0 0 0 0 0 0 0 0 0 0 0 0 0 0 0 0 0 0 0 0 0 0 0 0 0 0 0 0 0 0 0 0 0 0 0 0 0 0 0 0 0 0 0 0 0 0 0 0 0 0 0 0 0 0 0 0 0 0 0 0 0 0 0 0 0 0 0 0 0 0 0 0 0 0 0 0 0 0 0 0 0 0 0 0 0 0 0 0 0 0 0 0 0 0 0 0 0 0 0 0 0 0 0 0 0 0 0 0 0 0 0 0 0 0 0 0 0 0 0 0 0 0 0 0 0 0 0 0 0 0 0 0 0 0 0 0 0 0 0 0 0 0 0 0 0 0 0 0 0 0 0 0 0 0 0 0 0 0 0 0 0 0 0 0 0 0 0 0 0 0 0 0 0 0 0 0 0 0 0 0 0 0 0 0 0 0 0 0 0 0 0 0 0 0 0 0 0 0 0 0 0 0 0 0 0 0 0 0 0 0 0 0 0 0 0 0 0 0 0 0 0 0 0 0 0 0 0 0 0 0 0 0 0 0 0 0 0 0 0 0 0 0 0 0 0 0 0 0 0 0 0 0 0 0 0 0 0 0 0 0 0 0 0 0 0 0 0 0 0 0 0 0 0 0 0 0 0 0 0 0 0 0 0 0 0 0 0 0 0 0 0 0 0 0 0 0 0 0 0 0 0 0 0 0 0 0 0 0 0 0 0 0 0 0 0 0 0 0 0 0 0 0 0 0 0 0 0 0 0 0 0 0 0 0 0 0 0 0 0 0 0 0 0 0 0 0 0 0 0 0 0 0 0 0 0 0 0 0 0 0 0 0 0 0 0 0 0 0 0 0 0 0 0 0 0 0 0 0 0 0 0 0 0 0 0 0 0 0 0 0 0 0 0 0 0 0 0 0 0 0 0 0 0 0 0 0 0 0 0 0 0 0 0 0 0 0 0 0 0 0 0 0 0 0 0 0 0 0 0 0 0 0 0 0 0 0 0 0 0 0 0 0 0 0 0 0 0 0 0 0 0 0 0 0 0 0 0 0 0 0 0 0 0 0 0 0 0 0 0 0 0 0 0 0 0 0 0 0 0 0 0 0 0 0 0 0 0 0 0 0 0 0 0 0 0 0 0 0 0 0 0 0 0 0 0 0 0 0 0 0 0 0 0 0 0 0 0 0 0 0 0 0 0 0 0 0 0 0 0 0 0 0 0 0 0 0 0 0 0 0 0 0 0 0 0 0 0 0 0 0 0 0 0 0 0 0 0 0 0 0 0 0 0 0 0 0 0 0 0 0 0 0 0 0 0 0 0 0 0 0 0 0 0 0 0 0 0 0 0 0 0 0 0 0 0 0 0 0 0 0 0 0 0 0 0 0 0 0 0 0 0 0 0 0 0 0 0 0 0 0 0 0 0 0 0 0 0 0 0 0 0 0 0 0 0 0 0 0 0 0 0 0 0 0 0 0 0 0 0 0 0 0 0 0 0 0 0 0 0 0 0 0 0 0 0 0 0 0 0 0 0 0 0 0 0 0 0 0 0 0 0 0 0 0 0 0 0 0 0 0 0 0 0 0 0 0 0 0 0 0 0 0 0 0 0 0 0 0 0 0 0 0 0 0 0 0 0 0 0 0 0 0 0 0 0 0 0 0 0 0 0 0 0 0 0 0 0 0 0 0 0 0 0 0 0 0 0 0 0 0 0 0 0 0 0 0 0 0 0 0 0 0 0 0 0 0 0 0 0 0 0 0 0 0 0 0 0 0 0 0 0 0 0 0 0 0 0 0 0 0 0 0 0 0 0 0 0 0 0 0 0 0 0 0 0 0 0 0 0 0 0 0 0 0 0 0 0 0 0 0 0 0 0 0 0 0 0 0 0 0 0 0 0 0 0 0 0 0 0 0 0 0 0 0 0 0 0 0 0 0 0 0 0 0 0 0 0 0 0 0 0 0 0 0 0 0 0 0 0 0 0 0 0 0 0 0 0 0 0 0 0 0 0 0 0 0 0 0 0 0 0 0 0 0 0 0 0 0 0 0 0 0 0 0 0 0 0 0 0 0 0 0 0 0 0 0 0 0 0 0 0 0 0 0 0 0 0 0 0 0 0 0 0 0 0 0 0 0 0 0 0 0 0 0 0 0 0 0 0 0 0 0 0 0 0 0 0 0 0 0 0 0 0 0 0 0 0 0 0 0 0 0 0 0 0 0 0 0 0 0 0 0 0 0 0 0 0 0 0 0 0 0 0 0 0 0 0 0 0 0 0 0 0 0 0 0 0 0 0 0 0 0 0 0 0 0 0 0 0 0 0 0 0 0 0 0 0 0 0 0 0 0 0 0 0 0 0 0 0 0 0 0 0 0 0 0 0 0 0 0 0 0 0 0 0 0 0 0 0 0 0 0 0 0 0 0 0 0 0 0 0 0 0 0 0 0 0 0 0 0 0 0 0 0 0 0 0 0 0 0 0 0 0 0 0 0 0 0 0 0 0 0 0 0 0 0 0 0 0 0 0 0 0 0 0 0 0 0 0 0 0 0 0 0 0 0 0 0 0 0 0 0 0 0 0 0 0 0 0 0 0 0 0 0 0 0 0 0 0 0 0 0 0 0 0 0 0 0 0 0 0 0 0 0 0 0 0 0 0 0 0 0 0 0 0 0 0 0 0 0 0 0 0 0 0 0 0 0 0 0 0 0 0 0 0 0 0 0 0 0 0 0 0 0 0 0 0 0 0 0 0 0 0 0 0 0 0 0 0 0 0 0 0 0 0 0 0 0 0 0 0 0 0 0 0 0 0 0 0 0 0 0 0 0 0 0 0 0 0 0 0 0 0 0 0 0 0 0 0 0 0 0 0 0 0 0 0 0 0 0 0 0 0 0 0 0 0 0 0 0 0 0 0 0 0 0 0 0 0 0 0 0 0 0 0 0 0 0 0 0 0 0 0 0 0 0 0 0 0 0 0 0 0 0 0 0 0 0 0 0 0 0 0 0 0 0 0 0 0 0 0 0 0 0 0 0 0 0 0 0 0 0 0 0 0 0 0 0 0 0 0 0 0 0 0 0 0 0 0 0 0 0 0 0 0 0 0 0 0 0 0 0 0 0 0 0 0 0 0 0 0 0 0 0 0 0 0 0 0 0 0 0 0 0 0 0 0 0 0 0 0 0 0 0 0 0 0 0 0 0 0 0 0 0 0 0 0 0 0 0 0 0 0 0 0 0 0 0 0 0 0 0 0 0 0 0 0 0 0 0 0 0 0 0 0 0 0 0 0 0 0 0 0 0 0 0 0 0 0 0 0 0 0 0 0 0 0 0 0 0 0 0 0 0 0 0 0 0 0 0 0 0 0 0 0 0 0 0 0 0 0 0 0 0 0 0 0 0 0 0 0 0 0 0 0 0 0 0 0 0 0 0 0 0 0 
