+------------------------------ CFD LOVES C++ ---------------------------+
|--------------------DISCONTINUOS GALERKIN METHOD SOLVER-----------------|
|                                  Author                                |
|   Nam Ha Tran.                                                         |
|   Ver 1.00                                                             |
+------------------------------------------------------------------------+
|   This program uses Discontinous Galerkin method to solve 2D problems  |
|   on structural and unstructural mesh.                                 |
+------------------------------------------------------------------------+
	Program ran at (d-m-y_h-m-s) 23-11-2018_19-33-35

	MasterElemOfEdge array

10 
786 
692 
786 
23 
656 
657 
657 
0 
0 
11 
11 
606 
606 
659 
659 
42 
1 
42 
44 
45 
45 
2 
46 
46 
54 
47 
54 
3 
144 
144 
92 
48 
92 
4 
143 
143 
93 
49 
93 
5 
90 
90 
94 
50 
94 
6 
120 
120 
95 
51 
95 
7 
121 
121 
96 
52 
96 
8 
122 
122 
97 
53 
97 
9 
123 
123 
91 
55 
91 
43 
55 
541 
901 
901 
693 
542 
693 
827 
694 
827 
543 
695 
695 
828 
696 
828 
544 
953 
953 
829 
697 
829 
545 
903 
903 
830 
698 
830 
546 
904 
904 
831 
699 
831 
547 
905 
905 
832 
700 
832 
548 
906 
906 
833 
701 
833 
549 
907 
907 
834 
702 
834 
550 
908 
908 
835 
703 
835 
551 
909 
909 
836 
704 
836 
552 
910 
910 
837 
705 
837 
553 
911 
911 
838 
706 
838 
554 
912 
912 
839 
707 
839 
555 
913 
913 
840 
708 
840 
556 
914 
914 
841 
709 
841 
557 
915 
915 
711 
710 
711 
558 
712 
712 
714 
713 
714 
559 
715 
715 
717 
716 
717 
560 
718 
718 
720 
719 
720 
561 
721 
721 
723 
722 
723 
562 
724 
724 
726 
725 
726 
563 
727 
727 
729 
728 
729 
564 
730 
730 
843 
731 
843 
565 
842 
842 
844 
732 
844 
566 
960 
960 
845 
733 
845 
567 
959 
959 
846 
734 
846 
568 
958 
958 
847 
735 
847 
569 
957 
957 
848 
736 
848 
570 
956 
956 
849 
737 
849 
571 
955 
955 
850 
738 
850 
572 
954 
954 
851 
739 
851 
573 
916 
916 
852 
740 
852 
574 
917 
917 
853 
741 
853 
575 
918 
918 
854 
742 
854 
576 
919 
919 
855 
743 
855 
577 
920 
920 
856 
744 
856 
578 
921 
921 
857 
745 
857 
579 
922 
922 
858 
746 
858 
580 
923 
923 
859 
747 
859 
581 
924 
924 
860 
748 
860 
582 
925 
925 
861 
749 
861 
583 
926 
926 
751 
750 
751 
584 
752 
752 
754 
753 
754 
585 
755 
755 
757 
756 
757 
586 
758 
758 
760 
759 
760 
587 
761 
761 
763 
762 
763 
588 
764 
764 
766 
765 
766 
589 
767 
767 
769 
768 
769 
590 
770 
770 
863 
771 
863 
591 
862 
862 
864 
772 
864 
592 
967 
967 
865 
773 
865 
593 
966 
966 
866 
774 
866 
594 
965 
965 
867 
775 
867 
595 
964 
964 
868 
776 
868 
596 
963 
963 
869 
777 
869 
597 
962 
962 
870 
778 
870 
598 
961 
961 
871 
779 
871 
599 
927 
927 
872 
780 
872 
600 
928 
928 
873 
781 
873 
601 
929 
929 
874 
782 
874 
602 
930 
930 
875 
783 
875 
603 
931 
931 
876 
784 
876 
604 
932 
932 
877 
785 
877 
605 
933 
933 
607 
607 
27 
12 
27 
58 
59 
59 
13 
60 
60 
56 
57 
57 
14 
61 
61 
98 
62 
98 
15 
148 
148 
99 
63 
99 
16 
147 
147 
100 
64 
100 
17 
146 
146 
101 
65 
101 
18 
145 
145 
102 
66 
102 
19 
124 
124 
103 
67 
103 
20 
125 
125 
104 
68 
104 
21 
126 
126 
105 
69 
105 
22 
127 
127 
89 
71 
89 
88 
88 
70 
24 
70 
149 
72 
149 
25 
128 
128 
106 
73 
106 
26 
129 
129 
107 
74 
107 
200 
200 
609 
43 
1071 
1071 
150 
610 
150 
611 
611 
612 
130 
130 
613 
613 
108 
788 
108 
1284 
1284 
614 
131 
131 
787 
788 
109 
615 
109 
616 
616 
617 
132 
132 
618 
618 
110 
791 
110 
1257 
1257 
619 
133 
133 
790 
791 
111 
620 
111 
621 
621 
622 
134 
134 
623 
623 
112 
624 
112 
625 
625 
626 
135 
135 
627 
627 
113 
628 
113 
629 
629 
630 
136 
136 
631 
631 
114 
632 
114 
633 
633 
634 
137 
137 
635 
635 
115 
636 
115 
637 
637 
638 
138 
138 
639 
639 
116 
640 
116 
641 
641 
642 
139 
139 
643 
643 
117 
644 
117 
645 
645 
646 
140 
140 
647 
647 
118 
648 
118 
649 
649 
650 
141 
141 
651 
651 
119 
652 
119 
653 
653 
654 
142 
142 
655 
655 
193 
193 
658 
658 
789 
660 
1074 
1074 
795 
796 
796 
661 
797 
797 
813 
798 
813 
662 
970 
970 
793 
794 
794 
663 
799 
799 
878 
800 
878 
664 
971 
971 
879 
801 
879 
665 
969 
969 
880 
802 
880 
666 
934 
934 
881 
803 
881 
667 
935 
935 
882 
804 
882 
668 
936 
936 
883 
805 
883 
669 
937 
937 
884 
806 
884 
670 
938 
938 
885 
807 
885 
671 
939 
939 
886 
808 
886 
672 
940 
940 
887 
809 
887 
673 
941 
941 
888 
810 
888 
674 
942 
942 
889 
811 
889 
675 
943 
943 
890 
812 
890 
676 
944 
944 
678 
677 
678 
679 
679 
1256 
814 
1256 
680 
792 
814 
891 
816 
891 
681 
815 
816 
968 
817 
968 
682 
973 
973 
892 
818 
892 
683 
972 
972 
893 
819 
893 
684 
945 
945 
894 
820 
894 
685 
946 
946 
895 
821 
895 
686 
947 
947 
896 
822 
896 
687 
948 
948 
897 
823 
897 
688 
949 
949 
898 
824 
898 
689 
950 
950 
899 
825 
899 
690 
951 
951 
900 
826 
900 
691 
952 
952 
789 
201 
196 
201 
151 
163 
164 
164 
218 
154 
219 
219 
153 
216 
217 
217 
221 
155 
223 
223 
158 
213 
215 
215 
159 
231 
232 
232 
234 
227 
248 
248 
156 
160 
160 
170 
225 
225 
197 
169 
236 
236 
167 
161 
168 
168 
166 
174 
175 
175 
173 
178 
180 
180 
176 
184 
186 
186 
181 
152 
182 
182 
240 
162 
246 
246 
241 
187 
271 
271 
242 
188 
279 
279 
194 
189 
195 
195 
172 
224 
224 
190 
191 
192 
192 
229 
239 
262 
262 
157 
157 
199 
247 
283 
283 
250 
202 
263 
263 
252 
203 
286 
286 
253 
204 
285 
285 
244 
205 
243 
244 
255 
206 
270 
270 
256 
207 
269 
269 
257 
208 
268 
268 
258 
209 
267 
267 
259 
210 
266 
266 
260 
211 
265 
265 
261 
212 
264 
264 
228 
228 
249 
249 
165 
165 
220 
220 
222 
222 
214 
214 
230 
231 
226 
227 
274 
274 
198 
198 
171 
171 
235 
235 
179 
179 
185 
185 
177 
177 
183 
183 
278 
278 
276 
276 
275 
275 
196 
237 
237 
238 
239 
229 
272 
272 
245 
245 
284 
284 
251 
252 
287 
287 
254 
254 
288 
288 
282 
282 
281 
281 
273 
273 
280 
280 
277 
277 
233 
261 
389 
344 
388 
389 
303 
367 
366 
367 
301 
369 
368 
369 
396 
349 
398 
398 
439 
356 
408 
439 
307 
307 
394 
314 
395 
395 
357 
295 
446 
446 
297 
296 
298 
298 
377 
313 
378 
378 
397 
397 
380 
348 
400 
400 
304 
305 
305 
292 
358 
381 
381 
291 
292 
293 
294 
294 
360 
352 
362 
362 
379 
380 
371 
373 
373 
361 
361 
456 
456 
372 
372 
290 
338 
340 
340 
309 
289 
310 
310 
343 
351 
387 
387 
345 
312 
347 
347 
346 
346 
344 
359 
359 
327 
330 
483 
483 
302 
355 
490 
490 
300 
370 
374 
374 
317 
323 
324 
324 
311 
318 
319 
319 
382 
328 
384 
384 
376 
326 
375 
376 
386 
331 
385 
386 
332 
334 
335 
335 
336 
299 
353 
353 
341 
306 
350 
350 
320 
308 
321 
321 
441 
441 
390 
392 
392 
391 
391 
426 
426 
316 
421 
421 
315 
315 
322 
322 
316 
312 
339 
339 
365 
365 
363 
363 
399 
399 
421 
354 
354 
364 
383 
383 
325 
325 
329 
329 
393 
393 
401 
401 
333 
333 
337 
337 
342 
342 
411 
405 
412 
412 
472 
414 
473 
473 
474 
440 
474 
501 
484 
501 
490 
483 
424 
404 
425 
425 
457 
459 
459 
430 
406 
431 
431 
535 
531 
535 
492 
536 
536 
500 
503 
500 
535 
476 
445 
475 
476 
410 
468 
468 
437 
403 
438 
438 
511 
461 
498 
511 
415 
415 
419 
402 
420 
420 
447 
465 
466 
466 
500 
451 
413 
450 
451 
453 
455 
455 
538 
538 
454 
454 
422 
417 
423 
423 
462 
478 
478 
427 
407 
460 
460 
435 
436 
436 
416 
443 
443 
470 
470 
482 
482 
467 
467 
432 
434 
434 
494 
494 
448 
458 
471 
471 
452 
481 
452 
481 
433 
433 
493 
463 
502 
502 
449 
442 
479 
479 
440 
515 
515 
429 
444 
539 
539 
485 
529 
529 
492 
429 
531 
464 
464 
418 
418 
486 
486 
477 
477 
469 
469 
428 
428 
505 
518 
518 
539 
491 
505 
516 
522 
527 
527 
520 
488 
495 
520 
495 
510 
520 
519 
528 
534 
534 
521 
499 
512 
521 
513 
496 
532 
532 
503 
479 
537 
537 
525 
526 
526 
530 
530 
527 
525 
506 
480 
487 
506 
517 
533 
533 
526 
489 
507 
517 
497 
497 
514 
514 
523 
524 
524 
530 
504 
523 
510 
487 
514 
507 
509 
509 
512 
524 
534 
508 
540 
540 
508 
522 
504 
533 
532 
540 
974 
902 
1285 
1285 
1155 
1169 
1169 
975 
1161 
1162 
1162 
976 
1153 
1154 
1154 
978 
1158 
1160 
1160 
979 
1170 
1357 
1357 
980 
1171 
1259 
1259 
981 
1172 
1327 
1327 
982 
1173 
1300 
1300 
983 
1174 
1299 
1299 
984 
1175 
1329 
1329 
985 
1176 
1177 
1177 
986 
1178 
1179 
1179 
987 
1180 
1181 
1181 
988 
1182 
1183 
1183 
989 
1184 
1185 
1185 
1359 
1186 
1358 
1359 
1331 
1187 
1332 
1332 
1301 
1188 
1302 
1302 
1303 
1189 
1304 
1304 
1305 
1190 
1306 
1306 
1307 
1191 
1308 
1308 
1309 
1193 
1310 
1310 
1311 
992 
1313 
1313 
990 
1195 
1196 
1196 
994 
997 
998 
998 
996 
1000 
1002 
1002 
999 
1004 
1006 
1006 
1003 
1008 
1010 
1010 
1007 
1013 
1015 
1015 
1011 
1019 
1021 
1021 
1016 
977 
1017 
1017 
1203 
991 
1204 
1204 
1206 
1022 
1207 
1207 
1209 
1023 
1210 
1210 
1212 
1024 
1213 
1213 
1202 
1025 
1201 
1202 
1200 
1026 
1199 
1200 
1217 
1027 
1356 
1356 
1218 
1028 
1355 
1355 
1219 
1029 
1354 
1354 
1220 
1030 
1353 
1353 
1352 
1031 
1351 
1352 
1341 
1221 
1342 
1342 
1314 
1223 
1315 
1315 
1316 
1225 
1317 
1317 
1318 
1227 
1319 
1319 
1320 
1229 
1321 
1321 
1322 
1231 
1323 
1323 
1324 
1034 
1325 
1325 
1032 
1233 
1234 
1234 
1036 
1039 
1040 
1040 
1038 
1042 
1044 
1044 
1041 
1046 
1048 
1048 
1045 
1050 
1052 
1052 
1049 
1055 
1057 
1057 
1053 
1061 
1063 
1063 
1058 
995 
1059 
1059 
1240 
1033 
1241 
1241 
1243 
1064 
1244 
1244 
1246 
1065 
1247 
1247 
1249 
1066 
1250 
1250 
1239 
1067 
1238 
1239 
1253 
1068 
1365 
1365 
1366 
1256 
1366 
1434 
1660 
1660 
1072 
1433 
1434 
1326 
1326 
1164 
1157 
1166 
1166 
1075 
1165 
1165 
1298 
1298 
1328 
1167 
1382 
1382 
1078 
1347 
1347 
1079 
1080 
1080 
1081 
1082 
1082 
1083 
1084 
1084 
1085 
1086 
1086 
1087 
1088 
1088 
1089 
1090 
1090 
1091 
1092 
1092 
1093 
1094 
1094 
1095 
1096 
1096 
1097 
1098 
1098 
1099 
1100 
1100 
1101 
1102 
1102 
1103 
1104 
1104 
1105 
1106 
1106 
1107 
1108 
1108 
1109 
1110 
1110 
1111 
1262 
1262 
1111 
1117 
1168 
1168 
1112 
1135 
1263 
1263 
1077 
1122 
1123 
1123 
1115 
1069 
1116 
1116 
1073 
1113 
1114 
1114 
1120 
1137 
1138 
1138 
1270 
1070 
1272 
1272 
1269 
1124 
1268 
1269 
1273 
1125 
1346 
1346 
1274 
1126 
1345 
1345 
1275 
1127 
1344 
1344 
1276 
1128 
1343 
1343 
1277 
1129 
1340 
1340 
1278 
1130 
1339 
1339 
1279 
1131 
1338 
1338 
1280 
1132 
1337 
1337 
1283 
1133 
1336 
1336 
1283 
1076 
1281 
1348 
1348 
1139 
1037 
1237 
1237 
1140 
1144 
1146 
1146 
1142 
1119 
1267 
1267 
1288 
1134 
1291 
1291 
1289 
1147 
1350 
1350 
1287 
1148 
1286 
1287 
1292 
1149 
1335 
1335 
1293 
1150 
1334 
1334 
1294 
1151 
1333 
1333 
1295 
1152 
1330 
1330 
1296 
1296 
1660 
1156 
1156 
1163 
1163 
1159 
1159 
1265 
1265 
1261 
1261 
1236 
1236 
1232 
1232 
1230 
1230 
1228 
1228 
1226 
1226 
1224 
1224 
1222 
1222 
1198 
1198 
1194 
1194 
1192 
1192 
1548 
1548 
1531 
1531 
1530 
1530 
1529 
1529 
1528 
1528 
1527 
1527 
1312 
1312 
993 
993 
1197 
1197 
1001 
1001 
1005 
1005 
1009 
1009 
1014 
1014 
1020 
1020 
1012 
1012 
1018 
1018 
1205 
1205 
1208 
1208 
1211 
1211 
1214 
1214 
1215 
1215 
1216 
1216 
1363 
1363 
1362 
1362 
1360 
1360 
1361 
1361 
1678 
1678 
1405 
1405 
1419 
1419 
1422 
1422 
1424 
1424 
1426 
1426 
1427 
1427 
1035 
1035 
1235 
1235 
1043 
1043 
1047 
1047 
1051 
1051 
1056 
1056 
1062 
1062 
1054 
1054 
1060 
1060 
1242 
1242 
1245 
1245 
1248 
1248 
1251 
1251 
1252 
1252 
1366 
1297 
1364 
1364 
1260 
1367 
1367 
1383 
1383 
1258 
1258 
1118 
1118 
1136 
1136 
1266 
1266 
1255 
1255 
1121 
1121 
1373 
1373 
1271 
1271 
1375 
1375 
1374 
1374 
1372 
1372 
1371 
1371 
1349 
1349 
1370 
1370 
1282 
1282 
1369 
1369 
1368 
1368 
1145 
1145 
1141 
1141 
1143 
1143 
1379 
1379 
1378 
1378 
1290 
1290 
1381 
1381 
1380 
1380 
1377 
1377 
1376 
1376 
1435 
1435 
1947 
1601 
1947 
1604 
1551 
1605 
1605 
1535 
1621 
1620 
1621 
1404 
1691 
1690 
1691 
1730 
1724 
1731 
1731 
1661 
1400 
1682 
1682 
1634 
1695 
1754 
1754 
1629 
1385 
1753 
1753 
1624 
1554 
1625 
1625 
1425 
1429 
1430 
1430 
1423 
1520 
1522 
1522 
1532 
1420 
1534 
1534 
1389 
1416 
1417 
1417 
1390 
1401 
1402 
1402 
1392 
1397 
1398 
1398 
1393 
1566 
1606 
1606 
1396 
1773 
1789 
1789 
1784 
1598 
1786 
1786 
1711 
1713 
1713 
1547 
1729 
1728 
1729 
1428 
1628 
1627 
1628 
1747 
1579 
1749 
1749 
1570 
1571 
1571 
1578 
1583 
1584 
1584 
1748 
1748 
1581 
1549 
1582 
1582 
1580 
1580 
1764 
1776 
1777 
1777 
1585 
1585 
1666 
1667 
1667 
1763 
1764 
1785 
1785 
1776 
1589 
1573 
1589 
1781 
1593 
1771 
1781 
1550 
1595 
1596 
1596 
1408 
1591 
1592 
1592 
1391 
1406 
1407 
1407 
1586 
1410 
1588 
1588 
1412 
1411 
1600 
1600 
1413 
1414 
1559 
1559 
1614 
1395 
1615 
1615 
1751 
1610 
1750 
1751 
1546 
1767 
1788 
1788 
1810 
1658 
1812 
1812 
1722 
1723 
1723 
1545 
1737 
1736 
1737 
1681 
1387 
1726 
1726 
1738 
1637 
1740 
1740 
1631 
1632 
1632 
1636 
1641 
1642 
1642 
1739 
1739 
1639 
1572 
1640 
1640 
1638 
1638 
1646 
1612 
1648 
1648 
1643 
1643 
1561 
1562 
1562 
1647 
1647 
1811 
1811 
1613 
1613 
1649 
1633 
1650 
1650 
1744 
1653 
1746 
1746 
1741 
1654 
1743 
1743 
1683 
1652 
1683 
1656 
1384 
1437 
1656 
1668 
1506 
1686 
1686 
1539 
1473 
1540 
1540 
1601 
1471 
1432 
1472 
1472 
1651 
1431 
1651 
1438 
1384 
1438 
1476 
1436 
1477 
1477 
1575 
1541 
1657 
1657 
1441 
1574 
1575 
1442 
1443 
1443 
1444 
1445 
1445 
1446 
1447 
1447 
1448 
1449 
1449 
1450 
1451 
1451 
1452 
1453 
1453 
1454 
1455 
1455 
1456 
1457 
1457 
1458 
1459 
1459 
1460 
1461 
1461 
1462 
1463 
1463 
1464 
1465 
1465 
1466 
1467 
1467 
1468 
1470 
1470 
1469 
1469 
1481 
1440 
1662 
1662 
1507 
1507 
1752 
1752 
1479 
1481 
1536 
1543 
1692 
1692 
1619 
1663 
1663 
1537 
1538 
1538 
1523 
1665 
1756 
1756 
1478 
1673 
1680 
1680 
1483 
1482 
1674 
1674 
1675 
1439 
1693 
1693 
1415 
1485 
1486 
1486 
1488 
1489 
1490 
1490 
1491 
1497 
1499 
1499 
1494 
1495 
1496 
1496 
1500 
1492 
1502 
1502 
1474 
1475 
1475 
1505 
1687 
1757 
1757 
1617 
1617 
1618 
1619 
1519 
1553 
1553 
1688 
1689 
1689 
1544 
1544 
1860 
1860 
1487 
1508 
1509 
1509 
1525 
1677 
1727 
1727 
1510 
1694 
1755 
1755 
1514 
1513 
1515 
1515 
1394 
1503 
1504 
1504 
1388 
1517 
1518 
1518 
1669 
1671 
1671 
1947 
1604 
1867 
1603 
1607 
1867 
1937 
1937 
1670 
1670 
2503 
2063 
2503 
1386 
1511 
1512 
1512 
1725 
1725 
1695 
1635 
1635 
1630 
1630 
1626 
1626 
1521 
1521 
1533 
1533 
1421 
1421 
1418 
1418 
1403 
1403 
1399 
1399 
1552 
1567 
1567 
1732 
1560 
1733 
1733 
1696 
1563 
1698 
1698 
1699 
1564 
1701 
1701 
1702 
1565 
1704 
1704 
1705 
1609 
1707 
1707 
1708 
1558 
1710 
1710 
1813 
1813 
1587 
1587 
1409 
1409 
1599 
1599 
2238 
2238 
1594 
1594 
1597 
1597 
1411 
1414 
1413 
1616 
1616 
1734 
1576 
1735 
1735 
1568 
1557 
1569 
1569 
1714 
1556 
1715 
1715 
1716 
1622 
1717 
1717 
1718 
1623 
1719 
1719 
1720 
1555 
1721 
1721 
1852 
1852 
1685 
1685 
1659 
1659 
1745 
1745 
1741 
1655 
1655 
1644 
1645 
1645 
1524 
1524 
1664 
1665 
1758 
1758 
1484 
1484 
1759 
1759 
1611 
1611 
1498 
1498 
1679 
1679 
1501 
1501 
1493 
1493 
2288 
1765 
2288 
1526 
1526 
1760 
1760 
1676 
1677 
1761 
1761 
1516 
1516 
1672 
1672 
1480 
1480 
1603 
1697 
1697 
1700 
1700 
1703 
1703 
1706 
1706 
1709 
1709 
1712 
1712 
1577 
1577 
1796 
1796 
1798 
1798 
1804 
1804 
1851 
1851 
1801 
1801 
1542 
1542 
1883 
2007 
2007 
1878 
1879 
1879 
1931 
1931 
1882 
1883 
1807 
1809 
1809 
1863 
1993 
1992 
1993 
1906 
1772 
1914 
1914 
1850 
1875 
1875 
1951 
1803 
1952 
1952 
1930 
1948 
1948 
1793 
1920 
1919 
1920 
1922 
2066 
2068 
2068 
1921 
1797 
1921 
1861 
1770 
1862 
1862 
1774 
2064 
1954 
2064 
2086 
1887 
2086 
1923 
1923 
1864 
2468 
2468 
2067 
2067 
2151 
2025 
2100 
2151 
1794 
1795 
1795 
1940 
1941 
1941 
1934 
1779 
1936 
1936 
1780 
1780 
1856 
1800 
1857 
1857 
1951 
2023 
2023 
2006 
2054 
2055 
2055 
1806 
2009 
2034 
2034 
2077 
1970 
2078 
2078 
1957 
1958 
1958 
1969 
2110 
2187 
2615 
2615 
1896 
1892 
1897 
1897 
1848 
2000 
2020 
2020 
2288 
1853 
1890 
1989 
1989 
1799 
1816 
1817 
1817 
1845 
1787 
1846 
1846 
1821 
1962 
1962 
1822 
1823 
1823 
1824 
1825 
1825 
1826 
1827 
1827 
1828 
1829 
1829 
1830 
1831 
1831 
1832 
1833 
1833 
1834 
1835 
1835 
1836 
1837 
1837 
1838 
1839 
1839 
1840 
1841 
1841 
1842 
1843 
1843 
1984 
2015 
2015 
1984 
1866 
1911 
1911 
1894 
1802 
1895 
1895 
1815 
1908 
2015 
1888 
1889 
1889 
1805 
1994 
2008 
2008 
1850 
1854 
1868 
1869 
1869 
1855 
1855 
1847 
1988 
1988 
1870 
1858 
1871 
1871 
1943 
2087 
2076 
2087 
1942 
1943 
1995 
1903 
1996 
1996 
1985 
1987 
1987 
1814 
1968 
1967 
1968 
1904 
1904 
2208 
2208 
1986 
1986 
1965 
1966 
1966 
1900 
1768 
1902 
1902 
1880 
1881 
1881 
1766 
1991 
1991 
1884 
1876 
1885 
1885 
1898 
1899 
1899 
2003 
1820 
2004 
2004 
2005 
2005 
1913 
1913 
1976 
2044 
2336 
2336 
2009 
1872 
1874 
1874 
1849 
2016 
2016 
2056 
2056 
2173 
2132 
2183 
2183 
1977 
1775 
1978 
1978 
1946 
1946 
1844 
1983 
1983 
1981 
2045 
2045 
1901 
1901 
2109 
2028 
2184 
2184 
2271 
1791 
2049 
2271 
1928 
2014 
2013 
2014 
1938 
1790 
1939 
1939 
1792 
2050 
2070 
2070 
1608 
1782 
1783 
1783 
1945 
1907 
2035 
2035 
1960 
2106 
2108 
2108 
2019 
2048 
2047 
2048 
2082 
2083 
2084 
2084 
1927 
2041 
2040 
2041 
2233 
2061 
2089 
2233 
2029 
2213 
2215 
2215 
1950 
2097 
2097 
2194 
2057 
2196 
2196 
1918 
2037 
2036 
2037 
2228 
1924 
2051 
2228 
1944 
1945 
1932 
1933 
1933 
1956 
2065 
2065 
1971 
1912 
1972 
1972 
2043 
2816 
2816 
1999 
1999 
2026 
2027 
2027 
1905 
2033 
2032 
2033 
1963 
1964 
1964 
2073 
2075 
2075 
2074 
2074 
1935 
1935 
2079 
2080 
2080 
1818 
1819 
1819 
2121 
2121 
1926 
2042 
2043 
1608 
2063 
1917 
2039 
2038 
2039 
2252 
2072 
2093 
2252 
1973 
1973 
2252 
1893 
1893 
2398 
2398 
2017 
1959 
2018 
2018 
2099 
2125 
2126 
2126 
1961 
1961 
2104 
2103 
2104 
2107 
2107 
1910 
2186 
2186 
1929 
2012 
2011 
2012 
1762 
1808 
1808 
1886 
2022 
2021 
2022 
2030 
2031 
2031 
2114 
2114 
2114 
2326 
2325 
2326 
1974 
1974 
1979 
1980 
1980 
1976 
2584 
2117 
2584 
2584 
2001 
2001 
1865 
1865 
1873 
1873 
2046 
2046 
2293 
2293 
1998 
1998 
1891 
1891 
1859 
1859 
1982 
1990 
1990 
1769 
1769 
2160 
2160 
2154 
2155 
2155 
1877 
1877 
2198 
2198 
2058 
2058 
2228 
1925 
1925 
2233 
2221 
2221 
2082 
2085 
2085 
2098 
2099 
2127 
2127 
2271 
2337 
2337 
2468 
2118 
2118 
2376 
2398 
2158 
2213 
2180 
2182 
2182 
2111 
2112 
2112 
2111 
2284 
2284 
2118 
2091 
2090 
2091 
2105 
2165 
2289 
2289 
1916 
1915 
1916 
2152 
2059 
2153 
2153 
1909 
1910 
2340 
2341 
2341 
2166 
2235 
2318 
2318 
2060 
2816 
2195 
2130 
2253 
2253 
1955 
1956 
2176 
2122 
2177 
2177 
2230 
2286 
2287 
2287 
2197 
2197 
2255 
2256 
2256 
2615 
2156 
2156 
2204 
2167 
2205 
2205 
2310 
2257 
2309 
2310 
2347 
2200 
2348 
2348 
2128 
2092 
2129 
2129 
2240 
2239 
2241 
2241 
2518 
2359 
2518 
2242 
2295 
2295 
2282 
2306 
2306 
2161 
2081 
2162 
2162 
2267 
2291 
2312 
2312 
2272 
2494 
2467 
2494 
2329 
2219 
2331 
2331 
2372 
2193 
2373 
2373 
2278 
2278 
2104 
2062 
2344 
2343 
2344 
2052 
2229 
2229 
2282 
2088 
2277 
2277 
2179 
2232 
2231 
2232 
2302 
2225 
2334 
2334 
2134 
2301 
2302 
2135 
2136 
2136 
2137 
2138 
2138 
2139 
2140 
2140 
2141 
2142 
2142 
2143 
2144 
2144 
2145 
2146 
2146 
2147 
2148 
2148 
2149 
2150 
2150 
2053 
2247 
2247 
2053 
2211 
2131 
2212 
2212 
2226 
2226 
2209 
2124 
2210 
2210 
2178 
2201 
2328 
2328 
2163 
2133 
2164 
2164 
2159 
2324 
2323 
2324 
2170 
2172 
2172 
2227 
2227 
2174 
2175 
2175 
2280 
2281 
2281 
2218 
2339 
2338 
2339 
2168 
2168 
2190 
2102 
2192 
2192 
2169 
2171 
2171 
2234 
2234 
2330 
2330 
2206 
2207 
2207 
2181 
2181 
2071 
2191 
2191 
2157 
2158 
2285 
2285 
2626 
2388 
2458 
2626 
2458 
2527 
2294 
2390 
2527 
2283 
2306 
2327 
2327 
2216 
2217 
2217 
2290 
2291 
2319 
2319 
2222 
2224 
2224 
2346 
2346 
2320 
2322 
2322 
2279 
2314 
2313 
2314 
2460 
2658 
2658 
2101 
2333 
2358 
2358 
2275 
2347 
2640 
2436 
2455 
2640 
2483 
2484 
2484 
2244 
2243 
2246 
2246 
2263 
2298 
2300 
2300 
2356 
2355 
2356 
2248 
2249 
2249 
2069 
2245 
2245 
2258 
2511 
2365 
2511 
2254 
2746 
2364 
2746 
2385 
2402 
2392 
2402 
2383 
2499 
2534 
2534 
2303 
2305 
2305 
2514 
2514 
2743 
2567 
2743 
2522 
2522 
2260 
2259 
2260 
2297 
2297 
2273 
2370 
2370 
2095 
2123 
2123 
2527 
2400 
2528 
2528 
2462 
2366 
2464 
2464 
2378 
2399 
2400 
2446 
2448 
2448 
2422 
2423 
2423 
2376 
2326 
2519 
2374 
2521 
2521 
2266 
2350 
2436 
2315 
2429 
2429 
2223 
2223 
2292 
2315 
2361 
2424 
2424 
2440 
2880 
2571 
2880 
2220 
2220 
2317 
2321 
2321 
2202 
2202 
2393 
2393 
2447 
2447 
2556 
2345 
2556 
2501 
2501 
2363 
2462 
2268 
2269 
2269 
2185 
2357 
2342 
2357 
2304 
2304 
2379 
2188 
2375 
2379 
2236 
2614 
2352 
2614 
2401 
2401 
2632 
2642 
2642 
2263 
2096 
2265 
2265 
2264 
2746 
2308 
2308 
2270 
2270 
2250 
2251 
2251 
2360 
2361 
2535 
2556 
2199 
2299 
2299 
2425 
2488 
2489 
2489 
2307 
2307 
2563 
2597 
2598 
2598 
2274 
2274 
2507 
2838 
2547 
2838 
2493 
2546 
2607 
2607 
2262 
2261 
2262 
2743 
2316 
2317 
2520 
2520 
2510 
2522 
2430 
2367 
2432 
2432 
2362 
2363 
2454 
2452 
2454 
2580 
2581 
2581 
2369 
2947 
2947 
2386 
2630 
2516 
2630 
2368 
2486 
2557 
2557 
2387 
2391 
2391 
2485 
2485 
2656 
2426 
2680 
2680 
2548 
2439 
2550 
2550 
2445 
2440 
2696 
2696 
2445 
2276 
2276 
2187 
2640 
2501 
2530 
2530 
2442 
2443 
2443 
2470 
2380 
2471 
2471 
2421 
2421 
2495 
2495 
2371 
2481 
2879 
2515 
2879 
2476 
2434 
2477 
2477 
2433 
2585 
2596 
2596 
2381 
2351 
2382 
2382 
2406 
2407 
2407 
2408 
2409 
2409 
2410 
2411 
2411 
2412 
2413 
2413 
2414 
2415 
2415 
2416 
2417 
2417 
2418 
2419 
2419 
2506 
2506 
2593 
2595 
2595 
2511 
2614 
2523 
2353 
2524 
2524 
2431 
2431 
2437 
2438 
2438 
2531 
2377 
2472 
2532 
2532 
2552 
2589 
2588 
2589 
2572 
2480 
2577 
2577 
2573 
2573 
2490 
2490 
2574 
2575 
2575 
2377 
2389 
2472 
2469 
2497 
2496 
2497 
2582 
2582 
2465 
2517 
2631 
2631 
2645 
2397 
2636 
2645 
2549 
2549 
2444 
2625 
2654 
2654 
2237 
2237 
2938 
2851 
2938 
2500 
2611 
2611 
2555 
2570 
2576 
2576 
2544 
2546 
2420 
2551 
2552 
2606 
2606 
2568 
2590 
2590 
2478 
2479 
2479 
2569 
2569 
2601 
2592 
2603 
2603 
2578 
2579 
2579 
2602 
2602 
2449 
2451 
2451 
2540 
2512 
2541 
2541 
2737 
2736 
2737 
2354 
2536 
2536 
2502 
2605 
2604 
2605 
2395 
2529 
2529 
2509 
2623 
2656 
2504 
2505 
2505 
2508 
2508 
2525 
2526 
2526 
3202 
2947 
3202 
2661 
2461 
2586 
2663 
2663 
2637 
2639 
2639 
2682 
2655 
2714 
2714 
2394 
2453 
2453 
2562 
2561 
2562 
2770 
2774 
2774 
2583 
2583 
2384 
2612 
2613 
2613 
2428 
2559 
2558 
2559 
2553 
2555 
2396 
2492 
2491 
2492 
2537 
2537 
2685 
2685 
2738 
2533 
2539 
2738 
2809 
2811 
2811 
2560 
2681 
2681 
2435 
2435 
2587 
2587 
2403 
2487 
2487 
3057 
3057 
2450 
2450 
2662 
2662 
2794 
2794 
2975 
2738 
2975 
2724 
2725 
2725 
2726 
2726 
2600 
2600 
2793 
2793 
2427 
2427 
2591 
2591 
2709 
2808 
2859 
2997 
2997 
2594 
2594 
2466 
2466 
2599 
2599 
2457 
2456 
2457 
2755 
2760 
2761 
2761 
2748 
2643 
2749 
2749 
2678 
2609 
2679 
2679 
2638 
2638 
3202 
2787 
2750 
2787 
2697 
2934 
2934 
2404 
2543 
2697 
2796 
2795 
2797 
2797 
2836 
2699 
2837 
2837 
2651 
2716 
2791 
2792 
2792 
2814 
2768 
2938 
2879 
2652 
2653 
2653 
2768 
2538 
2474 
2473 
2474 
2686 
2696 
2799 
2705 
2800 
2800 
2644 
2754 
2755 
2851 
2812 
2832 
2832 
2564 
2566 
2566 
2694 
2712 
2815 
2815 
2554 
2554 
2475 
2475 
2545 
2545 
2565 
2565 
2650 
2622 
2769 
2769 
2692 
2735 
2735 
2689 
2688 
2691 
2691 
2741 
2719 
2740 
2741 
2687 
2687 
2627 
2745 
2744 
2745 
2664 
2706 
2707 
2707 
2459 
2459 
2665 
2666 
2666 
2667 
2668 
2668 
2669 
2670 
2670 
2671 
2672 
2672 
2673 
2674 
2674 
2675 
2676 
2676 
2756 
2756 
2733 
2635 
2734 
2734 
2843 
2843 
2826 
2817 
2825 
2826 
2783 
2693 
2783 
2684 
2789 
2788 
2789 
2801 
2801 
2610 
2619 
2620 
2620 
2703 
2704 
2704 
2829 
2831 
2831 
2781 
2683 
2782 
2782 
2882 
2883 
2883 
2608 
2618 
2660 
2659 
2660 
2810 
2810 
2762 
2762 
2651 
2648 
2828 
2828 
2818 
2818 
2701 
2728 
2934 
2628 
2629 
2629 
2608 
2780 
2616 
2779 
2780 
2729 
2731 
2731 
2819 
2819 
2710 
2711 
2711 
2790 
2790 
2677 
2806 
2807 
2807 
2908 
2702 
2918 
2918 
2698 
2772 
3057 
2772 
2759 
2794 
2700 
2700 
2830 
2830 
2690 
2690 
2765 
2695 
2764 
2765 
2922 
2923 
2923 
2715 
3046 
2907 
3046 
2931 
2931 
2890 
2931 
2751 
2753 
2753 
2766 
2821 
2822 
2822 
2892 
2856 
2891 
2892 
2827 
2798 
2827 
2814 
2802 
2804 
2804 
2752 
2752 
2778 
2906 
2950 
2950 
2633 
2784 
2786 
2786 
2747 
2720 
2747 
2773 
2881 
2881 
2813 
2739 
2813 
2778 
2939 
2939 
2777 
2776 
2777 
2708 
2708 
2874 
2873 
2874 
2763 
2773 
2840 
2911 
2911 
2767 
2758 
2824 
2824 
2785 
2785 
2975 
2730 
2730 
2721 
2722 
2722 
2803 
2803 
2995 
2979 
2995 
2875 
2875 
2770 
2621 
2621 
2856 
2849 
2891 
2876 
2877 
2877 
2775 
2742 
2775 
2823 
2823 
2846 
2846 
2878 
2878 
3003 
3046 
2887 
2884 
2889 
2889 
2932 
2944 
2945 
2945 
2908 
2926 
2988 
2987 
2988 
2855 
2894 
2893 
2894 
2933 
2933 
2833 
2834 
2925 
2925 
2805 
2805 
2859 
2808 
2886 
2966 
2965 
2966 
2915 
2917 
2917 
2842 
2959 
2960 
2960 
2942 
2993 
2992 
2993 
2723 
2723 
3003 
2991 
2937 
2990 
2991 
2857 
2839 
2858 
2858 
3080 
2919 
2920 
3080 
2835 
2835 
2997 
2727 
2727 
2855 
2899 
2896 
2900 
2900 
2860 
2861 
2861 
2862 
2863 
2863 
2864 
2865 
2865 
2866 
2867 
2867 
2868 
2870 
2870 
2850 
2869 
2869 
2964 
2971 
2972 
2972 
2872 
2888 
2888 
2798 
2957 
2904 
2958 
2958 
2847 
2941 
2940 
2941 
2952 
2844 
2954 
2954 
2953 
2953 
2871 
2946 
2980 
2980 
2845 
3002 
3002 
2912 
2895 
2913 
2913 
2994 
2978 
2994 
2974 
2969 
2974 
2927 
2928 
2928 
2853 
2852 
2853 
2854 
2920 
2919 
2902 
2903 
2903 
2984 
2943 
2985 
2985 
2901 
2901 
2905 
2905 
2961 
2962 
2962 
3006 
2998 
3008 
3008 
2916 
2916 
3007 
3007 
2841 
2841 
3060 
3060 
3000 
3001 
3001 
2924 
2924 
2951 
2973 
2973 
3067 
3080 
3034 
3035 
3035 
3043 
3044 
3044 
3020 
3076 
3076 
2850 
2845 
2936 
2935 
2936 
2897 
2929 
2930 
2930 
3065 
3065 
2955 
2885 
2956 
2956 
3014 
3015 
3015 
2948 
2968 
2968 
2898 
2898 
3050 
3066 
3066 
3058 
3117 
3117 
3016 
3016 
3045 
3045 
3075 
3074 
3075 
3004 
3005 
3005 
2963 
2981 
2982 
2982 
3040 
3042 
3042 
3041 
3041 
3019 
3020 
3103 
3105 
3105 
3017 
3017 
2909 
2914 
2914 
2921 
2977 
2976 
2977 
2949 
2949 
3010 
3011 
3011 
3012 
3012 
3102 
3048 
3130 
3130 
3049 
3049 
2989 
2989 
3021 
3095 
3094 
3095 
2983 
2983 
3124 
3101 
3125 
3125 
3089 
3053 
3089 
2999 
3062 
3061 
3062 
2910 
2910 
2996 
3047 
3047 
3077 
3077 
3022 
3023 
3023 
3024 
3025 
3025 
3026 
3027 
3027 
3028 
3029 
3029 
3030 
3032 
3032 
3031 
3031 
3033 
3108 
3109 
3109 
3118 
3121 
3121 
3104 
3104 
3036 
3050 
2970 
2986 
2986 
3092 
3018 
3093 
3093 
3120 
3051 
3120 
3098 
3100 
3100 
3119 
3119 
3038 
3037 
3038 
3068 
3132 
3134 
3134 
3087 
3039 
3110 
3110 
3063 
3064 
3064 
3088 
3088 
3054 
3055 
3055 
3096 
3097 
3097 
3013 
3147 
3147 
2986 
3083 
3071 
3083 
3140 
3140 
3126 
3126 
3009 
3123 
3122 
3123 
3149 
3149 
3056 
3129 
3128 
3129 
3086 
3099 
3099 
3184 
3186 
3186 
3072 
3073 
3073 
3159 
3160 
3160 
3116 
3172 
3187 
3187 
3197 
3198 
3198 
3079 
3059 
3078 
3079 
3111 
3112 
3133 
3133 
3214 
3215 
3215 
3135 
3135 
3052 
3052 
3091 
3127 
3127 
3207 
3207 
3188 
3157 
3227 
3227 
3150 
3152 
3152 
3210 
3211 
3211 
3145 
3146 
3146 
3082 
3070 
3081 
3082 
3114 
3090 
3115 
3115 
3237 
3259 
3259 
3085 
3086 
3244 
3245 
3245 
3216 
3217 
3217 
3131 
3084 
3131 
3185 
3185 
3136 
3138 
3138 
3173 
3235 
3235 
3137 
3137 
3141 
3142 
3142 
3139 
3158 
3158 
3148 
3188 
3176 
3242 
3241 
3242 
3161 
3161 
3174 
3175 
3175 
3155 
3155 
3177 
3251 
3250 
3251 
3218 
3218 
3201 
3192 
3201 
3151 
3151 
3153 
3203 
3204 
3204 
3194 
3194 
3154 
3220 
3219 
3220 
3162 
3163 
3163 
3164 
3165 
3165 
3166 
3167 
3167 
3168 
3170 
3170 
3169 
3169 
3228 
3144 
3228 
3106 
3107 
3107 
3143 
3143 
3208 
3208 
3156 
3179 
3180 
3180 
3113 
3113 
3238 
3238 
3182 
3183 
3183 
3209 
3209 
3178 
3243 
3243 
3224 
3225 
3225 
3248 
3222 
3249 
3249 
3192 
3261 
3226 
3260 
3261 
3338 
3337 
3338 
3349 
3347 
3349 
3232 
3191 
3262 
3262 
3200 
3171 
3199 
3200 
3240 
3240 
3312 
3313 
3313 
3279 
3280 
3280 
3319 
3318 
3319 
3303 
3302 
3303 
3229 
3205 
3229 
3247 
3206 
3247 
3181 
3181 
3233 
3195 
3234 
3234 
3239 
3223 
3239 
3231 
3306 
3306 
3287 
3288 
3288 
3270 
3272 
3272 
3263 
3263 
3255 
3257 
3258 
3258 
3246 
3221 
3246 
3281 
3281 
3292 
3292 
3265 
3266 
3266 
3189 
3252 
3254 
3254 
3190 
3190 
3340 
3339 
3340 
3213 
3193 
3212 
3213 
3230 
3231 
3346 
3345 
3346 
3256 
3256 
3275 
3274 
3275 
3236 
3236 
3253 
3253 
3277 
3268 
3277 
3342 
3421 
3421 
3294 
3334 
3334 
3264 
3299 
3299 
3327 
3327 
3271 
3271 
3316 
3267 
3317 
3317 
3278 
3324 
3323 
3324 
3341 
3293 
3426 
3426 
3307 
3426 
3341 
3289 
3289 
3282 
3283 
3283 
3284 
3285 
3285 
3371 
3368 
3371 
3371 
3298 
3336 
3335 
3336 
3196 
3196 
3276 
3276 
3273 
3311 
3311 
3308 
3355 
3354 
3355 
3320 
3320 
3305 
3342 
3310 
3325 
3325 
3348 
3348 
3350 
3351 
3351 
3295 
3297 
3297 
3286 
3331 
3330 
3331 
3332 
3333 
3333 
3418 
3419 
3419 
3444 
3456 
3456 
3357 
3395 
3395 
3315 
3314 
3315 
3300 
3301 
3301 
3290 
3291 
3291 
3383 
3384 
3384 
3362 
3363 
3363 
3406 
3406 
3372 
3373 
3373 
3269 
3309 
3310 
3343 
3321 
3344 
3344 
3360 
3304 
3375 
3375 
3387 
3389 
3389 
3326 
3328 
3329 
3329 
3356 
3357 
3296 
3296 
3428 
3427 
3428 
3300 
3438 
3437 
3438 
3409 
3410 
3410 
3399 
3399 
3361 
3402 
3402 
3385 
3385 
3352 
3353 
3353 
3379 
3381 
3381 
3367 
3366 
3367 
3390 
3364 
3391 
3391 
3382 
3392 
3392 
3358 
3405 
3400 
3405 
3401 
3393 
3401 
3359 
3435 
3436 
3436 
3388 
3388 
3376 
3378 
3378 
3322 
3322 
3365 
3415 
3414 
3415 
3420 
3420 
3369 
3370 
3370 
3394 
3403 
3403 
3441 
3425 
3440 
3441 
3374 
3374 
3380 
3380 
3398 
3398 
3434 
3396 
3434 
3464 
3479 
3479 
3417 
3397 
3416 
3417 
3394 
3444 
3386 
3424 
3424 
3442 
3439 
3442 
3404 
3429 
3431 
3431 
3377 
3377 
3455 
3449 
3455 
3412 
3413 
3413 
3447 
3448 
3448 
3439 
3432 
3433 
3433 
3484 
3483 
3484 
3422 
3411 
3423 
3423 
3485 
3486 
3486 
3482 
3481 
3482 
3459 
3492 
3492 
3487 
3466 
3487 
3510 
3509 
3510 
3477 
3478 
3478 
3469 
3468 
3469 
3457 
3452 
3457 
3473 
3458 
3473 
3506 
3508 
3508 
3445 
3446 
3446 
3453 
3474 
3474 
3461 
3443 
3460 
3461 
3503 
3504 
3505 
3505 
3408 
3407 
3408 
3454 
3463 
3463 
3491 
3491 
3497 
3465 
3514 
3514 
3450 
3490 
3489 
3490 
3453 
3466 
3548 
3548 
3532 
3532 
3507 
3507 
3470 
3451 
3470 
3531 
3531 
3475 
3476 
3476 
3430 
3430 
3530 
3530 
3513 
3511 
3513 
3502 
3501 
3502 
3462 
3495 
3496 
3496 
3515 
3467 
3515 
3498 
3500 
3500 
3543 
3572 
3572 
3528 
3529 
3529 
3488 
3527 
3527 
3472 
3471 
3472 
3551 
3550 
3551 
3523 
3522 
3523 
3554 
3554 
3549 
3544 
3549 
3480 
3493 
3494 
3494 
3546 
3547 
3547 
3499 
3499 
3559 
3560 
3560 
3570 
3569 
3570 
3520 
3521 
3521 
3525 
3526 
3526 
3541 
3516 
3542 
3542 
3553 
3571 
3571 
3584 
3584 
3545 
3519 
3545 
3524 
3524 
3533 
3535 
3537 
3537 
3517 
3519 
3518 
3518 
3568 
3566 
3568 
3540 
3573 
3573 
3591 
3590 
3591 
3557 
3539 
3558 
3558 
3512 
3512 
3534 
3536 
3536 
3598 
3589 
3598 
3579 
3581 
3581 
3599 
3600 
3600 
3580 
3614 
3614 
3594 
3582 
3594 
3555 
3552 
3556 
3556 
3567 
3567 
3604 
3605 
3605 
3606 
3606 
3588 
3589 
3576 
3578 
3578 
3595 
3596 
3596 
3638 
3636 
3638 
3538 
3561 
3561 
3601 
3601 
3565 
3562 
3565 
3563 
3564 
3564 
3613 
3612 
3613 
3620 
3620 
3586 
3587 
3587 
3635 
3622 
3635 
3575 
3610 
3607 
3610 
3580 
3603 
3619 
3619 
3577 
3577 
3592 
3593 
3593 
3616 
3616 
3624 
3602 
3626 
3626 
3618 
3585 
3617 
3618 
3625 
3625 
3631 
3621 
3631 
3628 
3611 
3629 
3629 
3574 
3608 
3609 
3609 
3639 
3615 
3639 
3633 
3642 
3642 
3597 
3623 
3623 
3583 
3583 
3605 
3578 
3627 
3641 
3640 
3641 
3632 
3634 
3634 
3652 
3653 
3653 
3628 
3638 
3646 
3647 
3647 
3630 
3643 
3643 
2542 
3613 
3631 
3637 
3637 
3612 
3069 
3620 
3608 
2441 
3645 
3645 
3649 
2771 
3639 
3649 
2713 
3611 
3646 
3644 
3645 
3617 
2657 
3648 
3648 
3619 
3644 
3607 
3615 
3069 
2120 
3637 
3641 
3609 
2647 
3652 
3651 
3651 
3650 
3650 
3626 
2732 
3630 
2820 
2214 
2757 
3634 
3651 
2024 
2349 
2482 
3629 
2848 
2116 
2967 
2332 
2771 
3625 
2094 
2649 
2624 
2634 
3648 
3642 
2335 
3643 
2641 
2010 
3640 
2624 
3653 
2463 
2332 
2113 
2732 
2335 
2646 
2820 
3650 
2646 
2311 
2513 
2120 
2441 
2214 
2657 
2296 
1949 
1742 
2203 
2498 
1684 
1264 
2002 
2094 
1975 
2189 
1590 
