1 0.02 2.27374e-15 0 
2 0.02 0.06 0 
3 -3.88578e-16 2.27374e-15 0 
4 -3.88578e-16 0.06 0 
5 0.11 2.27374e-15 0 
6 0.11 0.06 0 
7 0.00250453 2.27374e-15 0 
8 0.00472321 2.27374e-15 0 
9 0.00668867 2.27374e-15 0 
10 0.0084298 2.27374e-15 0 
11 0.00997222 2.27374e-15 0 
12 0.0113386 2.27374e-15 0 
13 0.012549 2.27374e-15 0 
14 0.0136213 2.27374e-15 0 
15 0.0145712 2.27374e-15 0 
16 0.0154127 2.27374e-15 0 
17 0.0161581 2.27374e-15 0 
18 0.0168184 2.27374e-15 0 
19 0.0174034 2.27374e-15 0 
20 0.0179217 2.27374e-15 0 
21 0.0183807 2.27374e-15 0 
22 0.0187874 2.27374e-15 0 
23 0.0191477 2.27374e-15 0 
24 0.0194668 2.27374e-15 0 
25 0.0197495 2.27374e-15 0 
26 0.0206923 2.27374e-15 0 
27 0.0213846 2.27374e-15 0 
28 0.0220769 2.27374e-15 0 
29 0.0227692 2.27374e-15 0 
30 0.0234615 2.27374e-15 0 
31 0.0241538 2.27374e-15 0 
32 0.0248462 2.27374e-15 0 
33 0.0255385 2.27374e-15 0 
34 0.0262308 2.27374e-15 0 
35 0.0269231 2.27374e-15 0 
36 0.0276154 2.27374e-15 0 
37 0.0283077 2.27374e-15 0 
38 0.029 2.27374e-15 0 
39 0.0296923 2.27374e-15 0 
40 0.0303846 2.27374e-15 0 
41 0.0310769 2.27374e-15 0 
42 0.0317692 2.27374e-15 0 
43 0.0324615 2.27374e-15 0 
44 0.0331538 2.27374e-15 0 
45 0.0338462 2.27374e-15 0 
46 0.0345385 2.27374e-15 0 
47 0.0352308 2.27374e-15 0 
48 0.0359231 2.27374e-15 0 
49 0.0366154 2.27374e-15 0 
50 0.0373077 2.27374e-15 0 
51 0.038 2.27374e-15 0 
52 0.0386923 2.27374e-15 0 
53 0.0393846 2.27374e-15 0 
54 0.0400769 2.27374e-15 0 
55 0.0407692 2.27374e-15 0 
56 0.0414615 2.27374e-15 0 
57 0.0421538 2.27374e-15 0 
58 0.0428462 2.27374e-15 0 
59 0.0435385 2.27374e-15 0 
60 0.0442308 2.27374e-15 0 
61 0.0449231 2.27374e-15 0 
62 0.0456154 2.27374e-15 0 
63 0.0463077 2.27374e-15 0 
64 0.047 2.27374e-15 0 
65 0.0476923 2.27374e-15 0 
66 0.0483846 2.27374e-15 0 
67 0.0490769 2.27374e-15 0 
68 0.0497692 2.27374e-15 0 
69 0.0504615 2.27374e-15 0 
70 0.0511538 2.27374e-15 0 
71 0.0518462 2.27374e-15 0 
72 0.0525385 2.27374e-15 0 
73 0.0532308 2.27374e-15 0 
74 0.0539231 2.27374e-15 0 
75 0.0546154 2.27374e-15 0 
76 0.0553077 2.27374e-15 0 
77 0.056 2.27374e-15 0 
78 0.0566923 2.27374e-15 0 
79 0.0573846 2.27374e-15 0 
80 0.0580769 2.27374e-15 0 
81 0.0587692 2.27374e-15 0 
82 0.0594615 2.27374e-15 0 
83 0.0601538 2.27374e-15 0 
84 0.0608462 2.27374e-15 0 
85 0.0615385 2.27374e-15 0 
86 0.0622308 2.27374e-15 0 
87 0.0629231 2.27374e-15 0 
88 0.0636154 2.27374e-15 0 
89 0.0643077 2.27374e-15 0 
90 0.065 2.27374e-15 0 
91 0.0656923 2.27374e-15 0 
92 0.0663846 2.27374e-15 0 
93 0.0670769 2.27374e-15 0 
94 0.0677692 2.27374e-15 0 
95 0.0684615 2.27374e-15 0 
96 0.0691538 2.27374e-15 0 
97 0.0698462 2.27374e-15 0 
98 0.0705385 2.27374e-15 0 
99 0.0712308 2.27374e-15 0 
100 0.0719231 2.27374e-15 0 
101 0.0726154 2.27374e-15 0 
102 0.0733077 2.27374e-15 0 
103 0.074 2.27374e-15 0 
104 0.0746923 2.27374e-15 0 
105 0.0753846 2.27374e-15 0 
106 0.0760769 2.27374e-15 0 
107 0.0767692 2.27374e-15 0 
108 0.0774615 2.27374e-15 0 
109 0.0781538 2.27374e-15 0 
110 0.0788462 2.27374e-15 0 
111 0.0795385 2.27374e-15 0 
112 0.0802308 2.27374e-15 0 
113 0.0809231 2.27374e-15 0 
114 0.0816154 2.27374e-15 0 
115 0.0823077 2.27374e-15 0 
116 0.083 2.27374e-15 0 
117 0.0836923 2.27374e-15 0 
118 0.0843846 2.27374e-15 0 
119 0.0850769 2.27374e-15 0 
120 0.0857692 2.27374e-15 0 
121 0.0864615 2.27374e-15 0 
122 0.0871538 2.27374e-15 0 
123 0.0878462 2.27374e-15 0 
124 0.0885385 2.27374e-15 0 
125 0.0892308 2.27374e-15 0 
126 0.0899231 2.27374e-15 0 
127 0.0906154 2.27374e-15 0 
128 0.0913077 2.27374e-15 0 
129 0.092 2.27374e-15 0 
130 0.0926923 2.27374e-15 0 
131 0.0933846 2.27374e-15 0 
132 0.0940769 2.27374e-15 0 
133 0.0947692 2.27374e-15 0 
134 0.0954615 2.27374e-15 0 
135 0.0961538 2.27374e-15 0 
136 0.0968462 2.27374e-15 0 
137 0.0975385 2.27374e-15 0 
138 0.0982308 2.27374e-15 0 
139 0.0989231 2.27374e-15 0 
140 0.0996154 2.27374e-15 0 
141 0.100308 2.27374e-15 0 
142 0.101 2.27374e-15 0 
143 0.101692 2.27374e-15 0 
144 0.102385 2.27374e-15 0 
145 0.103077 2.27374e-15 0 
146 0.103769 2.27374e-15 0 
147 0.104462 2.27374e-15 0 
148 0.105154 2.27374e-15 0 
149 0.105846 2.27374e-15 0 
150 0.106538 2.27374e-15 0 
151 0.107231 2.27374e-15 0 
152 0.107923 2.27374e-15 0 
153 0.108615 2.27374e-15 0 
154 0.109308 2.27374e-15 0 
155 -3.88578e-16 0.0575 0 
156 -3.88578e-16 0.055 0 
157 -3.88578e-16 0.0525 0 
158 -3.88578e-16 0.05 0 
159 -3.88578e-16 0.0475 0 
160 -3.88578e-16 0.045 0 
161 -3.88578e-16 0.0425 0 
162 -3.88578e-16 0.04 0 
163 -3.88578e-16 0.0375 0 
164 -3.88578e-16 0.035 0 
165 -3.88578e-16 0.0325 0 
166 -3.88578e-16 0.03 0 
167 -3.88578e-16 0.0275 0 
168 -3.88578e-16 0.025 0 
169 -3.88578e-16 0.0225 0 
170 -3.88578e-16 0.02 0 
171 -3.88578e-16 0.0175 0 
172 -3.88578e-16 0.015 0 
173 -3.88578e-16 0.0125 0 
174 -3.88578e-16 0.01 0 
175 -3.88578e-16 0.0075 0 
176 -3.88578e-16 0.005 0 
177 -3.88578e-16 0.0025 0 
178 0.0175 0.06 0 
179 0.015 0.06 0 
180 0.0125 0.06 0 
181 0.01 0.06 0 
182 0.0075 0.06 0 
183 0.005 0.06 0 
184 0.0025 0.06 0 
185 0.02 0.000285184 0 
186 0.02 0.000689042 0 
187 0.02 0.00119912 0 
188 0.02 0.00184889 0 
189 0.02 0.00272937 0 
190 0.02 0.00382532 0 
191 0.02 0.00530012 0 
192 0.02 0.0071946 0 
193 0.02 0.00959261 0 
194 0.02 0.012113 0 
195 0.02 0.0146333 0 
196 0.02 0.0171537 0 
197 0.02 0.0196741 0 
198 0.02 0.0221945 0 
199 0.02 0.0247148 0 
200 0.02 0.0272352 0 
201 0.02 0.0297556 0 
202 0.02 0.0322759 0 
203 0.02 0.0347963 0 
204 0.02 0.0373167 0 
205 0.02 0.039837 0 
206 0.02 0.0423574 0 
207 0.02 0.0448778 0 
208 0.02 0.0473982 0 
209 0.02 0.0499185 0 
210 0.02 0.0524389 0 
211 0.02 0.0549593 0 
212 0.02 0.0574796 0 
213 0.1075 0.06 0 
214 0.105 0.06 0 
215 0.1025 0.06 0 
216 0.1 0.06 0 
217 0.0975 0.06 0 
218 0.095 0.06 0 
219 0.0925 0.06 0 
220 0.09 0.06 0 
221 0.0875 0.06 0 
222 0.085 0.06 0 
223 0.0825 0.06 0 
224 0.08 0.06 0 
225 0.0775 0.06 0 
226 0.075 0.06 0 
227 0.0725 0.06 0 
228 0.07 0.06 0 
229 0.0675 0.06 0 
230 0.065 0.06 0 
231 0.0625 0.06 0 
232 0.06 0.06 0 
233 0.0575 0.06 0 
234 0.055 0.06 0 
235 0.0525 0.06 0 
236 0.05 0.06 0 
237 0.0475 0.06 0 
238 0.045 0.06 0 
239 0.0425 0.06 0 
240 0.04 0.06 0 
241 0.0375 0.06 0 
242 0.035 0.06 0 
243 0.0325 0.06 0 
244 0.03 0.06 0 
245 0.0275 0.06 0 
246 0.025 0.06 0 
247 0.0225 0.06 0 
248 0.11 0.000960153 0 
249 0.11 0.00213866 0 
250 0.11 0.00365097 0 
251 0.11 0.00550147 0 
252 0.11 0.00781554 0 
253 0.11 0.0103005 0 
254 0.11 0.0127855 0 
255 0.11 0.0152705 0 
256 0.11 0.0177554 0 
257 0.11 0.0202404 0 
258 0.11 0.0227254 0 
259 0.11 0.0252104 0 
260 0.11 0.0276953 0 
261 0.11 0.0301803 0 
262 0.11 0.0326653 0 
263 0.11 0.0351503 0 
264 0.11 0.0376352 0 
265 0.11 0.0401202 0 
266 0.11 0.0426052 0 
267 0.11 0.0450902 0 
268 0.11 0.0475751 0 
269 0.11 0.0500601 0 
270 0.11 0.0525451 0 
271 0.11 0.0550301 0 
272 0.11 0.057515 0 
273 0.00316775 0.00216718 0 
274 0.00740007 0.00179751 0 
275 0.0106125 0.00133607 0 
276 0.0130581 0.000929186 0 
277 0.0149506 0.000751669 0 
278 0.0164556 0.000610684 0 
279 0.0176633 0.000497346 0 
280 0.0186144 0.000355326 0 
281 0.0193076 0.000271344 0 
282 0.00220023 0.0565915 0 
283 0.00221072 0.0513938 0 
284 0.00222324 0.0463658 0 
285 0.00222796 0.0413548 0 
286 0.00221884 0.0363376 0 
287 0.00221688 0.0313271 0 
288 0.0022176 0.0263265 0 
289 0.00221727 0.0213257 0 
290 0.00221599 0.0163288 0 
291 0.00219887 0.0113271 0 
292 0.00215205 0.00633897 0 
293 0.0164632 0.0577379 0 
294 0.0111247 0.0577415 0 
295 0.00623634 0.0579375 0 
296 0.0196328 0.000380692 0 
297 0.0194159 0.00152475 0 
298 0.0190096 0.00329715 0 
299 0.0183829 0.00631766 0 
300 0.0178589 0.0107792 0 
301 0.017795 0.0158221 0 
302 0.0177882 0.0208603 0 
303 0.0177858 0.0258944 0 
304 0.0177847 0.0309305 0 
305 0.0177856 0.035964 0 
306 0.0177945 0.0409913 0 
307 0.0178194 0.0460081 0 
308 0.0177362 0.0510489 0 
309 0.0178021 0.0558 0 
310 0.00537843 0.00210721 0 
311 0.00913442 0.00153698 0 
312 0.0118642 0.00113752 0 
313 0.0140803 0.000810027 0 
314 0.0157174 0.000686622 0 
315 0.0171181 0.000558014 0 
316 0.0181846 0.000427239 0 
317 0.0189803 0.000308883 0 
318 0.00219271 0.0488603 0 
319 0.00229463 0.0539799 0 
320 0.00223206 0.0438602 0 
321 0.00222161 0.0388445 0 
322 0.00221722 0.033832 0 
323 0.00221753 0.0288292 0 
324 0.00221694 0.0238253 0 
325 0.00221717 0.018825 0 
326 0.00221038 0.0138289 0 
327 0.00217791 0.00882408 0 
328 0.00195906 0.00409665 0 
329 0.0137494 0.0576118 0 
330 0.00865054 0.057913 0 
331 0.00408221 0.0579633 0 
332 0.0195533 0.000916611 0 
333 0.019252 0.00228656 0 
334 0.0187948 0.00463205 0 
335 0.0179833 0.0083188 0 
336 0.0178105 0.0133041 0 
337 0.0177904 0.0183427 0 
338 0.0177869 0.023379 0 
339 0.0177861 0.0284151 0 
340 0.0177855 0.0334513 0 
341 0.0177878 0.0384823 0 
342 0.017806 0.0435039 0 
343 0.0178051 0.0485286 0 
344 0.0176561 0.0535335 0 
345 0.00659188 0.00408432 0 
346 0.00443599 0.0276637 0 
347 0.0136438 0.00178341 0 
348 0.0101025 0.00299675 0 
349 0.0153839 0.00154845 0 
350 0.0192491 0.000617857 0 
351 0.0168695 0.00126497 0 
352 0.0180339 0.000978009 0 
353 0.00447203 0.0452529 0 
354 0.00443546 0.022659 0 
355 0.00844601 0.0034608 0 
356 0.00444564 0.0401989 0 
357 0.00443327 0.0477435 0 
358 0.00448357 0.052779 0 
359 0.0048028 0.0555018 0 
360 0.0151209 0.0550362 0 
361 0.00443438 0.0351767 0 
362 0.00446138 0.042725 0 
363 0.00443487 0.030162 0 
364 0.00443926 0.0376906 0 
365 0.00443443 0.0251556 0 
366 0.00443388 0.0326691 0 
367 0.00443538 0.0176598 0 
368 0.00441778 0.0126672 0 
369 0.0043171 0.00759644 0 
370 0.0095175 0.055627 0 
371 0.0121293 0.0553766 0 
372 0.00428583 0.00472553 0 
373 0.004321 0.0501985 0 
374 0.0187608 0.00177176 0 
375 0.0182264 0.00254466 0 
376 0.0173032 0.00522361 0 
377 0.0157337 0.00940587 0 
378 0.0155944 0.014483 0 
379 0.0155755 0.0195219 0 
380 0.0155712 0.0245497 0 
381 0.0155691 0.0295796 0 
382 0.0155682 0.0346131 0 
383 0.0155757 0.0396379 0 
384 0.0156212 0.0446338 0 
385 0.0155933 0.0496174 0 
386 0.0161149 0.00140549 0 
387 0.0125414 0.00213928 0 
388 0.0114146 0.00262043 0 
389 0.0145789 0.00163447 0 
390 0.0185075 0.000799496 0 
391 0.0175101 0.00114982 0 
392 0.015381 0.0521896 0 
393 0.0188738 0.000646547 0 
394 0.00727642 0.0560523 0 
395 0.00443663 0.0201623 0 
396 0.00443142 0.01516 0 
397 0.00438157 0.0101572 0 
398 0.0155817 0.0170088 0 
399 0.0190107 0.00108789 0 
400 0.0179172 0.0037468 0 
401 0.0161166 0.00687562 0 
402 0.0156299 0.0119581 0 
403 0.0155726 0.0220328 0 
404 0.0155709 0.0270686 0 
405 0.015569 0.0321015 0 
406 0.0155695 0.0371218 0 
407 0.015592 0.0421353 0 
408 0.0156563 0.0471115 0 
409 0.00662564 0.01153 0 
410 0.00665979 0.0165145 0 
411 0.00729375 0.0536542 0 
412 0.0128497 0.0529608 0 
413 0.0180494 0.00165445 0 
414 0.00671061 0.0441474 0 
415 0.00674825 0.0467157 0 
416 0.0133491 0.0382581 0 
417 0.0167331 0.00414316 0 
418 0.0134529 0.00292343 0 
419 0.0170241 0.00296168 0 
420 0.00665777 0.0290223 0 
421 0.00661765 0.0491905 0 
422 0.0133886 0.0432597 0 
423 0.0135488 0.0481302 0 
424 0.00665458 0.0140204 0 
425 0.0133673 0.0156494 0 
426 0.0066596 0.0215162 0 
427 0.0174117 0.00198237 0 
428 0.01349 0.00807492 0 
429 0.0133854 0.013136 0 
430 0.0133503 0.050562 0 
431 0.0134173 0.0106001 0 
432 0.0133515 0.0231853 0 
433 0.0133539 0.0206791 0 
434 0.0133497 0.0282133 0 
435 0.0133455 0.0357507 0 
436 0.013347 0.0332426 0 
437 0.0133604 0.040771 0 
438 0.00665889 0.0190104 0 
439 0.0134471 0.0457265 0 
440 0.00639681 0.00655617 0 
441 0.0101728 0.0533085 0 
442 0.00666442 0.0390669 0 
443 0.0113552 0.00455986 0 
444 0.00654558 0.00904132 0 
445 0.00665488 0.0340371 0 
446 0.0151067 0.00260496 0 
447 0.0184689 0.00127961 0 
448 0.0062465 0.0514156 0 
449 0.00665527 0.0365436 0 
450 0.0135879 0.00567748 0 
451 0.00665684 0.0265125 0 
452 0.0142649 0.00254735 0 
453 0.0156228 0.00499116 0 
454 0.00665673 0.0315328 0 
455 0.0133504 0.0256951 0 
456 0.00665831 0.0240133 0 
457 0.00667793 0.041589 0 
458 0.0133586 0.0181669 0 
459 0.0133481 0.0307228 0 
460 0.0083432 0.00571129 0 
461 0.0127018 0.00384548 0 
462 0.0166763 0.00201026 0 
463 0.0097944 0.00473996 0 
464 0.0111328 0.0167888 0 
465 0.011181 0.0443912 0 
466 0.00892111 0.0430121 0 
467 0.00884974 0.0104116 0 
468 0.0111227 0.0393709 0 
469 0.0111224 0.0268129 0 
470 0.0159468 0.00238958 0 
471 0.0144268 0.00389563 0 
472 0.00846814 0.0511644 0 
473 0.00888828 0.0128975 0 
474 0.0108983 0.00669899 0 
475 0.0088956 0.0153954 0 
476 0.0111192 0.031835 0 
477 0.0111231 0.024304 0 
478 0.0111392 0.0142788 0 
479 0.0111228 0.0217958 0 
480 0.00898635 0.0456162 0 
481 0.0111206 0.0293241 0 
482 0.0111154 0.0368581 0 
483 0.00870682 0.00797395 0 
484 0.0111164 0.0343478 0 
485 0.0111395 0.0418837 0 
486 0.00888587 0.030418 0 
487 0.00888898 0.0203946 0 
488 0.00888423 0.0379473 0 
489 0.0157737 0.00353937 0 
490 0.0111051 0.0092439 0 
491 0.0111438 0.0117707 0 
492 0.00918019 0.048502 0 
493 0.00889722 0.0404728 0 
494 0.0112844 0.0468443 0 
495 0.0111266 0.0192921 0 
496 0.00888417 0.0329282 0 
497 0.00888866 0.0228956 0 
498 0.0088923 0.0178928 0 
499 0.00888686 0.0279077 0 
500 0.0108948 0.0510187 0 
501 0.0088881 0.0254001 0 
502 0.00888213 0.0354362 0 
503 0.0116184 0.0490272 0 
504 0.0210367 0.000394077 0 
505 0.0216758 0.000525173 0 
506 0.0230574 0.000652135 0 
507 0.0244773 0.000690372 0 
508 0.0258919 0.000706178 0 
509 0.027266 0.000672677 0 
510 0.028633 0.000615241 0 
511 0.0299963 0.000665645 0 
512 0.0313959 0.000719361 0 
513 0.0328022 0.00072181 0 
514 0.0342108 0.000674592 0 
515 0.0355984 0.000654989 0 
516 0.0369779 0.00062087 0 
517 0.0383689 0.000614476 0 
518 0.0397376 0.000656842 0 
519 0.0411237 0.000629455 0 
520 0.042509 0.000640004 0 
521 0.0438927 0.000622705 0 
522 0.0452815 0.00065385 0 
523 0.0466615 0.000648704 0 
524 0.0480539 0.000610528 0 
525 0.0494399 0.0006423 0 
526 0.0508233 0.00063588 0 
527 0.0521711 0.000636614 0 
528 0.0535665 0.000647326 0 
529 0.0549409 0.000648144 0 
530 0.0563302 0.000633257 0 
531 0.0577107 0.000666011 0 
532 0.0591107 0.000668643 0 
533 0.0605036 0.00066117 0 
534 0.0618777 0.000643445 0 
535 0.0632494 0.000707815 0 
536 0.0646338 0.000665299 0 
537 0.0660102 0.000608891 0 
538 0.0673688 0.000711048 0 
539 0.0687712 0.000726585 0 
540 0.070217 0.000712963 0 
541 0.0716275 0.000715475 0 
542 0.0730092 0.000638513 0 
543 0.0743676 0.000610129 0 
544 0.0757118 0.000605215 0 
545 0.0770821 0.000656576 0 
546 0.0784714 0.000680821 0 
547 0.0798778 0.000655647 0 
548 0.0812753 0.000632854 0 
549 0.0826632 0.000603229 0 
550 0.0840503 0.000641715 0 
551 0.0854278 0.000663041 0 
552 0.0868078 0.000632824 0 
553 0.0881795 0.000614047 0 
554 0.0895613 0.000653012 0 
555 0.0909487 0.000689282 0 
556 0.0923376 0.000674522 0 
557 0.0937138 0.000645745 0 
558 0.0951052 0.000613471 0 
559 0.0964827 0.000659028 0 
560 0.0978706 0.000699025 0 
561 0.0992439 0.000679079 0 
562 0.100643 0.000648155 0 
563 0.102034 0.000691376 0 
564 0.103406 0.000639162 0 
565 0.104799 0.000708091 0 
566 0.106202 0.00068225 0 
567 0.107633 0.000654488 0 
568 0.108988 0.000773747 0 
569 0.0203346 0.000603927 0 
570 0.0204 0.00104281 0 
571 0.020398 0.0015265 0 
572 0.020922 0.00332594 0 
573 0.0211659 0.00468748 0 
574 0.0211468 0.00614762 0 
575 0.0221513 0.0107151 0 
576 0.0221648 0.0133155 0 
577 0.0221668 0.0158666 0 
578 0.0221672 0.0184012 0 
579 0.022167 0.0209276 0 
580 0.0221661 0.0234508 0 
581 0.0221653 0.0259726 0 
582 0.0221648 0.028494 0 
583 0.022165 0.0310152 0 
584 0.0221661 0.0335367 0 
585 0.0221681 0.0360583 0 
586 0.0221706 0.03858 0 
587 0.0221726 0.0411016 0 
588 0.0221725 0.0436234 0 
589 0.0221699 0.0461461 0 
590 0.0221671 0.0486715 0 
591 0.0221691 0.0512029 0 
592 0.0222176 0.0537543 0 
593 0.0220861 0.05618 0 
594 0.0216875 0.0582997 0 
595 0.105886 0.0578869 0 
596 0.101208 0.0578141 0 
597 0.096227 0.0578659 0 
598 0.0912537 0.057832 0 
599 0.0862609 0.0578218 0 
600 0.0812566 0.0578275 0 
601 0.0762525 0.0578325 0 
602 0.0712507 0.0578343 0 
603 0.0662502 0.0578347 0 
604 0.0612505 0.0578348 0 
605 0.0562515 0.0578349 0 
606 0.0512548 0.0578357 0 
607 0.0462641 0.0578404 0 
608 0.0412804 0.0578499 0 
609 0.0362861 0.0578093 0 
610 0.0312763 0.0577156 0 
611 0.0262151 0.0577035 0 
612 0.0237949 0.0578888 0 
613 0.108847 0.0030549 0 
614 0.108284 0.00664563 0 
615 0.107988 0.0115125 0 
616 0.107852 0.0164757 0 
617 0.107827 0.0214627 0 
618 0.107829 0.0264463 0 
619 0.107831 0.0314242 0 
620 0.107821 0.0364029 0 
621 0.107787 0.0413856 0 
622 0.107805 0.0463432 0 
623 0.107866 0.0513359 0 
624 0.107802 0.0565542 0 
625 0.0204999 0.000297449 0 
626 0.0223667 0.000623289 0 
627 0.0237941 0.000671067 0 
628 0.0252116 0.000683667 0 
629 0.0266025 0.000689207 0 
630 0.0279647 0.00060424 0 
631 0.0293259 0.000634995 0 
632 0.0307193 0.00067898 0 
633 0.0321182 0.000719967 0 
634 0.0334849 0.000690445 0 
635 0.034885 0.000656402 0 
636 0.0362643 0.000635059 0 
637 0.0376442 0.00060161 0 
638 0.0390346 0.000634792 0 
639 0.0404012 0.00063496 0 
640 0.0417979 0.000628571 0 
641 0.0431708 0.000642952 0 
642 0.0445676 0.000644648 0 
643 0.0459483 0.000672439 0 
644 0.0473281 0.000634935 0 
645 0.0487294 0.000633299 0 
646 0.0501021 0.000652913 0 
647 0.0515009 0.000648002 0 
648 0.0528926 0.000643492 0 
649 0.0542791 0.000665863 0 
650 0.0556553 0.000637747 0 
651 0.0570457 0.000659381 0 
652 0.0584316 0.000674256 0 
653 0.0598352 0.000674995 0 
654 0.0612053 0.000632359 0 
655 0.0625811 0.000680271 0 
656 0.0639683 0.00068462 0 
657 0.0653337 0.000591017 0 
658 0.0667054 0.000662623 0 
659 0.0680894 0.000712435 0 
660 0.0694801 0.000707864 0 
661 0.0709099 0.000707713 0 
662 0.0723063 0.000685196 0 
663 0.0736801 0.000608349 0 
664 0.0750306 0.000600512 0 
665 0.07638 0.000606977 0 
666 0.0777512 0.000684031 0 
667 0.0791496 0.000682229 0 
668 0.0805566 0.000656976 0 
669 0.0819402 0.000625441 0 
670 0.0833372 0.000627143 0 
671 0.0847162 0.000670395 0 
672 0.0860928 0.000665279 0 
673 0.0874789 0.000627684 0 
674 0.0888969 0.000632766 0 
675 0.0902778 0.000682047 0 
676 0.0916633 0.000691366 0 
677 0.0930558 0.000672556 0 
678 0.0944281 0.000622223 0 
679 0.095823 0.000644642 0 
680 0.0971987 0.000674077 0 
681 0.0985808 0.00068974 0 
682 0.0999635 0.000637813 0 
683 0.101366 0.000659024 0 
684 0.102746 0.000668601 0 
685 0.104137 0.00063661 0 
686 0.105506 0.000680234 0 
687 0.106936 0.000684697 0 
688 0.108276 0.000527742 0 
689 0.0207609 0.00219573 0 
690 0.0220707 0.00790631 0 
691 0.109046 0.00173486 0 
692 0.0937422 0.0578478 0 
693 0.103659 0.0577497 0 
694 0.0987172 0.0578605 0 
695 0.0887591 0.0578237 0 
696 0.0837588 0.0578243 0 
697 0.0787546 0.0578304 0 
698 0.0737511 0.0578338 0 
699 0.0687503 0.0578346 0 
700 0.0637503 0.0578348 0 
701 0.0587507 0.0578348 0 
702 0.0537524 0.0578351 0 
703 0.0487577 0.0578372 0 
704 0.0437708 0.0578455 0 
705 0.0387845 0.0578415 0 
706 0.0337855 0.057762 0 
707 0.0287605 0.0577078 0 
708 0.108507 0.00461478 0 
709 0.108137 0.00904743 0 
710 0.1079 0.0139884 0 
711 0.107833 0.0189672 0 
712 0.107828 0.0239564 0 
713 0.107831 0.028936 0 
714 0.107829 0.0339129 0 
715 0.107806 0.0388945 0 
716 0.107781 0.0438687 0 
717 0.107866 0.0488158 0 
718 0.107753 0.0539217 0 
719 0.0207685 0.000760284 0 
720 0.0213075 0.000975962 0 
721 0.0226256 0.00133105 0 
722 0.0248293 0.00145492 0 
723 0.0628924 0.00151378 0 
724 0.0262704 0.00153661 0 
725 0.0276615 0.00139007 0 
726 0.028896 0.00139057 0 
727 0.030296 0.00142771 0 
728 0.0317124 0.00156986 0 
729 0.0331518 0.00153013 0 
730 0.0345735 0.00142376 0 
731 0.0359407 0.0013962 0 
732 0.0373049 0.0013167 0 
733 0.0386948 0.00134818 0 
734 0.04005 0.00142022 0 
735 0.0414559 0.00133671 0 
736 0.0532185 0.0013771 0 
737 0.0643445 0.00146805 0 
738 0.0525287 0.00137132 0 
739 0.0552958 0.00138805 0 
740 0.0989257 0.00150083 0 
741 0.0566879 0.00139324 0 
742 0.0546073 0.00144653 0 
743 0.0580565 0.00144668 0 
744 0.0559714 0.00133885 0 
745 0.059506 0.00144918 0 
746 0.0573393 0.0014567 0 
747 0.0609199 0.00143502 0 
748 0.0587592 0.00144201 0 
749 0.0621679 0.00145506 0 
750 0.0602004 0.00145619 0 
751 0.0636027 0.00150793 0 
752 0.0615419 0.00127824 0 
753 0.0656602 0.001193 0 
754 0.0669536 0.00148658 0 
755 0.068391 0.00153914 0 
756 0.0698493 0.00149499 0 
757 0.0713412 0.00153783 0 
758 0.0727915 0.00147544 0 
759 0.0740804 0.00140179 0 
760 0.0753649 0.00139215 0 
761 0.0766179 0.00139586 0 
762 0.0780367 0.0014902 0 
763 0.0891918 0.00140024 0 
764 0.100309 0.00133735 0 
765 0.0885392 0.00131741 0 
766 0.0913177 0.00151854 0 
767 0.106363 0.00775595 0 
768 0.0927354 0.0014502 0 
769 0.0905946 0.00149673 0 
770 0.0940797 0.00136485 0 
771 0.0919965 0.00147063 0 
772 0.095477 0.00134722 0 
773 0.093401 0.00146881 0 
774 0.096809 0.00145352 0 
775 0.0947545 0.00129108 0 
776 0.0982116 0.00152026 0 
777 0.096127 0.00143899 0 
778 0.0995861 0.00140468 0 
779 0.0975373 0.0014708 0 
780 0.101711 0.00147019 0 
781 0.103131 0.00143357 0 
782 0.104437 0.00148634 0 
783 0.105873 0.00138582 0 
784 0.107403 0.00144717 0 
785 0.0900237 0.0556488 0 
786 0.0775064 0.0556639 0 
787 0.020881 0.0013585 0 
788 0.085023 0.0556444 0 
789 0.0225942 0.00563499 0 
790 0.107978 0.00226033 0 
791 0.0949802 0.0557114 0 
792 0.0243292 0.0145794 0 
793 0.0243322 0.0171249 0 
794 0.0243334 0.0196578 0 
795 0.0243326 0.0221853 0 
796 0.0243309 0.0247089 0 
797 0.0243295 0.0272312 0 
798 0.024329 0.029753 0 
799 0.02433 0.0322749 0 
800 0.0243332 0.0347974 0 
801 0.0243383 0.0373204 0 
802 0.0243439 0.0398437 0 
803 0.0243468 0.0423673 0 
804 0.0243439 0.0448913 0 
805 0.0243347 0.0474164 0 
806 0.0243289 0.049945 0 
807 0.0243194 0.0524805 0 
808 0.0246319 0.0553024 0 
809 0.102425 0.0555636 0 
810 0.0875262 0.0556412 0 
811 0.0925105 0.0556714 0 
812 0.105222 0.0553315 0 
813 0.105731 0.0151647 0 
814 0.08001 0.0556591 0 
815 0.0974359 0.0557511 0 
816 0.0725014 0.0556685 0 
817 0.0675004 0.0556693 0 
818 0.0625007 0.0556694 0 
819 0.0575021 0.0556695 0 
820 0.0525069 0.0556699 0 
821 0.0475202 0.0556748 0 
822 0.0425522 0.0556956 0 
823 0.0375918 0.0556706 0 
824 0.032601 0.055474 0 
825 0.0274969 0.0554616 0 
826 0.105656 0.0201859 0 
827 0.0999114 0.0557073 0 
828 0.0825161 0.0556521 0 
829 0.106698 0.00543091 0 
830 0.105859 0.0126635 0 
831 0.105676 0.0176726 0 
832 0.106079 0.0101851 0 
833 0.105659 0.0251929 0 
834 0.105664 0.0301798 0 
835 0.105655 0.035161 0 
836 0.105593 0.0401584 0 
837 0.105549 0.0451441 0 
838 0.105822 0.0500291 0 
839 0.0241233 0.00146797 0 
840 0.0219443 0.00118792 0 
841 0.0215335 0.00268035 0 
842 0.025586 0.00148368 0 
843 0.0233638 0.00142601 0 
844 0.0221269 0.00395504 0 
845 0.0242898 0.00938706 0 
846 0.026984 0.00147561 0 
847 0.0282994 0.0012356 0 
848 0.0295944 0.00137465 0 
849 0.0310165 0.0015039 0 
850 0.0324544 0.00156964 0 
851 0.0338766 0.00146628 0 
852 0.0352766 0.00143083 0 
853 0.0366619 0.00135749 0 
854 0.0380215 0.00127692 0 
855 0.0393833 0.00143628 0 
856 0.0407591 0.00134227 0 
857 0.0421502 0.00140343 0 
858 0.0442389 0.00133389 0 
859 0.0456175 0.00143836 0 
860 0.0470147 0.00138635 0 
861 0.0484129 0.00130664 0 
862 0.0497802 0.00141483 0 
863 0.051173 0.00136813 0 
864 0.0539327 0.00143918 0 
865 0.0720514 0.00151765 0 
866 0.0705756 0.00150255 0 
867 0.065015 0.00137831 0 
868 0.0662531 0.00139587 0 
869 0.0676442 0.0015501 0 
870 0.0690941 0.00151722 0 
871 0.073404 0.00127025 0 
872 0.0747032 0.00124764 0 
873 0.0759917 0.00124557 0 
874 0.0773421 0.00146406 0 
875 0.0802236 0.00139481 0 
876 0.0816254 0.00136131 0 
877 0.0830093 0.0012927 0 
878 0.0843773 0.00141831 0 
879 0.0857623 0.00144441 0 
880 0.0871484 0.00134134 0 
881 0.0899063 0.00144237 0 
882 0.106561 0.00149761 0 
883 0.100999 0.00138977 0 
884 0.102408 0.00148864 0 
885 0.103763 0.00127793 0 
886 0.105166 0.00158229 0 
887 0.108227 0.00129056 0 
888 0.024337 0.00688998 0 
889 0.0700008 0.0556691 0 
890 0.0750031 0.055667 0 
891 0.0650004 0.0556694 0 
892 0.0600013 0.0556695 0 
893 0.0550034 0.0556695 0 
894 0.0500108 0.0556711 0 
895 0.0450324 0.0556825 0 
896 0.040075 0.0557041 0 
897 0.0350953 0.0555739 0 
898 0.0300516 0.0553769 0 
899 0.107156 0.00354061 0 
900 0.105663 0.0326698 0 
901 0.105655 0.0226946 0 
902 0.105662 0.0276886 0 
903 0.105635 0.0376561 0 
904 0.105551 0.0426568 0 
905 0.105644 0.0476044 0 
906 0.105707 0.0525639 0 
907 0.0214186 0.00174212 0 
908 0.044904 0.0014037 0 
909 0.0462999 0.00143594 0 
910 0.0476783 0.00130781 0 
911 0.0490767 0.00138711 0 
912 0.0504444 0.00137212 0 
913 0.0518315 0.001404 0 
914 0.0809174 0.00138648 0 
915 0.0822809 0.00129327 0 
916 0.0836686 0.00136653 0 
917 0.0850545 0.00144519 0 
918 0.0864344 0.0013989 0 
919 0.0878123 0.00128778 0 
920 0.0243204 0.0120007 0 
921 0.0435058 0.00133721 0 
922 0.0794789 0.00142896 0 
923 0.0787774 0.00146813 0 
924 0.0428447 0.00140053 0 
925 0.0298437 0.00209418 0 
926 0.0264328 0.0081147 0 
927 0.104906 0.00647677 0 
928 0.103983 0.0511218 0 
929 0.0370538 0.00224751 0 
930 0.0383233 0.00201423 0 
931 0.0718069 0.00249128 0 
932 0.0397036 0.00234011 0 
933 0.0411178 0.00200407 0 
934 0.103301 0.0464702 0 
935 0.0759053 0.00219638 0 
936 0.0528695 0.00209565 0 
937 0.0404201 0.00222984 0 
938 0.0274625 0.00220085 0 
939 0.0389281 0.00231195 0 
940 0.0624115 0.00243944 0 
941 0.0710372 0.00244647 0 
942 0.0702354 0.00237715 0 
943 0.0736188 0.00223484 0 
944 0.0747591 0.00222546 0 
945 0.0512641 0.0535039 0 
946 0.0376777 0.00198335 0 
947 0.0363555 0.00211425 0 
948 0.0349512 0.0023846 0 
949 0.0336266 0.00242191 0 
950 0.0986025 0.00251605 0 
951 0.0328172 0.0025418 0 
952 0.0242658 0.00470971 0 
953 0.0837834 0.05347 0 
954 0.0937845 0.053522 0 
955 0.107002 0.00229315 0 
956 0.0587524 0.0535039 0 
957 0.100992 0.0535025 0 
958 0.0264986 0.0183878 0 
959 0.0264996 0.0209186 0 
960 0.0264971 0.0234431 0 
961 0.0264942 0.0259668 0 
962 0.0264923 0.028489 0 
963 0.0264922 0.0310109 0 
964 0.0264951 0.0335333 0 
965 0.0265019 0.036057 0 
966 0.0265123 0.0385822 0 
967 0.026522 0.0411082 0 
968 0.0265239 0.0436351 0 
969 0.0265119 0.0461631 0 
970 0.0264854 0.0486888 0 
971 0.0264931 0.0512033 0 
972 0.0263579 0.0534859 0 
973 0.0862957 0.0534575 0 
974 0.0762568 0.0534991 0 
975 0.0287447 0.052851 0 
976 0.096216 0.0535992 0 
977 0.0687507 0.0535038 0 
978 0.103327 0.0532357 0 
979 0.0637511 0.0535039 0 
980 0.0612518 0.0535039 0 
981 0.0537575 0.0535034 0 
982 0.103492 0.0264364 0 
983 0.0462851 0.0535126 0 
984 0.0487722 0.053506 0 
985 0.0413532 0.0535558 0 
986 0.0314883 0.0531562 0 
987 0.036442 0.0534811 0 
988 0.0389132 0.0535782 0 
989 0.0438073 0.0535271 0 
990 0.033957 0.053239 0 
991 0.103255 0.0439548 0 
992 0.10349 0.0188841 0 
993 0.0888096 0.0534538 0 
994 0.103487 0.0239334 0 
995 0.103494 0.0339149 0 
996 0.0264859 0.0106927 0 
997 0.103433 0.0389104 0 
998 0.103343 0.0414281 0 
999 0.103539 0.0489353 0 
1000 0.105313 0.00417353 0 
1001 0.0342686 0.0022003 0 
1002 0.0712513 0.0535034 0 
1003 0.103497 0.0314253 0 
1004 0.0357 0.00233242 0 
1005 0.0244867 0.00231923 0 
1006 0.103656 0.0137919 0 
1007 0.0985889 0.0536894 0 
1008 0.0787622 0.0534932 0 
1009 0.0264873 0.0132919 0 
1010 0.103536 0.0163353 0 
1011 0.0909415 0.0024819 0 
1012 0.0887745 0.00220121 0 
1013 0.0550341 0.0023623 0 
1014 0.059895 0.00233098 0 
1015 0.067923 0.00249749 0 
1016 0.0229036 0.00218071 0 
1017 0.0424927 0.00229595 0 
1018 0.0312691 0.00249006 0 
1019 0.0875163 0.00207788 0 
1020 0.0832565 0.00212993 0 
1021 0.0820025 0.00214142 0 
1022 0.0514877 0.00226523 0 
1023 0.0444999 0.00219741 0 
1024 0.0977938 0.00248382 0 
1025 0.0459433 0.00230571 0 
1026 0.0474072 0.0021645 0 
1027 0.0486871 0.00216064 0 
1028 0.0417588 0.00222209 0 
1029 0.0813367 0.00221785 0 
1030 0.0542931 0.00234959 0 
1031 0.0957068 0.00229619 0 
1032 0.0656266 0.00201239 0 
1033 0.0264939 0.01585 0 
1034 0.0805946 0.00217133 0 
1035 0.0576012 0.00240907 0 
1036 0.0568822 0.00235803 0 
1037 0.0591383 0.00225049 0 
1038 0.0583937 0.00228121 0 
1039 0.072701 0.00244371 0 
1040 0.069431 0.00240242 0 
1041 0.0671442 0.00246987 0 
1042 0.0687185 0.00247838 0 
1043 0.0648546 0.00230137 0 
1044 0.022122 0.00198654 0 
1045 0.0223567 0.00286106 0 
1046 0.0501414 0.00227244 0 
1047 0.0775113 0.00243133 0 
1048 0.0971318 0.00224578 0 
1049 0.0767929 0.00220329 0 
1050 0.0812728 0.0534826 0 
1051 0.0252103 0.00223917 0 
1052 0.0846756 0.00228624 0 
1053 0.0860993 0.00229867 0 
1054 0.0320308 0.00255759 0 
1055 0.0993655 0.0023809 0 
1056 0.0304724 0.00234092 0 
1057 0.0902065 0.0023707 0 
1058 0.10206 0.00238438 0 
1059 0.0290725 0.00225653 0 
1060 0.0938886 0.00235625 0 
1061 0.0931247 0.00249113 0 
1062 0.095074 0.00199396 0 
1063 0.0944753 0.00202117 0 
1064 0.026206 0.00579498 0 
1065 0.0964284 0.00238088 0 
1066 0.101272 0.00234953 0 
1067 0.105951 0.00248505 0 
1068 0.103747 0.00216172 0 
1069 0.104712 0.00261536 0 
1070 0.100617 0.00207154 0 
1071 0.0282807 0.00217585 0 
1072 0.0737534 0.0535022 0 
1073 0.0913068 0.0534749 0 
1074 0.0237132 0.00233036 0 
1075 0.0662508 0.0535038 0 
1076 0.0562547 0.0535036 0 
1077 0.103496 0.0289328 0 
1078 0.104353 0.00879356 0 
1079 0.103484 0.0214126 0 
1080 0.1039 0.0112646 0 
1081 0.0632095 0.00244566 0 
1082 0.103479 0.0364071 0 
1083 0.0452225 0.00228348 0 
1084 0.0467192 0.00226812 0 
1085 0.0480635 0.00195889 0 
1086 0.0494267 0.00228872 0 
1087 0.0508236 0.00208642 0 
1088 0.0521965 0.00228067 0 
1089 0.082649 0.00193936 0 
1090 0.083969 0.00221713 0 
1091 0.085403 0.00234262 0 
1092 0.0868287 0.00215914 0 
1093 0.0881449 0.00196767 0 
1094 0.0267553 0.00253345 0 
1095 0.0556647 0.0020912 0 
1096 0.0259052 0.0025318 0 
1097 0.0438725 0.00200388 0 
1098 0.0798642 0.002197 0 
1099 0.0917239 0.00248098 0 
1100 0.0923952 0.00226722 0 
1101 0.102951 0.00237028 0 
1102 0.0562688 0.00208673 0 
1103 0.0783441 0.00242899 0 
1104 0.0286033 0.00336733 0 
1105 0.0606745 0.00234598 0 
1106 0.101315 0.0226541 0 
1107 0.0894466 0.00228805 0 
1108 0.101314 0.0201107 0 
1109 0.101094 0.0479633 0 
1110 0.0663184 0.00234889 0 
1111 0.102816 0.00741155 0 
1112 0.0535303 0.00225431 0 
1113 0.0755378 0.00346843 0 
1114 0.101423 0.0149285 0 
1115 0.0615443 0.00223368 0 
1116 0.0743996 0.00343512 0 
1117 0.0231783 0.00332495 0 
1118 0.0640778 0.00240485 0 
1119 0.0286616 0.0171194 0 
1120 0.0602427 0.00331769 0 
1121 0.0888959 0.00326292 0 
1122 0.0674158 0.00360549 0 
1123 0.0714311 0.00358878 0 
1124 0.0705879 0.00353353 0 
1125 0.0411066 0.00293486 0 
1126 0.099612 0.0517835 0 
1127 0.0500261 0.051336 0 
1128 0.0750056 0.0513355 0 
1129 0.0365828 0.00324168 0 
1130 0.0700011 0.051338 0 
1131 0.0333813 0.0036965 0 
1132 0.0296576 0.00306475 0 
1133 0.1 0.00208131 0 
1134 0.0378251 0.0515176 0 
1135 0.0305315 0.0510821 0 
1136 0.101673 0.0508256 0 
1137 0.0665152 0.00343763 0 
1138 0.101305 0.0376397 0 
1139 0.0286646 0.0221767 0 
1140 0.0286596 0.0247009 0 
1141 0.0286554 0.0272231 0 
1142 0.0286533 0.0297448 0 
1143 0.028654 0.0322656 0 
1144 0.0286601 0.034788 0 
1145 0.0286741 0.0373136 0 
1146 0.0286942 0.0398425 0 
1147 0.0287091 0.0423738 0 
1148 0.028703 0.0449091 0 
1149 0.0286676 0.0474508 0 
1150 0.028581 0.0499926 0 
1151 0.0800259 0.0513172 0 
1152 0.0286669 0.0196494 0 
1153 0.0550101 0.0513362 0 
1154 0.0951085 0.0513915 0 
1155 0.101329 0.0301816 0 
1156 0.0600035 0.051338 0 
1157 0.0625025 0.0513381 0 
1158 0.0525156 0.0513355 0 
1159 0.101326 0.0276844 0 
1160 0.100835 0.0453096 0 
1161 0.0287042 0.00934186 0 
1162 0.0275584 0.00322745 0 
1163 0.0875977 0.0512552 0 
1164 0.0650018 0.0513379 0 
1165 0.10132 0.0251801 0 
1166 0.0725022 0.0513376 0 
1167 0.101324 0.0351578 0 
1168 0.0791081 0.00231173 0 
1169 0.0901274 0.0512589 0 
1170 0.0431848 0.00221421 0 
1171 0.10133 0.0326734 0 
1172 0.0937953 0.00373844 0 
1173 0.0528784 0.00317859 0 
1174 0.097484 0.0515238 0 
1175 0.0575053 0.0513375 0 
1176 0.0825418 0.0512988 0 
1177 0.0775127 0.0513297 0 
1178 0.0850633 0.0512763 0 
1179 0.0286377 0.012009 0 
1180 0.101334 0.0175356 0 
1181 0.040181 0.0514391 0 
1182 0.0570312 0.00350754 0 
1183 0.1035 0.00533457 0 
1184 0.042957 0.00334169 0 
1185 0.0897236 0.00323046 0 
1186 0.0958876 0.00335315 0 
1187 0.0611213 0.00338817 0 
1188 0.0498232 0.00329123 0 
1189 0.0472758 0.00318424 0 
1190 0.0723081 0.00351225 0 
1191 0.0401826 0.00328285 0 
1192 0.0488523 0.00322804 0 
1193 0.0645648 0.00345307 0 
1194 0.0818508 0.00317969 0 
1195 0.0547777 0.00343215 0 
1196 0.10152 0.00338132 0 
1197 0.0810032 0.00318649 0 
1198 0.0733212 0.00343344 0 
1199 0.0594773 0.00328965 0 
1200 0.0698386 0.00324742 0 
1201 0.0475365 0.0513401 0 
1202 0.0419944 0.00333639 0 
1203 0.0379265 0.00309351 0 
1204 0.0767066 0.00338896 0 
1205 0.0538715 0.00321899 0 
1206 0.0324038 0.0036975 0 
1207 0.0849242 0.00345215 0 
1208 0.0314404 0.00359013 0 
1209 0.100992 0.0427 0 
1210 0.0354096 0.0512248 0 
1211 0.0262564 0.00392945 0 
1212 0.0991813 0.00351126 0 
1213 0.0970469 0.00337563 0 
1214 0.10164 0.0123258 0 
1215 0.0286482 0.0145805 0 
1216 0.102071 0.00973965 0 
1217 0.0329224 0.05053 0 
1218 0.0285251 0.00665651 0 
1219 0.0675012 0.0513379 0 
1220 0.0425928 0.0513759 0 
1221 0.0926308 0.0513119 0 
1222 0.100353 0.00311642 0 
1223 0.101202 0.0401509 0 
1224 0.0343749 0.00331023 0 
1225 0.102563 0.00326069 0 
1226 0.0841883 0.003106 0 
1227 0.0873045 0.0028753 0 
1228 0.0628801 0.00361215 0 
1229 0.0802742 0.0029406 0 
1230 0.0914697 0.00371628 0 
1231 0.044643 0.00329773 0 
1232 0.0924915 0.00348087 0 
1233 0.0579211 0.00337769 0 
1234 0.0480876 0.00284719 0 
1235 0.0508586 0.00318088 0 
1236 0.082651 0.00280842 0 
1237 0.0655629 0.00320132 0 
1238 0.0880852 0.00296791 0 
1239 0.0683142 0.00366977 0 
1240 0.0308032 0.0487622 0 
1241 0.0354821 0.00337267 0 
1242 0.0463913 0.00326486 0 
1243 0.0991465 0.0239083 0 
1244 0.0518596 0.00332303 0 
1245 0.0389984 0.0493694 0 
1246 0.0391671 0.00336233 0 
1247 0.0480608 0.00424924 0 
1248 0.091508 0.0490582 0 
1249 0.0777807 0.00354969 0 
1250 0.0587099 0.00307034 0 
1251 0.045054 0.0513502 0 
1252 0.0981075 0.00361173 0 
1253 0.069093 0.00353157 0 
1254 0.0487939 0.0491666 0 
1255 0.0833638 0.00317465 0 
1256 0.0659197 0.00438618 0 
1257 0.0787342 0.00335183 0 
1258 0.0678807 0.00470093 0 
1259 0.0774466 0.00495381 0 
1260 0.0513789 0.00454268 0 
1261 0.0857777 0.00343969 0 
1262 0.0619779 0.00357632 0 
1263 0.0424651 0.00451659 0 
1264 0.0863765 0.0490607 0 
1265 0.0293704 0.00456013 0 
1266 0.0305232 0.00345607 0 
1267 0.0905082 0.00361687 0 
1268 0.0251745 0.0032868 0 
1269 0.094802 0.0029651 0 
1270 0.103663 0.00350793 0 
1271 0.0559281 0.00317208 0 
1272 0.0762779 0.00497329 0 
1273 0.0537702 0.0491658 0 
1274 0.0865747 0.00322074 0 
1275 0.0668609 0.00481967 0 
1276 0.100345 0.00794242 0 
1277 0.0787738 0.0491566 0 
1278 0.0241639 0.00326534 0 
1279 0.0991611 0.031437 0 
1280 0.0308187 0.0259569 0 
1281 0.0308138 0.0284778 0 
1282 0.0308114 0.0309956 0 
1283 0.0308131 0.0335129 0 
1284 0.0308251 0.0360341 0 
1285 0.0308539 0.0385627 0 
1286 0.030893 0.0410984 0 
1287 0.0309107 0.0436395 0 
1288 0.0308768 0.0461966 0 
1289 0.0991431 0.0213676 0 
1290 0.063688 0.00332684 0 
1291 0.0438278 0.00293816 0 
1292 0.0612552 0.0491717 0 
1293 0.0512825 0.0491638 0 
1294 0.0991611 0.0289367 0 
1295 0.0277767 0.00468237 0 
1296 0.0981638 0.0467918 0 
1297 0.0308193 0.0158581 0 
1298 0.0662526 0.0491712 0 
1299 0.0637535 0.0491715 0 
1300 0.0991551 0.0264325 0 
1301 0.0750335 0.00486302 0 
1302 0.0965955 0.0492803 0 
1303 0.0991522 0.0363939 0 
1304 0.0795771 0.00315416 0 
1305 0.0625062 0.00490056 0 
1306 0.0907673 0.00490462 0 
1307 0.0889476 0.049032 0 
1308 0.0339494 0.00486656 0 
1309 0.0455303 0.00330039 0 
1310 0.101722 0.0060053 0 
1311 0.0459363 0.00422444 0 
1312 0.0883371 0.00432769 0 
1313 0.0940311 0.0491967 0 
1314 0.0308351 0.0183797 0 
1315 0.0991584 0.0339257 0 
1316 0.0562622 0.0491687 0 
1317 0.081294 0.049134 0 
1318 0.0838236 0.049101 0 
1319 0.0307578 0.0108072 0 
1320 0.0687518 0.0491714 0 
1321 0.0307859 0.0133379 0 
1322 0.0308336 0.0209061 0 
1323 0.0991909 0.0161159 0 
1324 0.0991581 0.0388236 0 
1325 0.099125 0.0495624 0 
1326 0.0449991 0.0044614 0 
1327 0.0717494 0.00470375 0 
1328 0.0707731 0.00480107 0 
1329 0.0411746 0.00426664 0 
1330 0.0503048 0.00445683 0 
1331 0.0491259 0.00442117 0 
1332 0.039809 0.00442814 0 
1333 0.0688258 0.00493268 0 
1334 0.0813986 0.00454891 0 
1335 0.0739453 0.00465836 0 
1336 0.0596516 0.00441591 0 
1337 0.064963 0.00466192 0 
1338 0.0463037 0.0491738 0 
1339 0.0786156 0.00469082 0 
1340 0.0826532 0.00406745 0 
1341 0.0975101 0.00482794 0 
1342 0.0737538 0.0491721 0 
1343 0.0873758 0.00390615 0 
1344 0.0372878 0.00460127 0 
1345 0.0385838 0.00453995 0 
1346 0.0894794 0.00453083 0 
1347 0.0565786 0.00477586 0 
1348 0.0983735 0.0438767 0 
1349 0.0993408 0.0134346 0 
1350 0.0762611 0.0491682 0 
1351 0.0997426 0.0107431 0 
1352 0.0526322 0.00461113 0 
1353 0.0469257 0.0044242 0 
1354 0.0308261 0.0234332 0 
1355 0.0803292 0.00393706 0 
1356 0.0605274 0.00435685 0 
1357 0.0577235 0.00463063 0 
1358 0.0438126 0.0491877 0 
1359 0.0413447 0.0492266 0 
1360 0.058757 0.0491711 0 
1361 0.0712517 0.049172 0 
1362 0.0437521 0.00438442 0 
1363 0.0349632 0.00447481 0 
1364 0.031287 0.00803275 0 
1365 0.0991529 0.0187726 0 
1366 0.0637165 0.00470567 0 
1367 0.0369087 0.0496404 0 
1368 0.0962892 0.00465078 0 
1369 0.0329819 0.0246914 0 
1370 0.0600102 0.0470041 0 
1371 0.0446279 0.00593582 0 
1372 0.0728268 0.00457971 0 
1373 0.069818 0.00443903 0 
1374 0.0330074 0.0475285 0 
1375 0.0838608 0.00442316 0 
1376 0.0851699 0.00470523 0 
1377 0.047577 0.0469952 0 
1378 0.0507302 0.00589443 0 
1379 0.0677465 0.00646142 0 
1380 0.0999899 0.00587048 0 
1381 0.0328372 0.00497076 0 
1382 0.0998877 0.00439261 0 
1383 0.0919355 0.00494094 0 
1384 0.0306936 0.00451294 0 
1385 0.0525407 0.0469886 0 
1386 0.0329742 0.0272129 0 
1387 0.100974 0.00457487 0 
1388 0.0968203 0.00602505 0 
1389 0.0552923 0.00474369 0 
1390 0.0771469 0.0066012 0 
1391 0.0863263 0.00444912 0 
1392 0.0930629 0.00474263 0 
1393 0.0954426 0.0472694 0 
1394 0.0539251 0.00450813 0 
1395 0.0645498 0.00624352 0 
1396 0.0696771 0.00626026 0 
1397 0.0380232 0.00609663 0 
1398 0.0913698 0.00646115 0 
1399 0.0316583 0.00484158 0 
1400 0.0533838 0.00612211 0 
1401 0.0858962 0.0059714 0 
1402 0.0949637 0.00435488 0 
1403 0.0329687 0.0297262 0 
1404 0.0329651 0.0322359 0 
1405 0.0329665 0.0347441 0 
1406 0.0329899 0.0372612 0 
1407 0.0330512 0.0397942 0 
1408 0.03313 0.0423423 0 
1409 0.0331305 0.0449009 0 
1410 0.0330074 0.0196302 0 
1411 0.0350424 0.0486983 0 
1412 0.0969697 0.0226336 0 
1413 0.0431553 0.0059405 0 
1414 0.0750051 0.0470081 0 
1415 0.0500586 0.0469872 0 
1416 0.0969974 0.0301946 0 
1417 0.0775164 0.0470011 0 
1418 0.0969935 0.0276861 0 
1419 0.0851353 0.0468747 0 
1420 0.0756557 0.00656822 0 
1421 0.0349555 0.00619888 0 
1422 0.0988917 0.0413165 0 
1423 0.0329937 0.0221623 0 
1424 0.0659387 0.00582656 0 
1425 0.0953805 0.00601026 0 
1426 0.0940959 0.00542381 0 
1427 0.102396 0.0044498 0 
1428 0.0826088 0.00552299 0 
1429 0.0630136 0.00640914 0 
1430 0.0360968 0.00466363 0 
1431 0.0969819 0.0351954 0 
1432 0.055026 0.0469952 0 
1433 0.0928294 0.00631808 0 
1434 0.080037 0.0469783 0 
1435 0.0825705 0.0469368 0 
1436 0.0675042 0.0470033 0 
1437 0.0979621 0.00915843 0 
1438 0.0472084 0.00583934 0 
1439 0.0614182 0.00475023 0 
1440 0.0519766 0.00601999 0 
1441 0.096978 0.0251691 0 
1442 0.0365998 0.0062587 0 
1443 0.090376 0.0467801 0 
1444 0.0969682 0.0376542 0 
1445 0.0459064 0.00544729 0 
1446 0.0711657 0.00625643 0 
1447 0.0496141 0.00559184 0 
1448 0.0484488 0.00581962 0 
1449 0.0405522 0.00542781 0 
1450 0.097016 0.0174027 0 
1451 0.0789187 0.00638585 0 
1452 0.0615165 0.00632184 0 
1453 0.0987806 0.00488318 0 
1454 0.0625068 0.0470047 0 
1455 0.0394213 0.0057953 0 
1456 0.0952189 0.0446799 0 
1457 0.0562415 0.00638169 0 
1458 0.0576744 0.00620329 0 
1459 0.0970213 0.0146247 0 
1460 0.0841773 0.00636975 0 
1461 0.0930309 0.0468538 0 
1462 0.0877274 0.0468147 0 
1463 0.0330074 0.0171067 0 
1464 0.0873064 0.00527413 0 
1465 0.0725021 0.0470066 0 
1466 0.09733 0.011837 0 
1467 0.0450732 0.0470131 0 
1468 0.0399298 0.0470804 0 
1469 0.0547341 0.00623867 0 
1470 0.0587358 0.00417196 0 
1471 0.0575171 0.0470005 0 
1472 0.0885255 0.0058188 0 
1473 0.0650061 0.0470036 0 
1474 0.0743026 0.00630348 0 
1475 0.0700026 0.0470041 0 
1476 0.0794416 0.00412482 0 
1477 0.0969881 0.0327028 0 
1478 0.080893 0.00627508 0 
1479 0.0329633 0.0146041 0 
1480 0.0327381 0.00995607 0 
1481 0.0969837 0.0200557 0 
1482 0.0373948 0.0474897 0 
1483 0.0328976 0.0121422 0 
1484 0.0722431 0.00577871 0 
1485 0.0458359 0.00733073 0 
1486 0.0948437 0.0289341 0 
1487 0.0982938 0.00667609 0 
1488 0.0948016 0.0339919 0 
1489 0.0357935 0.00816433 0 
1490 0.094833 0.0314594 0 
1491 0.0638717 0.00805854 0 
1492 0.0417983 0.005727 0 
1493 0.0333344 0.00648546 0 
1494 0.0526264 0.00759719 0 
1495 0.0619471 0.0080848 0 
1496 0.0574804 0.00805014 0 
1497 0.0351966 0.0183445 0 
1498 0.0898807 0.0062618 0 
1499 0.0732794 0.00575979 0 
1500 0.0587727 0.0448325 0 
1501 0.0351255 0.0284635 0 
1502 0.0942674 0.00766234 0 
1503 0.0657829 0.00763607 0 
1504 0.0318951 0.00613826 0 
1505 0.0589288 0.00547779 0 
1506 0.0338789 0.00823051 0 
1507 0.0799636 0.00511932 0 
1508 0.0855561 0.00778677 0 
1509 0.0351202 0.0309664 0 
1510 0.0351106 0.0334565 0 
1511 0.0351065 0.0359427 0 
1512 0.035154 0.0384477 0 
1513 0.0352916 0.0409842 0 
1514 0.0354664 0.0435598 0 
1515 0.0662599 0.0448333 0 
1516 0.0439454 0.0076359 0 
1517 0.0602576 0.00558246 0 
1518 0.0838569 0.0447088 0 
1519 0.0762529 0.0448489 0 
1520 0.0304738 0.00592932 0 
1521 0.0392323 0.00748022 0 
1522 0.0375463 0.00787124 0 
1523 0.0709505 0.00803953 0 
1524 0.04223 0.00742583 0 
1525 0.0763544 0.00836274 0 
1526 0.0919466 0.0444918 0 
1527 0.0477283 0.00754206 0 
1528 0.0510698 0.00744757 0 
1529 0.0823148 0.00745323 0 
1530 0.0956189 0.00997265 0 
1531 0.0787681 0.0448348 0 
1532 0.0538015 0.0448113 0 
1533 0.0872069 0.00690513 0 
1534 0.0813 0.0447887 0 
1535 0.0690441 0.00843608 0 
1536 0.090451 0.00813937 0 
1537 0.0596497 0.00746818 0 
1538 0.0887232 0.00763427 0 
1539 0.0425289 0.0470298 0 
1540 0.0562813 0.0448254 0 
1541 0.0351621 0.0208877 0 
1542 0.097148 0.0398682 0 
1543 0.0837419 0.0086797 0 
1544 0.0922551 0.0082276 0 
1545 0.0349307 0.0105746 0 
1546 0.0540992 0.00789251 0 
1547 0.061264 0.0448364 0 
1548 0.0353524 0.0461249 0 
1549 0.0406307 0.00684379 0 
1550 0.035132 0.0259508 0 
1551 0.0412223 0.0448783 0 
1552 0.0351424 0.0234251 0 
1553 0.0946456 0.0129797 0 
1554 0.0891276 0.0445198 0 
1555 0.0949116 0.0160787 0 
1556 0.0381595 0.0448231 0 
1557 0.0351864 0.0158172 0 
1558 0.0948264 0.0365311 0 
1559 0.0864527 0.0446092 0 
1560 0.0557187 0.00810951 0 
1561 0.0737506 0.0448439 0 
1562 0.0671295 0.00909176 0 
1563 0.0463901 0.0448279 0 
1564 0.0488615 0.044799 0 
1565 0.0513272 0.0447982 0 
1566 0.0637617 0.0448353 0 
1567 0.0687566 0.0448332 0 
1568 0.0962237 0.0420021 0 
1569 0.0963757 0.0077072 0 
1570 0.0782381 0.00833144 0 
1571 0.0947965 0.0213468 0 
1572 0.094851 0.0187495 0 
1573 0.0947858 0.023896 0 
1574 0.094816 0.0264192 0 
1575 0.0629696 0.00998732 0 
1576 0.0650994 0.00970304 0 
1577 0.0494607 0.00725503 0 
1578 0.0372778 0.0272091 0 
1579 0.0438738 0.044874 0 
1580 0.0587076 0.00998015 0 
1581 0.0407887 0.00864649 0 
1582 0.0774902 0.0427002 0 
1583 0.0802492 0.00804891 0 
1584 0.0817311 0.00957712 0 
1585 0.0932928 0.0104346 0 
1586 0.0372747 0.0297107 0 
1587 0.0372676 0.0321929 0 
1588 0.0372399 0.0346443 0 
1589 0.0372122 0.0370787 0 
1590 0.0373182 0.0395472 0 
1591 0.0376406 0.0420681 0 
1592 0.0705366 0.010157 0 
1593 0.0426927 0.00937441 0 
1594 0.0712537 0.0448362 0 
1595 0.0350514 0.0133088 0 
1596 0.0744537 0.00810015 0 
1597 0.0467127 0.00949586 0 
1598 0.0928852 0.015091 0 
1599 0.0517431 0.00889058 0 
1600 0.0447674 0.00953064 0 
1601 0.037078 0.00987989 0 
1602 0.0751321 0.0101721 0 
1603 0.0853881 0.00995147 0 
1604 0.0401799 0.042681 0 
1605 0.087196 0.00886845 0 
1606 0.0800057 0.0426677 0 
1607 0.0825453 0.0425736 0 
1608 0.093388 0.0421055 0 
1609 0.0727194 0.00731905 0 
1610 0.0795504 0.0101275 0 
1611 0.0773299 0.010326 0 
1612 0.0607908 0.00995963 0 
1613 0.0926396 0.0200577 0 
1614 0.0946833 0.0394207 0 
1615 0.0926453 0.0327224 0 
1616 0.050262 0.00918749 0 
1617 0.0427874 0.0427762 0 
1618 0.0927166 0.030173 0 
1619 0.0372831 0.0246919 0 
1620 0.0600303 0.0426641 0 
1621 0.074993 0.0426894 0 
1622 0.0373311 0.0196216 0 
1623 0.0525927 0.0426075 0 
1624 0.0926842 0.0276522 0 
1625 0.0728033 0.00961474 0 
1626 0.0927535 0.0174979 0 
1627 0.0833644 0.0110175 0 
1628 0.0390475 0.00933199 0 
1629 0.0914796 0.0130904 0 
1630 0.0851189 0.0424291 0 
1631 0.056653 0.0100924 0 
1632 0.0685479 0.0108489 0 
1633 0.0476983 0.0425929 0 
1634 0.0650191 0.0426624 0 
1635 0.053156 0.00950762 0 
1636 0.0485699 0.00939594 0 
1637 0.067515 0.0426593 0 
1638 0.0925735 0.0226092 0 
1639 0.0904914 0.0421662 0 
1640 0.0452626 0.0426751 0 
1641 0.0550593 0.0426385 0 
1642 0.0925667 0.0352852 0 
1643 0.0575441 0.0426557 0 
1644 0.0374422 0.0170404 0 
1645 0.0811158 0.011881 0 
1646 0.0910296 0.0103173 0 
1647 0.0787012 0.0405717 0 
1648 0.0372966 0.0221639 0 
1649 0.0664667 0.0114578 0 
1650 0.0890118 0.00971422 0 
1651 0.0905473 0.0187285 0 
1652 0.0926013 0.0251462 0 
1653 0.0917197 0.0397835 0 
1654 0.0877583 0.0422637 0 
1655 0.0478194 0.0115579 0 
1656 0.0625215 0.042666 0 
1657 0.0394181 0.0284667 0 
1658 0.0394253 0.0309598 0 
1659 0.0394132 0.0334123 0 
1660 0.0393355 0.0357929 0 
1661 0.0392303 0.0381042 0 
1662 0.0394979 0.0404342 0 
1663 0.0719372 0.0116044 0 
1664 0.0370063 0.012161 0 
1665 0.0373673 0.0145369 0 
1666 0.0387226 0.0111325 0 
1667 0.0852061 0.0122502 0 
1668 0.0501394 0.0425797 0 
1669 0.0547819 0.00994256 0 
1670 0.064265 0.0118658 0 
1671 0.0907163 0.0160794 0 
1672 0.0409234 0.0109883 0 
1673 0.0812034 0.0404898 0 
1674 0.0905968 0.0313636 0 
1675 0.0927749 0.0376414 0 
1676 0.0394378 0.0209256 0 
1677 0.07622 0.0405557 0 
1678 0.0418623 0.0407646 0 
1679 0.0762034 0.0123437 0 
1680 0.0489616 0.0403119 0 
1681 0.0786681 0.0123317 0 
1682 0.0906315 0.0288628 0 
1683 0.0725033 0.0426694 0 
1684 0.0394862 0.0184028 0 
1685 0.0465549 0.0403621 0 
1686 0.0889889 0.0397854 0 
1687 0.049828 0.0112493 0 
1688 0.0872268 0.0109824 0 
1689 0.0637835 0.0404904 0 
1690 0.0830123 0.0135281 0 
1691 0.0457013 0.0116579 0 
1692 0.0394174 0.0259544 0 
1693 0.0837327 0.0403022 0 
1694 0.051647 0.0106748 0 
1695 0.0575759 0.0121948 0 
1696 0.062012 0.0120563 0 
1697 0.0700107 0.0426598 0 
1698 0.0393832 0.0130986 0 
1699 0.0701449 0.0125569 0 
1700 0.0538588 0.0404296 0 
1701 0.0514062 0.0403619 0 
1702 0.0662783 0.040484 0 
1703 0.0588099 0.0404869 0 
1704 0.0433938 0.0115279 0 
1705 0.0903416 0.0212751 0 
1706 0.0597809 0.0121362 0 
1707 0.0903545 0.0339408 0 
1708 0.0739083 0.0120006 0 
1709 0.0563297 0.0404696 0 
1710 0.0803579 0.0143312 0 
1711 0.0399941 0.0156337 0 
1712 0.0722646 0.0137386 0 
1713 0.068027 0.0133201 0 
1714 0.0892082 0.0120721 0 
1715 0.0863092 0.0400427 0 
1716 0.0492892 0.013472 0 
1717 0.0415511 0.0297326 0 
1718 0.0853999 0.0147821 0 
1719 0.0884154 0.0149126 0 
1720 0.0394257 0.023438 0 
1721 0.0415917 0.0322367 0 
1722 0.0415607 0.0346721 0 
1723 0.0413515 0.0369607 0 
1724 0.041033 0.0389762 0 
1725 0.0502344 0.0380517 0 
1726 0.0612961 0.0404919 0 
1727 0.0901921 0.0369889 0 
1728 0.0657082 0.0137817 0 
1729 0.0798539 0.038472 0 
1730 0.0886697 0.0174076 0 
1731 0.0418687 0.0134817 0 
1732 0.0871421 0.0130691 0 
1733 0.063352 0.0140654 0 
1734 0.0441934 0.0405594 0 
1735 0.052697 0.0381807 0 
1736 0.0774969 0.0146002 0 
1737 0.0600842 0.0383132 0 
1738 0.0625605 0.0383143 0 
1739 0.0737496 0.0405078 0 
1740 0.0477584 0.0379392 0 
1741 0.0469454 0.0138409 0 
1742 0.0873376 0.0374979 0 
1743 0.0515055 0.0128488 0 
1744 0.055395 0.0121448 0 
1745 0.0576096 0.0383027 0 
1746 0.0904441 0.026405 0 
1747 0.0903366 0.0238606 0 
1748 0.0415353 0.0272111 0 
1749 0.061015 0.0142253 0 
1750 0.0882733 0.0321908 0 
1751 0.0826048 0.0163865 0 
1752 0.0823066 0.0382656 0 
1753 0.0415563 0.0221881 0 
1754 0.0444731 0.0138093 0 
1755 0.0747902 0.0143538 0 
1756 0.0650483 0.0383075 0 
1757 0.0533835 0.0116523 0 
1758 0.0774147 0.0384715 0 
1759 0.0687753 0.0404784 0 
1760 0.0887725 0.0299947 0 
1761 0.0880793 0.0197975 0 
1762 0.0551449 0.0382674 0 
1763 0.0586723 0.014325 0 
1764 0.056287 0.0143835 0 
1765 0.0415628 0.0197383 0 
1766 0.0673081 0.0157719 0 
1767 0.0700521 0.0152725 0 
1768 0.0510754 0.0152258 0 
1769 0.0791928 0.0167935 0 
1770 0.0599712 0.0164225 0 
1771 0.084765 0.0379099 0 
1772 0.0648012 0.0160905 0 
1773 0.0879475 0.0348161 0 
1774 0.0436866 0.0310196 0 
1775 0.0712686 0.0404815 0 
1776 0.0438255 0.0336084 0 
1777 0.043661 0.0361598 0 
1778 0.0613581 0.0361311 0 
1779 0.0415477 0.0246951 0 
1780 0.0536699 0.0143195 0 
1781 0.0859679 0.0175663 0 
1782 0.0729412 0.0160874 0 
1783 0.0759005 0.0170165 0 
1784 0.0515888 0.0358827 0 
1785 0.0453368 0.0381151 0 
1786 0.0835026 0.018941 0 
1787 0.0429691 0.0157707 0 
1788 0.0808872 0.0363795 0 
1789 0.0623735 0.0162853 0 
1790 0.0883241 0.0277592 0 
1791 0.0854983 0.0353668 0 
1792 0.0485641 0.0158419 0 
1793 0.0415297 0.0175136 0 
1794 0.085916 0.0326773 0 
1795 0.0436143 0.0284639 0 
1796 0.0436644 0.0208637 0 
1797 0.043667 0.0234236 0 
1798 0.058894 0.0361274 0 
1799 0.0638295 0.0361271 0 
1800 0.0490784 0.0356374 0 
1801 0.0749905 0.0383626 0 
1802 0.0675454 0.0382965 0 
1803 0.0863074 0.0297179 0 
1804 0.0880128 0.0224957 0 
1805 0.0430488 0.0385709 0 
1806 0.0540257 0.0360363 0 
1807 0.057587 0.0165562 0 
1808 0.0785509 0.0365 0 
1809 0.0457913 0.0164578 0 
1810 0.0528151 0.0171053 0 
1811 0.0613473 0.0184971 0 
1812 0.0808578 0.0189757 0 
1813 0.0854287 0.0209433 0 
1814 0.0881485 0.0251918 0 
1815 0.0662764 0.0181818 0 
1816 0.0459107 0.0322541 0 
1817 0.0436419 0.0182789 0 
1818 0.0462884 0.0352551 0 
1819 0.0436463 0.0259424 0 
1820 0.0637619 0.0183756 0 
1821 0.0551998 0.0167282 0 
1822 0.0711459 0.0176185 0 
1823 0.056447 0.0361075 0 
1824 0.0824017 0.021116 0 
1825 0.0831453 0.0358953 0 
1826 0.068815 0.0179185 0 
1827 0.0780248 0.0193156 0 
1828 0.0733197 0.018609 0 
1829 0.0530055 0.0337835 0 
1830 0.0504114 0.0176568 0 
1831 0.0795776 0.0347565 0 
1832 0.0796958 0.0215517 0 
1833 0.0700464 0.0382859 0 
1834 0.0457544 0.0194515 0 
1835 0.083604 0.0333527 0 
1836 0.0456201 0.0296966 0 
1837 0.05063 0.0335312 0 
1838 0.0725358 0.0382961 0 
1839 0.045715 0.0221241 0 
1840 0.0626295 0.0339391 0 
1841 0.0663187 0.0361142 0 
1842 0.0814531 0.0340546 0 
1843 0.0837714 0.0306745 0 
1844 0.0589655 0.0186524 0 
1845 0.0762364 0.0362622 0 
1846 0.0601732 0.0339398 0 
1847 0.0521023 0.0196147 0 
1848 0.0775674 0.0342901 0 
1849 0.0479935 0.0183333 0 
1850 0.0859755 0.0266669 0 
1851 0.048243 0.0331081 0 
1852 0.07075 0.0201852 0 
1853 0.0858877 0.0239384 0 
1854 0.0837958 0.0229462 0 
1855 0.0553653 0.0338958 0 
1856 0.0650982 0.0339261 0 
1857 0.054375 0.0192494 0 
1858 0.0521222 0.0315179 0 
1859 0.0755446 0.0196229 0 
1860 0.0677786 0.0203582 0 
1861 0.0498613 0.0200139 0 
1862 0.0837062 0.0279374 0 
1863 0.0814657 0.0315995 0 
1864 0.081538 0.0235856 0 
1865 0.0688239 0.0360972 0 
1866 0.0614448 0.0317488 0 
1867 0.0577484 0.0339223 0 
1868 0.0456743 0.0271711 0 
1869 0.045804 0.0247189 0 
1870 0.0476805 0.0208594 0 
1871 0.0477615 0.0306071 0 
1872 0.0638876 0.0317282 0 
1873 0.0543891 0.0317026 0 
1874 0.0651543 0.0205154 0 
1875 0.0793554 0.0326746 0 
1876 0.073654 0.0211425 0 
1877 0.0626783 0.0206257 0 
1878 0.0603375 0.0206678 0 
1879 0.0566462 0.0189066 0 
1880 0.0738307 0.0360992 0 
1881 0.0766903 0.0220684 0 
1882 0.0513855 0.0220191 0 
1883 0.0836652 0.0252883 0 
1884 0.0752204 0.033895 0 
1885 0.0499367 0.0310967 0 
1886 0.0590173 0.0317239 0 
1887 0.071343 0.0360712 0 
1888 0.0716584 0.0227887 0 
1889 0.0664662 0.0227065 0 
1890 0.0690692 0.0226264 0 
1891 0.0639314 0.0228037 0 
1892 0.0515443 0.029049 0 
1893 0.0663613 0.031708 0 
1894 0.0535986 0.0218098 0 
1895 0.0790195 0.0242788 0 
1896 0.0477672 0.0234291 0 
1897 0.0675931 0.0339081 0 
1898 0.0473559 0.0284281 0 
1899 0.0602818 0.0295776 0 
1900 0.0769639 0.0319227 0 
1901 0.0626821 0.0295237 0 
1902 0.0534815 0.0297047 0 
1903 0.0813026 0.028968 0 
1904 0.0742439 0.0235715 0 
1905 0.0615147 0.0228562 0 
1906 0.056656 0.0316739 0 
1907 0.0580445 0.0209423 0 
1908 0.0688578 0.0316958 0 
1909 0.0525371 0.0243456 0 
1910 0.0493907 0.0286289 0 
1911 0.0812405 0.0262454 0 
1912 0.0701172 0.0338851 0 
1913 0.0651567 0.0250031 0 
1914 0.0726991 0.0338038 0 
1915 0.0493687 0.0221104 0 
1916 0.0558483 0.0214423 0 
1917 0.0578674 0.029433 0 
1918 0.0651391 0.0294915 0 
1919 0.0500867 0.0241996 0 
1920 0.0790525 0.0302371 0 
1921 0.0723673 0.024917 0 
1922 0.0742343 0.0312865 0 
1923 0.0482073 0.0261348 0 
1924 0.067624 0.029471 0 
1925 0.0509599 0.0265708 0 
1926 0.0593982 0.0226648 0 
1927 0.0550282 0.0241745 0 
1928 0.0676836 0.0249526 0 
1929 0.0625937 0.0250628 0 
1930 0.0765143 0.0249506 0 
1931 0.0701538 0.024959 0 
1932 0.0614349 0.0273154 0 
1933 0.0537467 0.0270657 0 
1934 0.0741815 0.0260518 0 
1935 0.0765522 0.0294591 0 
1936 0.0786054 0.0273059 0 
1937 0.0555645 0.0293067 0 
1938 0.0591821 0.0275381 0 
1939 0.0713856 0.0316916 0 
1940 0.0639036 0.0272684 0 
1941 0.0574179 0.0235621 0 
1942 0.0742035 0.0284756 0 
1943 0.0717195 0.027244 0 
1944 0.0664088 0.0272327 0 
1945 0.0760715 0.0272166 0 
1946 0.0597629 0.0250825 0 
1947 0.0700905 0.029475 0 
1948 0.0568482 0.0265568 0 
1949 0.0723392 0.0296311 0 
1950 0.0689552 0.027219 0 
