1 8 12 2 
2 12 13 2 
3 13 14 2 
4 14 15 2 
5 15 16 2 
6 16 17 2 
7 17 18 2 
8 18 19 2 
9 19 20 2 
10 20 21 2 
11 21 22 2 
12 22 23 2 
13 23 24 2 
14 24 25 2 
15 25 26 2 
16 26 27 2 
17 27 28 2 
18 28 29 2 
19 29 30 2 
20 30 31 2 
21 31 32 2 
22 32 33 2 
23 33 34 2 
24 34 35 2 
25 35 36 2 
26 36 37 2 
27 37 38 2 
28 38 39 2 
29 39 40 2 
30 40 41 2 
31 41 42 2 
32 42 43 2 
33 43 44 2 
34 44 45 2 
35 45 46 2 
36 46 47 2 
37 47 48 2 
38 48 49 2 
39 49 50 2 
40 50 51 2 
41 51 52 2 
42 52 53 2 
43 53 54 2 
44 54 55 2 
45 55 56 2 
46 56 57 2 
47 57 58 2 
48 58 59 2 
49 59 60 2 
50 60 61 2 
51 61 62 2 
52 62 63 2 
53 63 64 2 
54 64 65 2 
55 65 66 2 
56 66 67 2 
57 67 68 2 
58 68 69 2 
59 69 70 2 
60 70 71 2 
61 71 72 2 
62 72 73 2 
63 73 74 2 
64 74 75 2 
65 75 76 2 
66 76 77 2 
67 77 78 2 
68 78 79 2 
69 79 80 2 
70 80 81 2 
71 81 82 2 
72 82 83 2 
73 83 84 2 
74 84 85 2 
75 85 86 2 
76 86 87 2 
77 87 88 2 
78 88 89 2 
79 89 90 2 
80 90 91 2 
81 91 92 2 
82 92 93 2 
83 93 94 2 
84 94 95 2 
85 95 96 2 
86 96 97 2 
87 97 98 2 
88 98 7 2 
89 8 99 2 
90 99 100 2 
91 100 101 2 
92 101 102 2 
93 102 103 2 
94 103 104 2 
95 104 105 2 
96 105 106 2 
97 106 107 2 
98 107 108 2 
99 108 109 2 
100 109 110 2 
101 110 111 2 
102 111 112 2 
103 112 113 2 
104 113 114 2 
105 114 115 2 
106 115 116 2 
107 116 117 2 
108 117 118 2 
109 118 119 2 
110 119 120 2 
111 120 121 2 
112 121 122 2 
113 122 123 2 
114 123 124 2 
115 124 125 2 
116 125 126 2 
117 126 127 2 
118 127 128 2 
119 128 129 2 
120 129 130 2 
121 130 131 2 
122 131 132 2 
123 132 133 2 
124 133 134 2 
125 134 135 2 
126 135 136 2 
127 136 137 2 
128 137 138 2 
129 138 139 2 
130 139 140 2 
131 140 141 2 
132 141 142 2 
133 142 143 2 
134 143 144 2 
135 144 145 2 
136 145 146 2 
137 146 147 2 
138 147 148 2 
139 148 149 2 
140 149 150 2 
141 150 151 2 
142 151 152 2 
143 152 153 2 
144 153 154 2 
145 154 155 2 
146 155 156 2 
147 156 157 2 
148 157 158 2 
149 158 159 2 
150 159 160 2 
151 160 161 2 
152 161 162 2 
153 162 163 2 
154 163 164 2 
155 164 165 2 
156 165 166 2 
157 166 167 2 
158 167 168 2 
159 168 169 2 
160 169 170 2 
161 170 171 2 
162 171 172 2 
163 172 173 2 
164 173 174 2 
165 174 175 2 
166 175 176 2 
167 176 177 2 
168 177 178 2 
169 178 179 2 
170 179 180 2 
171 180 181 2 
172 181 182 2 
173 182 183 2 
174 183 184 2 
175 184 185 2 
176 185 186 2 
177 186 187 2 
178 187 188 2 
179 188 189 2 
180 189 190 2 
181 190 191 2 
182 191 192 2 
183 192 193 2 
184 193 194 2 
185 194 195 2 
186 195 196 2 
187 196 197 2 
188 197 198 2 
189 198 199 2 
190 199 200 2 
191 200 201 2 
192 201 202 2 
193 202 203 2 
194 203 204 2 
195 204 205 2 
196 205 206 2 
197 206 207 2 
198 207 208 2 
199 208 209 2 
200 209 210 2 
201 210 211 2 
202 211 212 2 
203 212 213 2 
204 213 214 2 
205 214 215 2 
206 215 216 2 
207 216 217 2 
208 217 218 2 
209 218 219 2 
210 219 220 2 
211 220 221 2 
212 221 222 2 
213 222 223 2 
214 223 224 2 
215 224 225 2 
216 225 226 2 
217 226 227 2 
218 227 228 2 
219 228 229 2 
220 229 230 2 
221 230 231 2 
222 231 232 2 
223 232 233 2 
224 233 234 2 
225 234 235 2 
226 235 236 2 
227 236 237 2 
228 237 238 2 
229 238 239 2 
230 239 240 2 
231 240 241 2 
232 241 242 2 
233 242 243 2 
234 243 244 2 
235 244 245 2 
236 245 246 2 
237 246 247 2 
238 247 248 2 
239 248 249 2 
240 249 250 2 
241 250 251 2 
242 251 252 2 
243 252 253 2 
244 253 254 2 
245 254 255 2 
246 255 256 2 
247 256 257 2 
248 257 258 2 
249 258 259 2 
250 259 260 2 
251 260 261 2 
252 261 262 2 
253 262 263 2 
254 263 264 2 
255 264 265 2 
256 265 266 2 
257 266 267 2 
258 267 268 2 
259 268 269 2 
260 269 270 2 
261 270 271 2 
262 271 272 2 
263 272 273 2 
264 273 274 2 
265 274 275 2 
266 275 276 2 
267 276 277 2 
268 277 278 2 
269 278 279 2 
270 279 280 2 
271 280 281 2 
272 281 282 2 
273 282 283 2 
274 283 284 2 
275 284 285 2 
276 285 286 2 
277 286 287 2 
278 287 288 2 
279 288 289 2 
280 289 290 2 
281 290 291 2 
282 291 292 2 
283 292 293 2 
284 293 294 2 
285 294 295 2 
286 295 296 2 
287 296 297 2 
288 297 298 2 
289 298 299 2 
290 299 300 2 
291 300 301 2 
292 301 302 2 
293 302 303 2 
294 303 304 2 
295 304 305 2 
296 305 306 2 
297 306 307 2 
298 307 308 2 
299 308 309 2 
300 309 310 2 
301 310 311 2 
302 311 312 2 
303 312 313 2 
304 313 314 2 
305 314 315 2 
306 315 316 2 
307 316 317 2 
308 317 318 2 
309 318 319 2 
310 319 320 2 
311 320 321 2 
312 321 322 2 
313 322 323 2 
314 323 324 2 
315 324 325 2 
316 325 326 2 
317 326 327 2 
318 327 328 2 
319 328 329 2 
320 329 330 2 
321 330 331 2 
322 331 332 2 
323 332 333 2 
324 333 334 2 
325 334 335 2 
326 335 336 2 
327 336 337 2 
328 337 338 2 
329 338 339 2 
330 339 340 2 
331 340 341 2 
332 341 342 2 
333 342 343 2 
334 343 344 2 
335 344 345 2 
336 345 346 2 
337 346 347 2 
338 347 348 2 
339 348 349 2 
340 349 350 2 
341 350 351 2 
342 351 352 2 
343 352 353 2 
344 353 354 2 
345 354 355 2 
346 355 356 2 
347 356 357 2 
348 357 358 2 
349 358 359 2 
350 359 360 2 
351 360 361 2 
352 361 362 2 
353 362 363 2 
354 363 364 2 
355 364 365 2 
356 365 366 2 
357 366 367 2 
358 367 368 2 
359 368 369 2 
360 369 370 2 
361 370 371 2 
362 371 372 2 
363 372 373 2 
364 373 374 2 
365 374 375 2 
366 375 376 2 
367 376 377 2 
368 377 378 2 
369 378 379 2 
370 379 380 2 
371 380 381 2 
372 381 382 2 
373 382 383 2 
374 383 384 2 
375 384 385 2 
376 385 386 2 
377 386 387 2 
378 387 388 2 
379 388 389 2 
380 389 390 2 
381 390 391 2 
382 391 392 2 
383 392 393 2 
384 393 394 2 
385 394 395 2 
386 395 396 2 
387 396 397 2 
388 397 398 2 
389 398 399 2 
390 399 400 2 
391 400 401 2 
392 401 402 2 
393 402 403 2 
394 403 404 2 
395 404 405 2 
396 405 406 2 
397 406 407 2 
398 407 408 2 
399 408 409 2 
400 409 410 2 
401 410 411 2 
402 411 412 2 
403 412 413 2 
404 413 414 2 
405 414 415 2 
406 415 416 2 
407 416 417 2 
408 417 418 2 
409 418 419 2 
410 419 420 2 
411 420 421 2 
412 421 422 2 
413 422 423 2 
414 423 424 2 
415 424 425 2 
416 425 426 2 
417 426 427 2 
418 427 428 2 
419 428 429 2 
420 429 430 2 
421 430 431 2 
422 431 432 2 
423 432 433 2 
424 433 434 2 
425 434 435 2 
426 435 436 2 
427 436 437 2 
428 437 438 2 
429 438 439 2 
430 439 440 2 
431 440 441 2 
432 441 442 2 
433 442 443 2 
434 443 444 2 
435 444 445 2 
436 445 446 2 
437 446 447 2 
438 447 10 2 
439 448 1 0 
440 449 448 0 
441 450 449 0 
442 451 450 0 
443 452 451 0 
444 453 452 0 
445 454 453 0 
446 455 454 0 
447 456 455 0 
448 457 456 0 
449 458 457 0 
450 459 458 0 
451 460 459 0 
452 461 460 0 
453 462 461 0 
454 463 462 0 
455 464 463 0 
456 465 464 0 
457 466 465 0 
458 2 466 0 
459 467 2 0 
460 468 467 0 
461 469 468 0 
462 470 469 0 
463 3 470 0 
464 7 471 0 
465 471 472 0 
466 472 473 0 
467 473 474 0 
468 474 475 0 
469 475 476 0 
470 476 477 0 
471 477 478 0 
472 478 479 0 
473 479 480 0 
474 480 481 0 
475 481 482 0 
476 482 483 0 
477 483 484 0 
478 484 485 0 
479 485 486 0 
480 486 487 0 
481 487 488 0 
482 488 489 0 
483 489 490 0 
484 490 3 0 
485 491 7 1 
486 492 491 1 
487 493 492 1 
488 494 493 1 
489 495 494 1 
490 1 495 1 
491 496 3 0 
492 497 496 0 
493 498 497 0 
494 499 498 0 
495 500 499 0 
496 501 500 0 
497 502 501 0 
498 503 502 0 
499 504 503 0 
500 505 504 0 
501 506 505 0 
502 507 506 0 
503 508 507 0 
504 509 508 0 
505 510 509 0 
506 511 510 0 
507 512 511 0 
508 513 512 0 
509 514 513 0 
510 515 514 0 
511 516 515 0 
512 517 516 0 
513 518 517 0 
514 519 518 0 
515 520 519 0 
516 521 520 0 
517 522 521 0 
518 523 522 0 
519 524 523 0 
520 525 524 0 
521 526 525 0 
522 527 526 0 
523 528 527 0 
524 529 528 0 
525 9 529 0 
526 530 9 0 
527 531 530 0 
528 532 531 0 
529 533 532 0 
530 534 533 0 
531 535 534 0 
532 536 535 0 
533 537 536 0 
534 538 537 0 
535 539 538 0 
536 540 539 0 
537 541 540 0 
538 542 541 0 
539 543 542 0 
540 544 543 0 
541 545 544 0 
542 546 545 0 
543 547 546 0 
544 548 547 0 
545 549 548 0 
546 8 549 0 
3110 6 1725 3 
3111 1725 1726 3 
3112 1726 1727 3 
3113 1727 1728 3 
3114 1728 1729 3 
3115 1729 1730 3 
3116 1730 1731 3 
3117 1731 1732 3 
3118 1732 1733 3 
3119 1733 1734 3 
3120 1734 1735 3 
3121 1735 1736 3 
3122 1736 1737 3 
3123 1737 1738 3 
3124 1738 1739 3 
3125 1739 1740 3 
3126 1740 1741 3 
3127 1741 1742 3 
3128 1742 1743 3 
3129 1743 1744 3 
3130 1744 1745 3 
3131 1745 1746 3 
3132 1746 1747 3 
3133 1747 1748 3 
3134 1748 1749 3 
3135 1749 1750 3 
3136 1750 1751 3 
3137 1751 1752 3 
3138 1752 1753 3 
3139 1753 1754 3 
3140 1754 1755 3 
3141 1755 1756 3 
3142 1756 1757 3 
3143 1757 1758 3 
3144 1758 1759 3 
3145 1759 1760 3 
3146 1760 1761 3 
3147 1761 1762 3 
3148 1762 1763 3 
3149 1763 1764 3 
3150 1764 1765 3 
3151 1765 1766 3 
3152 1766 1767 3 
3153 1767 1768 3 
3154 1768 5 3 
3155 4 1769 4 
3156 1769 1770 4 
3157 1770 1771 4 
3158 1771 1772 4 
3159 1772 1773 4 
3160 1773 1774 4 
3161 1774 1775 4 
3162 1775 1776 4 
3163 1776 1777 4 
3164 1777 1778 4 
3165 1778 1779 4 
3166 1779 1780 4 
3167 1780 1781 4 
3168 1781 1782 4 
3169 1782 1783 4 
3170 1783 1784 4 
3171 1784 1785 4 
3172 1785 1786 4 
3173 1786 1787 4 
3174 1787 1788 4 
3175 1788 1789 4 
3176 1789 6 4 
3177 3 1790 0 
3178 1790 1791 0 
3179 1791 1792 0 
3180 1792 1793 0 
3181 1793 1794 0 
3182 1794 1795 0 
3183 1795 1796 0 
3184 1796 1797 0 
3185 1797 1798 0 
3186 1798 1799 0 
3187 1799 1800 0 
3188 1800 1801 0 
3189 1801 1802 0 
3190 1802 1803 0 
3191 1803 1804 0 
3192 1804 1805 0 
3193 1805 1806 0 
3194 1806 1807 0 
3195 1807 1808 0 
3196 1808 1809 0 
3197 1809 1810 0 
3198 1810 1811 0 
3199 1811 1812 0 
3200 1812 1813 0 
3201 1813 1814 0 
3202 1814 1815 0 
3203 1815 1816 0 
3204 1816 1817 0 
3205 1817 1818 0 
3206 1818 1819 0 
3207 1819 1820 0 
3208 1820 1821 0 
3209 1821 1822 0 
3210 1822 1823 0 
3211 1823 4 0 
3212 5 1824 1 
3213 1824 1825 1 
3214 1825 1826 1 
3215 1826 1827 1 
3216 1827 1828 1 
3217 1828 1829 1 
3218 1829 1830 1 
3219 1830 1831 1 
3220 1831 1832 1 
3221 1832 1833 1 
3222 1833 1834 1 
3223 1834 1835 1 
3224 1835 1836 1 
3225 1836 1837 1 
3226 1837 1838 1 
3227 1838 1839 1 
3228 1839 1840 1 
3229 1840 1841 1 
3230 1841 1842 1 
3231 1842 1843 1 
3232 1843 1 1 
3233 11 1844 4 
3234 1844 1845 4 
3235 1845 1846 4 
3236 1846 1847 4 
3237 1847 1848 4 
3238 1848 1849 4 
3239 1849 1850 4 
3240 1850 1851 4 
3241 1851 1852 4 
3242 1852 1853 4 
3243 1853 1854 4 
3244 1854 1855 4 
3245 1855 1856 4 
3246 1856 1857 4 
3247 1857 1858 4 
3248 1858 1859 4 
3249 1859 1860 4 
3250 1860 1861 4 
3251 1861 1862 4 
3252 1862 1863 4 
3253 1863 1864 4 
3254 1864 1865 4 
3255 1865 1866 4 
3256 1866 1867 4 
3257 1867 1868 4 
3258 1868 1869 4 
3259 1869 1870 4 
3260 1870 1871 4 
3261 1871 1872 4 
3262 1872 1873 4 
3263 1873 1874 4 
3264 1874 1875 4 
3265 1875 1876 4 
3266 1876 1877 4 
3267 1877 1878 4 
3268 1878 1879 4 
3269 1879 1880 4 
3270 1880 1881 4 
3271 1881 1882 4 
3272 1882 1883 4 
3273 1883 1884 4 
3274 1884 1885 4 
3275 1885 1886 4 
3276 1886 1887 4 
3277 1887 1888 4 
3278 1888 1889 4 
3279 1889 1890 4 
3280 1890 1891 4 
3281 1891 1892 4 
3282 1892 1893 4 
3283 1893 1894 4 
3284 1894 1895 4 
3285 1895 1896 4 
3286 1896 1897 4 
3287 1897 1898 4 
3288 1898 1899 4 
3289 1899 1900 4 
3290 1900 1901 4 
3291 1901 1902 4 
3292 1902 1903 4 
3293 1903 1904 4 
3294 1904 1905 4 
3295 1905 1906 4 
3296 1906 1907 4 
3297 1907 1908 4 
3298 1908 1909 4 
3299 1909 1910 4 
3300 1910 1911 4 
3301 1911 1912 4 
3302 1912 1913 4 
3303 1913 1914 4 
3304 1914 1915 4 
3305 1915 1916 4 
3306 1916 1917 4 
3307 1917 1918 4 
3308 1918 1919 4 
3309 1919 1920 4 
3310 1920 1921 4 
3311 1921 1922 4 
3312 1922 1923 4 
3313 1923 1924 4 
3314 1924 1925 4 
3315 1925 1926 4 
3316 1926 1927 4 
3317 1927 1928 4 
3318 1928 1929 4 
3319 1929 1930 4 
3320 1930 4 4 
3321 10 1931 4 
3322 1931 1932 4 
3323 1932 1933 4 
3324 1933 1934 4 
3325 1934 1935 4 
3326 1935 1936 4 
3327 1936 1937 4 
3328 1937 1938 4 
3329 1938 1939 4 
3330 1939 1940 4 
3331 1940 1941 4 
3332 1941 1942 4 
3333 1942 1943 4 
3334 1943 1944 4 
3335 1944 1945 4 
3336 1945 1946 4 
3337 1946 1947 4 
3338 1947 1948 4 
3339 1948 1949 4 
3340 1949 1950 4 
3341 1950 1951 4 
3342 1951 1952 4 
3343 1952 1953 4 
3344 1953 1954 4 
3345 1954 1955 4 
3346 1955 1956 4 
3347 1956 1957 4 
3348 1957 1958 4 
3349 1958 1959 4 
3350 1959 1960 4 
3351 1960 1961 4 
3352 1961 1962 4 
3353 1962 1963 4 
3354 1963 1964 4 
3355 1964 1965 4 
3356 1965 1966 4 
3357 1966 1967 4 
3358 1967 1968 4 
3359 1968 1969 4 
3360 1969 1970 4 
3361 1970 1971 4 
3362 1971 1972 4 
3363 1972 1973 4 
3364 1973 1974 4 
3365 1974 1975 4 
3366 1975 1976 4 
3367 1976 1977 4 
3368 1977 11 4 
