1 6 7 1 
2 7 8 1 
3 8 9 1 
4 9 10 1 
5 10 11 1 
6 11 12 1 
7 12 13 1 
8 13 14 1 
9 14 15 1 
10 15 16 1 
11 16 17 1 
12 17 18 1 
13 18 19 1 
14 19 20 1 
15 20 21 1 
16 21 22 1 
17 22 23 1 
18 23 24 1 
19 24 25 1 
20 25 26 1 
21 26 27 1 
22 27 28 1 
23 28 29 1 
24 29 30 1 
25 30 31 1 
26 31 32 1 
27 32 33 1 
28 33 34 1 
29 34 35 1 
30 35 36 1 
31 36 37 1 
32 37 38 1 
33 38 39 1 
34 39 40 1 
35 40 41 1 
36 41 42 1 
37 42 43 1 
38 43 44 1 
39 44 45 1 
40 45 46 1 
41 46 47 1 
42 47 48 1 
43 48 49 1 
44 49 50 1 
45 50 51 1 
46 51 52 1 
47 52 53 1 
48 53 54 1 
49 54 55 1 
50 55 56 1 
51 56 57 1 
52 57 58 1 
53 58 59 1 
54 59 60 1 
55 60 61 1 
56 61 62 1 
57 62 63 1 
58 63 64 1 
59 64 65 1 
60 65 66 1 
61 66 67 1 
62 67 68 1 
63 68 69 1 
64 69 70 1 
65 70 71 1 
66 71 72 1 
67 72 5 1 
68 5 73 3 
69 73 74 3 
70 74 75 3 
71 75 76 3 
72 76 77 3 
73 77 78 3 
74 78 79 3 
75 79 80 3 
76 80 81 3 
77 81 82 3 
78 82 83 3 
79 83 84 3 
80 84 85 3 
81 85 86 3 
82 86 87 3 
83 87 88 3 
84 88 89 3 
85 89 90 3 
86 90 91 3 
87 91 92 3 
88 92 93 3 
89 93 94 3 
90 94 95 3 
91 95 96 3 
92 96 97 3 
93 97 98 3 
94 98 99 3 
95 99 100 3 
96 100 101 3 
97 101 102 3 
98 102 103 3 
99 103 104 3 
100 104 105 3 
101 105 106 3 
102 106 107 3 
103 107 108 3 
104 108 109 3 
105 109 110 3 
106 110 111 3 
107 111 112 3 
108 112 113 3 
109 113 114 3 
110 114 115 3 
111 115 116 3 
112 116 117 3 
113 117 118 3 
114 118 119 3 
115 119 120 3 
116 120 121 3 
117 121 122 3 
118 122 123 3 
119 123 124 3 
120 124 125 3 
121 125 126 3 
122 126 127 3 
123 127 128 3 
124 128 129 3 
125 129 130 3 
126 130 131 3 
127 131 132 3 
128 132 133 3 
129 133 134 3 
130 134 135 3 
131 135 136 3 
132 136 137 3 
133 137 138 3 
134 138 139 3 
135 139 140 3 
136 140 141 3 
137 141 142 3 
138 142 143 3 
139 143 144 3 
140 144 145 3 
141 145 146 3 
142 146 147 3 
143 147 148 3 
144 148 149 3 
145 149 150 3 
146 150 151 3 
147 151 152 3 
148 152 153 3 
149 153 154 3 
150 154 155 3 
151 155 156 3 
152 156 157 3 
153 157 158 3 
154 158 159 3 
155 159 160 3 
156 160 161 3 
157 161 162 3 
158 162 163 3 
159 163 164 3 
160 164 165 3 
161 165 166 3 
162 166 167 3 
163 167 168 3 
164 168 169 3 
165 169 170 3 
166 170 171 3 
167 171 172 3 
168 172 173 3 
169 173 174 3 
170 174 175 3 
171 175 176 3 
172 176 177 3 
173 177 178 3 
174 178 179 3 
175 179 180 3 
176 180 181 3 
177 181 182 3 
178 182 183 3 
179 183 184 3 
180 184 185 3 
181 185 186 3 
182 186 187 3 
183 187 188 3 
184 188 189 3 
185 189 190 3 
186 190 191 3 
187 191 192 3 
188 192 193 3 
189 193 194 3 
190 194 195 3 
191 195 196 3 
192 196 197 3 
193 197 198 3 
194 198 199 3 
195 199 200 3 
196 200 201 3 
197 201 202 3 
198 202 203 3 
199 203 204 3 
200 204 205 3 
201 205 206 3 
202 206 207 3 
203 207 208 3 
204 208 209 3 
205 209 210 3 
206 210 211 3 
207 211 212 3 
208 212 213 3 
209 213 214 3 
210 214 215 3 
211 215 216 3 
212 216 217 3 
213 217 218 3 
214 218 219 3 
215 219 220 3 
216 220 221 3 
217 221 222 3 
218 222 223 3 
219 223 224 3 
220 224 225 3 
221 225 226 3 
222 226 227 3 
223 227 228 3 
224 228 229 3 
225 229 230 3 
226 230 231 3 
227 231 232 3 
228 232 233 3 
229 233 234 3 
230 234 235 3 
231 235 236 3 
232 236 237 3 
233 237 238 3 
234 238 239 3 
235 239 240 3 
236 240 241 3 
237 241 242 3 
238 242 243 3 
239 243 244 3 
240 244 245 3 
241 245 246 3 
242 246 247 3 
243 247 248 3 
244 248 249 3 
245 249 250 3 
246 250 251 3 
247 251 252 3 
248 252 253 3 
249 253 254 3 
250 254 255 3 
251 255 256 3 
252 256 257 3 
253 257 258 3 
254 258 259 3 
255 259 260 3 
256 260 261 3 
257 261 262 3 
258 262 263 3 
259 263 264 3 
260 264 265 3 
261 265 266 3 
262 266 267 3 
263 267 268 3 
264 268 269 3 
265 269 270 3 
266 270 271 3 
267 271 4 3 
268 4 272 2 
269 272 273 2 
270 273 274 2 
271 274 275 2 
272 275 276 2 
273 276 277 2 
274 277 278 2 
275 278 279 2 
276 279 280 2 
277 280 281 2 
278 281 282 2 
279 282 283 2 
280 283 284 2 
281 284 285 2 
282 285 286 2 
283 286 287 2 
284 287 288 2 
285 288 289 2 
286 289 290 2 
287 290 291 2 
288 291 292 2 
289 292 293 2 
290 293 294 2 
291 294 295 2 
292 295 296 2 
293 296 297 2 
294 297 298 2 
295 298 299 2 
296 299 300 2 
297 300 301 2 
298 301 302 2 
299 302 303 2 
300 303 304 2 
301 304 305 2 
302 305 306 2 
303 306 307 2 
304 307 308 2 
305 308 309 2 
306 309 310 2 
307 310 311 2 
308 311 312 2 
309 312 313 2 
310 313 314 2 
311 314 315 2 
312 315 316 2 
313 316 317 2 
314 317 318 2 
315 318 319 2 
316 319 320 2 
317 320 321 2 
318 321 322 2 
319 322 323 2 
320 323 3 2 
321 3 324 3 
322 324 325 3 
323 325 326 3 
324 326 327 3 
325 327 328 3 
326 328 329 3 
327 329 330 3 
328 330 331 3 
329 331 332 3 
330 332 333 3 
331 333 334 3 
332 334 335 3 
333 335 336 3 
334 336 337 3 
335 337 338 3 
336 338 339 3 
337 339 340 3 
338 340 341 3 
339 341 342 3 
340 342 343 3 
341 343 344 3 
342 344 345 3 
343 345 346 3 
344 346 347 3 
345 347 348 3 
346 348 349 3 
347 349 350 3 
348 350 351 3 
349 351 352 3 
350 352 353 3 
351 353 354 3 
352 354 355 3 
353 355 356 3 
354 356 357 3 
355 357 358 3 
356 358 359 3 
357 359 360 3 
358 360 361 3 
359 361 362 3 
360 362 363 3 
361 363 364 3 
362 364 365 3 
363 365 366 3 
364 366 367 3 
365 367 368 3 
366 368 369 3 
367 369 370 3 
368 370 371 3 
369 371 372 3 
370 372 373 3 
371 373 374 3 
372 374 375 3 
373 375 376 3 
374 376 377 3 
375 377 378 3 
376 378 379 3 
377 379 380 3 
378 380 381 3 
379 381 382 3 
380 382 383 3 
381 383 384 3 
382 384 385 3 
383 385 386 3 
384 386 387 3 
385 387 388 3 
386 388 389 3 
387 389 390 3 
388 390 391 3 
389 391 392 3 
390 392 393 3 
391 393 394 3 
392 394 395 3 
393 395 396 3 
394 396 397 3 
395 397 398 3 
396 398 399 3 
397 399 400 3 
398 400 401 3 
399 401 402 3 
400 402 403 3 
401 403 404 3 
402 404 405 3 
403 405 406 3 
404 406 407 3 
405 407 408 3 
406 408 409 3 
407 409 410 3 
408 410 411 3 
409 411 412 3 
410 412 413 3 
411 413 414 3 
412 414 415 3 
413 415 416 3 
414 416 417 3 
415 417 418 3 
416 418 419 3 
417 419 420 3 
418 420 421 3 
419 421 422 3 
420 422 423 3 
421 423 424 3 
422 424 425 3 
423 425 426 3 
424 426 427 3 
425 427 428 3 
426 428 429 3 
427 429 430 3 
428 430 431 3 
429 431 432 3 
430 432 433 3 
431 433 434 3 
432 434 435 3 
433 435 436 3 
434 436 437 3 
435 437 438 3 
436 438 439 3 
437 439 440 3 
438 440 441 3 
439 441 442 3 
440 442 443 3 
441 443 444 3 
442 444 445 3 
443 445 446 3 
444 446 447 3 
445 447 448 3 
446 448 449 3 
447 449 450 3 
448 450 451 3 
449 451 452 3 
450 452 453 3 
451 453 454 3 
452 454 455 3 
453 455 456 3 
454 456 457 3 
455 457 458 3 
456 458 459 3 
457 459 460 3 
458 460 461 3 
459 461 462 3 
460 462 463 3 
461 463 464 3 
462 464 465 3 
463 465 466 3 
464 466 467 3 
465 467 468 3 
466 468 469 3 
467 469 470 3 
468 470 471 3 
469 471 472 3 
470 472 473 3 
471 473 474 3 
472 474 475 3 
473 475 476 3 
474 476 477 3 
475 477 478 3 
476 478 479 3 
477 479 480 3 
478 480 481 3 
479 481 482 3 
480 482 2 3 
481 2 483 3 
482 483 484 3 
483 484 485 3 
484 485 486 3 
485 486 487 3 
486 487 488 3 
487 488 489 3 
488 489 490 3 
489 490 491 3 
490 491 492 3 
491 492 493 3 
492 493 494 3 
493 494 1 3 
494 1 495 3 
495 495 496 3 
496 496 497 3 
497 497 498 3 
498 498 499 3 
499 499 500 3 
500 500 501 3 
501 501 502 3 
502 502 503 3 
503 503 504 3 
504 504 505 3 
505 505 506 3 
506 506 507 3 
507 507 508 3 
508 508 509 3 
509 509 510 3 
510 510 511 3 
511 511 512 3 
512 512 513 3 
513 513 514 3 
514 514 515 3 
515 515 516 3 
516 516 517 3 
517 517 518 3 
518 518 519 3 
519 519 520 3 
520 520 521 3 
521 521 522 3 
522 522 523 3 
523 523 524 3 
524 524 525 3 
525 525 526 3 
526 526 527 3 
527 527 528 3 
528 528 529 3 
529 529 530 3 
530 530 531 3 
531 531 532 3 
532 532 533 3 
533 533 6 3 
