1 5 7 1 
2 7 8 1 
3 8 9 1 
4 9 10 1 
5 10 11 1 
6 11 12 1 
7 12 13 1 
8 13 14 1 
9 14 15 1 
10 15 16 1 
11 16 17 1 
12 17 18 1 
13 18 19 1 
14 19 20 1 
15 20 21 1 
16 21 22 1 
17 22 23 1 
18 23 24 1 
19 24 25 1 
20 25 26 1 
21 26 27 1 
22 27 28 1 
23 28 29 1 
24 29 30 1 
25 30 31 1 
26 31 32 1 
27 32 33 1 
28 33 34 1 
29 34 35 1 
30 35 36 1 
31 36 37 1 
32 37 38 1 
33 38 39 1 
34 39 40 1 
35 40 41 1 
36 41 42 1 
37 42 43 1 
38 43 44 1 
39 44 45 1 
40 45 46 1 
41 46 47 1 
42 47 48 1 
43 48 49 1 
44 49 50 1 
45 50 51 1 
46 51 52 1 
47 52 53 1 
48 53 54 1 
49 54 55 1 
50 55 56 1 
51 56 57 1 
52 57 58 1 
53 58 59 1 
54 59 60 1 
55 60 61 1 
56 61 62 1 
57 62 63 1 
58 63 64 1 
59 64 65 1 
60 65 66 1 
61 66 67 1 
62 67 68 1 
63 68 69 1 
64 69 70 1 
65 70 71 1 
66 71 72 1 
67 72 73 1 
68 73 74 1 
69 74 75 1 
70 75 76 1 
71 76 77 1 
72 77 78 1 
73 78 79 1 
74 79 80 1 
75 80 81 1 
76 81 82 1 
77 82 83 1 
78 83 84 1 
79 84 85 1 
80 85 86 1 
81 86 87 1 
82 87 88 1 
83 88 89 1 
84 89 90 1 
85 90 91 1 
86 91 92 1 
87 92 93 1 
88 93 94 1 
89 94 95 1 
90 95 96 1 
91 96 97 1 
92 97 98 1 
93 98 99 1 
94 99 100 1 
95 100 101 1 
96 101 102 1 
97 102 103 1 
98 103 104 1 
99 104 105 1 
100 105 106 1 
101 106 107 1 
102 107 108 1 
103 108 109 1 
104 109 110 1 
105 110 111 1 
106 111 112 1 
107 112 113 1 
108 113 114 1 
109 114 115 1 
110 115 116 1 
111 116 117 1 
112 117 118 1 
113 118 119 1 
114 119 120 1 
115 120 121 1 
116 121 122 1 
117 122 123 1 
118 123 124 1 
119 124 125 1 
120 125 126 1 
121 126 127 1 
122 127 128 1 
123 128 129 1 
124 129 130 1 
125 130 131 1 
126 131 132 1 
127 132 133 1 
128 133 134 1 
129 134 135 1 
130 135 136 1 
131 136 137 1 
132 137 138 1 
133 138 139 1 
134 139 140 1 
135 140 141 1 
136 141 142 1 
137 142 143 1 
138 143 144 1 
139 144 145 1 
140 145 146 1 
141 146 147 1 
142 147 148 1 
143 148 149 1 
144 149 150 1 
145 150 151 1 
146 151 152 1 
147 152 153 1 
148 153 154 1 
149 154 155 1 
150 155 3 1 
151 4 156 4 
152 156 157 4 
153 157 158 4 
154 158 159 4 
155 159 160 4 
156 160 161 4 
157 161 162 4 
158 162 163 4 
159 163 164 4 
160 164 165 4 
161 165 166 4 
162 166 167 4 
163 167 168 4 
164 168 169 4 
165 169 170 4 
166 170 171 4 
167 171 172 4 
168 172 173 4 
169 173 174 4 
170 174 175 4 
171 175 176 4 
172 176 177 4 
173 177 178 4 
174 178 179 4 
175 179 180 4 
176 180 181 4 
177 181 182 4 
178 182 183 4 
179 183 184 4 
180 184 185 4 
181 185 186 4 
182 186 187 4 
183 187 188 4 
184 188 189 4 
185 189 190 4 
186 190 191 4 
187 191 192 4 
188 192 193 4 
189 193 194 4 
190 194 195 4 
191 195 196 4 
192 196 197 4 
193 197 198 4 
194 198 199 4 
195 199 200 4 
196 200 201 4 
197 201 202 4 
198 202 203 4 
199 203 204 4 
200 204 205 4 
201 205 206 4 
202 206 207 4 
203 207 208 4 
204 208 209 4 
205 209 210 4 
206 210 211 4 
207 211 212 4 
208 212 213 4 
209 213 214 4 
210 214 215 4 
211 215 216 4 
212 216 217 4 
213 217 218 4 
214 218 219 4 
215 219 220 4 
216 220 221 4 
217 221 222 4 
218 222 223 4 
219 223 224 4 
220 224 225 4 
221 225 226 4 
222 226 227 4 
223 227 228 4 
224 228 229 4 
225 229 230 4 
226 230 231 4 
227 231 232 4 
228 232 233 4 
229 233 234 4 
230 234 235 4 
231 235 236 4 
232 236 237 4 
233 237 238 4 
234 238 239 4 
235 239 240 4 
236 240 241 4 
237 241 242 4 
238 242 243 4 
239 243 244 4 
240 244 245 4 
241 245 246 4 
242 246 247 4 
243 247 248 4 
244 248 249 4 
245 249 250 4 
246 250 251 4 
247 251 252 4 
248 252 253 4 
249 253 254 4 
250 254 255 4 
251 255 256 4 
252 256 257 4 
253 257 258 4 
254 258 259 4 
255 259 260 4 
256 260 261 4 
257 261 262 4 
258 262 263 4 
259 263 264 4 
260 264 265 4 
261 265 266 4 
262 266 267 4 
263 267 268 4 
264 268 269 4 
265 269 270 4 
266 270 271 4 
267 271 272 4 
268 272 273 4 
269 273 274 4 
270 274 275 4 
271 275 276 4 
272 276 277 4 
273 277 278 4 
274 278 279 4 
275 279 280 4 
276 280 281 4 
277 281 282 4 
278 282 283 4 
279 283 284 4 
280 284 285 4 
281 285 286 4 
282 286 287 4 
283 287 288 4 
284 288 289 4 
285 289 290 4 
286 290 291 4 
287 291 292 4 
288 292 293 4 
289 293 294 4 
290 294 295 4 
291 295 296 4 
292 296 297 4 
293 297 298 4 
294 298 299 4 
295 299 300 4 
296 300 301 4 
297 301 302 4 
298 302 303 4 
299 303 304 4 
300 304 6 4 
301 3 305 1 
302 305 306 1 
303 306 307 1 
304 307 308 1 
305 308 309 1 
306 309 310 1 
307 310 311 1 
308 311 312 1 
309 312 313 1 
310 313 314 1 
311 314 315 1 
312 315 316 1 
313 316 317 1 
314 317 318 1 
315 318 319 1 
316 319 320 1 
317 320 321 1 
318 321 322 1 
319 322 323 1 
320 323 324 1 
321 324 325 1 
322 325 326 1 
323 326 327 1 
324 327 328 1 
325 328 329 1 
326 329 330 1 
327 330 331 1 
328 331 332 1 
329 332 333 1 
330 333 1 1 
331 2 334 3 
332 334 335 3 
333 335 336 3 
334 336 337 3 
335 337 338 3 
336 338 339 3 
337 339 340 3 
338 340 341 3 
339 341 342 3 
340 342 343 3 
341 343 344 3 
342 344 345 3 
343 345 346 3 
344 346 347 3 
345 347 348 3 
346 348 349 3 
347 349 350 3 
348 350 351 3 
349 351 352 3 
350 352 353 3 
351 353 354 3 
352 354 355 3 
353 355 356 3 
354 356 357 3 
355 357 358 3 
356 358 359 3 
357 359 360 3 
358 360 361 3 
359 361 362 3 
360 362 4 3 
361 1 363 2 
362 363 364 2 
363 364 365 2 
364 365 366 2 
365 366 367 2 
366 367 368 2 
367 368 369 2 
368 369 370 2 
369 370 371 2 
370 371 372 2 
371 372 373 2 
372 373 374 2 
373 374 375 2 
374 375 376 2 
375 376 377 2 
376 377 378 2 
377 378 379 2 
378 379 380 2 
379 380 381 2 
380 381 382 2 
381 382 383 2 
382 383 384 2 
383 384 385 2 
384 385 386 2 
385 386 387 2 
386 387 388 2 
387 388 389 2 
388 389 390 2 
389 390 391 2 
390 391 392 2 
391 392 393 2 
392 393 394 2 
393 394 395 2 
394 395 396 2 
395 396 397 2 
396 397 398 2 
397 398 399 2 
398 399 400 2 
399 400 401 2 
400 401 402 2 
401 402 403 2 
402 403 404 2 
403 404 405 2 
404 405 406 2 
405 406 407 2 
406 407 408 2 
407 408 409 2 
408 409 410 2 
409 410 411 2 
410 411 412 2 
411 412 413 2 
412 413 414 2 
413 414 415 2 
414 415 416 2 
415 416 417 2 
416 417 418 2 
417 418 419 2 
418 419 420 2 
419 420 421 2 
420 421 422 2 
421 422 423 2 
422 423 424 2 
423 424 425 2 
424 425 426 2 
425 426 427 2 
426 427 428 2 
427 428 429 2 
428 429 430 2 
429 430 431 2 
430 431 432 2 
431 432 433 2 
432 433 434 2 
433 434 435 2 
434 435 436 2 
435 436 437 2 
436 437 438 2 
437 438 439 2 
438 439 440 2 
439 440 441 2 
440 441 442 2 
441 442 443 2 
442 443 444 2 
443 444 445 2 
444 445 446 2 
445 446 447 2 
446 447 448 2 
447 448 449 2 
448 449 450 2 
449 450 451 2 
450 451 452 2 
451 452 453 2 
452 453 454 2 
453 454 455 2 
454 455 456 2 
455 456 457 2 
456 457 458 2 
457 458 459 2 
458 459 460 2 
459 460 461 2 
460 461 2 2 
461 4 462 0 
462 462 463 0 
463 463 464 0 
464 464 465 0 
465 465 466 0 
466 466 467 0 
467 467 468 0 
468 468 469 0 
469 469 470 0 
470 470 471 0 
471 471 472 0 
472 472 473 0 
473 473 474 0 
474 474 475 0 
475 475 476 0 
476 476 477 0 
477 477 478 0 
478 478 479 0 
479 479 480 0 
480 480 481 0 
481 481 482 0 
482 482 483 0 
483 483 484 0 
484 484 485 0 
485 485 486 0 
486 486 487 0 
487 487 488 0 
488 488 489 0 
489 489 490 0 
490 490 491 0 
491 491 492 0 
492 492 493 0 
493 493 494 0 
494 494 495 0 
495 495 496 0 
496 496 497 0 
497 497 498 0 
498 498 499 0 
499 499 500 0 
500 500 501 0 
501 501 502 0 
502 502 503 0 
503 503 504 0 
504 504 505 0 
505 505 506 0 
506 506 507 0 
507 507 508 0 
508 508 509 0 
509 509 510 0 
510 510 511 0 
511 511 512 0 
512 512 513 0 
513 513 514 0 
514 514 515 0 
515 515 516 0 
516 516 517 0 
517 517 518 0 
518 518 519 0 
519 519 520 0 
520 520 521 0 
521 521 522 0 
522 522 523 0 
523 523 524 0 
524 524 525 0 
525 525 526 0 
526 526 527 0 
527 527 528 0 
528 528 529 0 
529 529 530 0 
530 530 531 0 
531 531 532 0 
532 532 533 0 
533 533 534 0 
534 534 535 0 
535 535 536 0 
536 536 537 0 
537 537 538 0 
538 538 539 0 
539 539 540 0 
540 540 541 0 
541 541 542 0 
542 542 543 0 
543 543 544 0 
544 544 545 0 
545 545 546 0 
546 546 547 0 
547 547 548 0 
548 548 549 0 
549 549 550 0 
550 550 551 0 
551 551 552 0 
552 552 553 0 
553 553 554 0 
554 554 555 0 
555 555 556 0 
556 556 557 0 
557 557 558 0 
558 558 559 0 
559 559 560 0 
560 560 3 0 
561 6 561 1 
562 561 562 1 
563 562 563 1 
564 563 564 1 
565 564 565 1 
566 565 566 1 
567 566 567 1 
568 567 568 1 
569 568 569 1 
570 569 570 1 
571 570 571 1 
572 571 572 1 
573 572 573 1 
574 573 574 1 
575 574 575 1 
576 575 576 1 
577 576 577 1 
578 577 578 1 
579 578 579 1 
580 579 580 1 
581 580 581 1 
582 581 582 1 
583 582 583 1 
584 583 584 1 
585 584 585 1 
586 585 586 1 
587 586 587 1 
588 587 588 1 
589 588 589 1 
590 589 590 1 
591 590 591 1 
592 591 592 1 
593 592 593 1 
594 593 594 1 
595 594 595 1 
596 595 596 1 
597 596 597 1 
598 597 598 1 
599 598 599 1 
600 599 600 1 
601 600 601 1 
602 601 602 1 
603 602 603 1 
604 603 604 1 
605 604 605 1 
606 605 606 1 
607 606 607 1 
608 607 608 1 
609 608 609 1 
610 609 610 1 
611 610 611 1 
612 611 612 1 
613 612 613 1 
614 613 614 1 
615 614 615 1 
616 615 616 1 
617 616 617 1 
618 617 618 1 
619 618 619 1 
620 619 620 1 
621 620 621 1 
622 621 622 1 
623 622 623 1 
624 623 624 1 
625 624 625 1 
626 625 626 1 
627 626 627 1 
628 627 628 1 
629 628 629 1 
630 629 630 1 
631 630 631 1 
632 631 632 1 
633 632 633 1 
634 633 634 1 
635 634 635 1 
636 635 636 1 
637 636 637 1 
638 637 638 1 
639 638 639 1 
640 639 640 1 
641 640 641 1 
642 641 642 1 
643 642 643 1 
644 643 644 1 
645 644 645 1 
646 645 646 1 
647 646 647 1 
648 647 648 1 
649 648 649 1 
650 649 650 1 
651 650 651 1 
652 651 652 1 
653 652 653 1 
654 653 654 1 
655 654 655 1 
656 655 656 1 
657 656 657 1 
658 657 658 1 
659 658 659 1 
660 659 5 1 
