+------------------------------ CFD LOVES C++ ---------------------------+
|--------------------DISCONTINUOS GALERKIN METHOD SOLVER-----------------|
|                                  Author                                |
|   Nam Ha Tran.                                                         |
|   Ver 1.00                                                             |
+------------------------------------------------------------------------+
|   This program uses Discontinous Galerkin method to solve 2D problems  |
|   on structural and unstructural mesh.                                 |
+------------------------------------------------------------------------+
	Program ran at (d-m-y_h-m-s) 18-10-2018_23-22-37

	MasterElemOfEdge array

2474 
119 
2474 
30 
2633 
2634 
2634 
27 
29 
29 
0 
0 
2526 
2528 
2528 
2636 
2636 
2693 
2475 
2693 
2819 
2695 
2819 
2476 
2696 
2696 
2821 
2697 
2821 
2477 
2960 
2960 
2822 
2698 
2822 
2478 
2820 
2820 
2823 
2699 
2823 
2479 
2906 
2906 
2824 
2700 
2824 
2480 
2907 
2907 
2825 
2701 
2825 
2481 
2702 
2702 
2826 
2703 
2826 
2482 
2704 
2704 
2827 
2705 
2827 
2483 
2961 
2961 
2828 
2706 
2828 
2484 
2908 
2908 
2829 
2707 
2829 
2485 
2909 
2909 
2830 
2708 
2830 
2486 
2910 
2910 
2831 
2709 
2831 
2487 
2911 
2911 
2832 
2710 
2832 
2488 
2912 
2912 
2833 
2711 
2833 
2489 
2913 
2913 
2834 
2712 
2834 
2490 
2914 
2914 
2835 
2713 
2835 
2491 
2915 
2915 
2836 
2714 
2836 
2492 
2916 
2916 
2837 
2715 
2837 
2493 
2917 
2917 
2838 
2716 
2838 
2494 
2918 
2918 
2839 
2717 
2839 
2495 
2919 
2919 
2719 
2718 
2719 
2496 
2720 
2720 
2840 
2721 
2840 
2497 
2722 
2722 
2841 
2723 
2841 
2498 
2724 
2724 
2842 
2725 
2842 
2499 
2726 
2726 
2843 
2727 
2843 
2500 
2728 
2728 
2844 
2729 
2844 
2501 
2730 
2730 
2845 
2731 
2845 
2502 
2963 
2963 
2846 
2732 
2846 
2503 
2962 
2962 
2847 
2733 
2847 
2504 
2734 
2734 
2848 
2735 
2848 
2505 
2964 
2964 
2849 
2736 
2849 
2506 
2920 
2920 
2850 
2737 
2850 
2507 
2921 
2921 
2851 
2738 
2851 
2508 
2922 
2922 
2852 
2739 
2852 
2509 
2923 
2923 
2853 
2740 
2853 
2510 
2924 
2924 
2854 
2741 
2854 
2511 
2925 
2925 
2855 
2742 
2855 
2512 
2926 
2926 
2743 
2513 
2743 
2744 
2514 
2744 
2745 
2515 
2745 
2746 
2516 
2746 
2747 
2517 
2747 
2748 
2518 
2748 
2749 
2519 
2749 
2750 
2520 
2750 
2751 
2521 
2751 
2752 
2522 
2752 
2753 
2523 
2753 
2754 
2524 
2754 
2755 
2525 
2755 
2527 
2527 
81 
1 
81 
121 
82 
121 
2 
163 
163 
164 
83 
164 
3 
231 
231 
165 
84 
165 
4 
232 
232 
166 
85 
166 
5 
233 
233 
167 
86 
167 
6 
234 
234 
168 
87 
168 
7 
235 
235 
169 
88 
169 
8 
236 
236 
170 
89 
170 
9 
237 
237 
171 
90 
171 
10 
238 
238 
172 
91 
172 
11 
239 
239 
173 
92 
173 
12 
240 
240 
174 
93 
174 
13 
241 
241 
175 
94 
175 
14 
242 
242 
176 
95 
176 
15 
243 
243 
177 
96 
177 
16 
244 
244 
178 
97 
178 
17 
245 
245 
179 
98 
179 
18 
246 
246 
180 
99 
180 
19 
247 
247 
181 
100 
181 
20 
248 
248 
182 
101 
182 
21 
249 
249 
183 
102 
183 
22 
250 
250 
184 
103 
184 
23 
251 
251 
185 
104 
185 
24 
252 
252 
186 
105 
186 
25 
253 
253 
187 
106 
187 
26 
254 
254 
28 
28 
152 
31 
375 
375 
109 
110 
110 
32 
111 
111 
188 
112 
188 
33 
294 
294 
107 
108 
108 
34 
113 
113 
189 
114 
189 
35 
295 
295 
190 
115 
190 
36 
293 
293 
191 
116 
191 
37 
255 
255 
192 
117 
192 
38 
256 
256 
193 
118 
193 
39 
257 
257 
194 
120 
194 
345 
345 
344 
119 
2756 
344 
2817 
2817 
291 
2529 
291 
2856 
2856 
2530 
296 
296 
2531 
2531 
195 
2532 
195 
2533 
2533 
2758 
258 
258 
3335 
3335 
196 
2534 
196 
2757 
2758 
2535 
259 
259 
2536 
2536 
197 
2537 
197 
2538 
2538 
2539 
260 
260 
2540 
2540 
198 
2541 
198 
2542 
2542 
2543 
261 
261 
2544 
2544 
199 
2545 
199 
2546 
2546 
2547 
262 
262 
2548 
2548 
200 
2549 
200 
2550 
2550 
2551 
263 
263 
2552 
2552 
201 
2553 
201 
2554 
2554 
2555 
264 
264 
2556 
2556 
202 
2557 
202 
2558 
2558 
2559 
265 
265 
2560 
2560 
203 
2561 
203 
2562 
2562 
2563 
266 
266 
2564 
2564 
204 
2565 
204 
2566 
2566 
2567 
267 
267 
2568 
2568 
205 
2569 
205 
2570 
2570 
2571 
268 
268 
2572 
2572 
206 
2573 
206 
2574 
2574 
2575 
269 
269 
2576 
2576 
207 
2577 
207 
2578 
2578 
2579 
270 
270 
2580 
2580 
208 
2581 
208 
2582 
2582 
2583 
271 
271 
2584 
2584 
209 
2585 
209 
2586 
2586 
2587 
272 
272 
2588 
2588 
210 
2589 
210 
2590 
2590 
2591 
273 
273 
2592 
2592 
211 
2593 
211 
2594 
2594 
2595 
274 
274 
2596 
2596 
212 
2597 
212 
2598 
2598 
2599 
275 
275 
2600 
2600 
213 
2601 
213 
2602 
2602 
2603 
276 
276 
2604 
2604 
214 
2605 
214 
2606 
2606 
2607 
277 
277 
2608 
2608 
215 
2609 
215 
2610 
2610 
2611 
278 
278 
2612 
2612 
216 
2613 
216 
2614 
2614 
2615 
279 
279 
2616 
2616 
217 
2617 
217 
2618 
2618 
2619 
280 
280 
2620 
2620 
218 
2621 
218 
2622 
2622 
2623 
281 
281 
2624 
2624 
219 
2625 
219 
2626 
2626 
2627 
282 
282 
2628 
2628 
220 
2629 
220 
2630 
2630 
2631 
283 
283 
2632 
2632 
152 
2635 
2635 
69 
69 
149 
70 
151 
151 
221 
153 
221 
71 
298 
298 
222 
154 
222 
72 
292 
292 
223 
155 
223 
73 
297 
297 
224 
156 
224 
74 
284 
284 
225 
157 
225 
75 
285 
285 
226 
158 
226 
76 
286 
286 
227 
159 
227 
77 
287 
287 
228 
160 
228 
78 
288 
288 
229 
161 
229 
79 
289 
289 
230 
162 
230 
80 
290 
290 
80 
2694 
2637 
2694 
2764 
2761 
2764 
2638 
2976 
2976 
2791 
2762 
2791 
2639 
2975 
2975 
2759 
2760 
2760 
2640 
2763 
2763 
2858 
2765 
2858 
2641 
2978 
2978 
2859 
2766 
2859 
2642 
2977 
2977 
2860 
2767 
2860 
2643 
2974 
2974 
2861 
2768 
2861 
2644 
2973 
2973 
2862 
2769 
2862 
2645 
2972 
2972 
2863 
2770 
2863 
2646 
2971 
2971 
2864 
2771 
2864 
2647 
2970 
2970 
2865 
2772 
2865 
2648 
2969 
2969 
2866 
2773 
2866 
2649 
2968 
2968 
2867 
2774 
2867 
2650 
2967 
2967 
2868 
2775 
2868 
2651 
2966 
2966 
2869 
2776 
2869 
2652 
2965 
2965 
2870 
2777 
2870 
2653 
2927 
2927 
2871 
2778 
2871 
2654 
2928 
2928 
2872 
2779 
2872 
2655 
2929 
2929 
2873 
2780 
2873 
2656 
2930 
2930 
2874 
2781 
2874 
2657 
2931 
2931 
2875 
2782 
2875 
2658 
2932 
2932 
2876 
2783 
2876 
2659 
2933 
2933 
2877 
2784 
2877 
2660 
2934 
2934 
2878 
2785 
2878 
2661 
2935 
2935 
2879 
2786 
2879 
2662 
2936 
2936 
2880 
2787 
2880 
2663 
2937 
2937 
2881 
2788 
2881 
2664 
2938 
2938 
2666 
2665 
2666 
2667 
2667 
2857 
2792 
2857 
2668 
2980 
2980 
2882 
2793 
2882 
2669 
2979 
2979 
2789 
2790 
2790 
2670 
2794 
2794 
2883 
2795 
2883 
2671 
2981 
2981 
2884 
2796 
2884 
2672 
2939 
2939 
2885 
2797 
2885 
2673 
2940 
2940 
2886 
2798 
2886 
2674 
2941 
2941 
2887 
2799 
2887 
2675 
2942 
2942 
2888 
2800 
2888 
2676 
2943 
2943 
2889 
2801 
2889 
2677 
2944 
2944 
2890 
2802 
2890 
2678 
2945 
2945 
2891 
2803 
2891 
2679 
2946 
2946 
2892 
2804 
2892 
2680 
2947 
2947 
2893 
2805 
2893 
2681 
2948 
2948 
2894 
2806 
2894 
2682 
2949 
2949 
2895 
2807 
2895 
2683 
2950 
2950 
2896 
2808 
2896 
2684 
2951 
2951 
2897 
2809 
2897 
2685 
2952 
2952 
2898 
2810 
2898 
2686 
2953 
2953 
2899 
2811 
2899 
2687 
2954 
2954 
2900 
2812 
2900 
2688 
2955 
2955 
2901 
2813 
2901 
2689 
2956 
2956 
2902 
2814 
2902 
2690 
2957 
2957 
2903 
2815 
2903 
2691 
2958 
2958 
2904 
2816 
2904 
2692 
2959 
2959 
2905 
2818 
2905 
3059 
3059 
346 
397 
397 
394 
299 
396 
396 
300 
392 
393 
393 
301 
406 
560 
560 
302 
407 
530 
530 
303 
408 
510 
510 
304 
409 
444 
444 
305 
410 
488 
488 
306 
411 
514 
514 
307 
405 
412 
412 
308 
414 
563 
563 
309 
415 
562 
562 
310 
416 
513 
513 
311 
417 
512 
512 
312 
418 
511 
511 
313 
419 
509 
509 
314 
420 
508 
508 
315 
421 
507 
507 
316 
422 
506 
506 
317 
423 
505 
505 
318 
424 
504 
504 
319 
425 
503 
503 
320 
426 
502 
502 
321 
427 
501 
501 
322 
428 
500 
500 
150 
325 
323 
325 
150 
334 
403 
403 
330 
326 
331 
331 
328 
339 
340 
340 
332 
329 
333 
333 
401 
437 
441 
441 
337 
380 
381 
381 
430 
327 
429 
430 
440 
341 
542 
542 
442 
342 
544 
544 
590 
628 
628 
398 
336 
399 
399 
448 
343 
543 
543 
449 
349 
474 
474 
450 
350 
541 
541 
451 
351 
540 
540 
452 
352 
539 
539 
453 
353 
538 
538 
454 
354 
537 
537 
455 
355 
536 
536 
456 
356 
535 
535 
457 
357 
534 
534 
458 
358 
533 
533 
459 
359 
532 
532 
460 
360 
531 
531 
461 
361 
529 
529 
462 
362 
528 
528 
463 
363 
527 
527 
464 
364 
526 
526 
465 
365 
525 
525 
466 
366 
524 
524 
467 
367 
523 
523 
468 
368 
522 
522 
469 
369 
521 
521 
470 
370 
520 
520 
471 
371 
519 
519 
473 
372 
518 
518 
446 
446 
472 
373 
472 
376 
384 
385 
385 
378 
347 
443 
443 
382 
348 
439 
439 
481 
374 
483 
483 
480 
386 
479 
480 
484 
387 
517 
517 
389 
388 
485 
485 
390 
486 
580 
580 
391 
487 
578 
578 
628 
395 
395 
478 
478 
413 
413 
445 
445 
438 
438 
436 
436 
435 
435 
433 
433 
404 
405 
477 
477 
559 
559 
558 
558 
557 
557 
556 
556 
555 
555 
554 
554 
553 
553 
552 
552 
551 
551 
550 
550 
549 
549 
548 
548 
547 
547 
546 
546 
324 
324 
476 
476 
335 
335 
431 
431 
545 
545 
402 
402 
338 
338 
432 
432 
571 
571 
442 
434 
590 
400 
400 
447 
448 
577 
577 
576 
576 
575 
575 
574 
574 
573 
573 
572 
572 
570 
570 
569 
569 
568 
568 
567 
567 
566 
566 
565 
565 
564 
564 
499 
499 
498 
498 
497 
497 
496 
496 
495 
495 
494 
494 
493 
493 
492 
492 
491 
491 
490 
490 
561 
561 
663 
663 
475 
475 
377 
377 
379 
379 
383 
383 
489 
489 
482 
482 
579 
579 
516 
516 
515 
515 
434 
800 
716 
802 
802 
691 
668 
692 
692 
587 
593 
594 
594 
619 
650 
651 
651 
588 
601 
602 
602 
693 
766 
769 
769 
688 
685 
689 
689 
614 
596 
750 
750 
591 
709 
710 
710 
730 
595 
729 
730 
597 
664 
665 
665 
739 
598 
819 
819 
740 
599 
818 
818 
585 
743 
745 
745 
603 
742 
741 
742 
604 
746 
755 
755 
605 
747 
753 
753 
606 
748 
752 
752 
607 
749 
751 
751 
608 
728 
727 
728 
609 
726 
725 
726 
610 
720 
719 
720 
611 
586 
612 
612 
793 
768 
835 
835 
792 
793 
706 
623 
708 
708 
704 
613 
705 
705 
622 
700 
798 
798 
617 
616 
618 
618 
582 
707 
707 
701 
701 
581 
582 
632 
632 
758 
795 
795 
624 
624 
712 
633 
713 
713 
630 
641 
643 
643 
731 
733 
732 
733 
631 
631 
670 
675 
721 
721 
673 
584 
674 
674 
629 
666 
724 
724 
770 
634 
834 
834 
771 
635 
838 
838 
772 
636 
839 
839 
773 
637 
816 
816 
639 
638 
774 
774 
777 
625 
780 
780 
778 
644 
841 
841 
776 
645 
775 
776 
781 
646 
815 
815 
782 
647 
814 
814 
583 
648 
649 
649 
652 
783 
803 
803 
763 
592 
762 
763 
654 
784 
845 
845 
655 
785 
813 
813 
656 
786 
812 
812 
657 
787 
811 
811 
658 
788 
810 
810 
659 
789 
809 
809 
660 
790 
808 
808 
661 
791 
807 
807 
662 
714 
804 
804 
681 
697 
698 
698 
702 
794 
794 
677 
671 
678 
678 
679 
680 
680 
676 
676 
621 
757 
758 
723 
723 
703 
703 
686 
589 
764 
764 
682 
695 
799 
799 
683 
684 
796 
796 
734 
806 
761 
806 
718 
732 
731 
717 
717 
801 
801 
718 
626 
627 
627 
615 
615 
669 
669 
759 
759 
620 
620 
765 
766 
694 
694 
690 
690 
711 
711 
738 
738 
760 
760 
756 
756 
600 
600 
821 
821 
744 
744 
823 
823 
822 
822 
817 
817 
797 
797 
737 
737 
736 
736 
735 
735 
767 
768 
722 
722 
754 
754 
642 
642 
761 
734 
667 
667 
837 
837 
836 
836 
833 
833 
831 
831 
640 
640 
840 
840 
830 
830 
779 
779 
843 
843 
842 
842 
844 
844 
653 
653 
832 
832 
829 
829 
828 
828 
827 
827 
826 
826 
825 
825 
824 
824 
805 
805 
820 
820 
715 
715 
699 
699 
687 
687 
672 
672 
696 
696 
1059 
1060 
1060 
982 
913 
984 
984 
944 
880 
945 
945 
881 
850 
882 
882 
846 
1007 
1034 
1034 
891 
948 
1002 
1002 
859 
959 
960 
960 
974 
919 
975 
975 
1017 
1072 
1071 
1072 
1040 
962 
1080 
1080 
940 
941 
941 
1051 
870 
1052 
1052 
1056 
868 
1057 
1057 
936 
892 
937 
937 
952 
857 
953 
953 
866 
1015 
1015 
884 
885 
885 
858 
931 
933 
933 
1009 
888 
1022 
1022 
863 
862 
864 
864 
1013 
849 
1033 
1033 
886 
902 
903 
903 
874 
971 
973 
973 
854 
872 
873 
873 
852 
876 
878 
878 
956 
958 
958 
977 
942 
978 
978 
1016 
1017 
998 
861 
999 
999 
1011 
1068 
1068 
916 
917 
917 
992 
856 
993 
993 
994 
867 
995 
995 
1062 
1064 
1064 
985 
907 
987 
987 
1020 
1020 
955 
930 
955 
1031 
1032 
1032 
1122 
851 
1135 
1135 
938 
900 
939 
939 
898 
897 
899 
899 
934 
848 
935 
935 
887 
1003 
1021 
1021 
906 
909 
911 
911 
986 
986 
1126 
1126 
890 
1024 
1023 
1024 
988 
920 
1030 
1030 
912 
1037 
1044 
1044 
921 
915 
922 
922 
896 
983 
983 
949 
949 
853 
1058 
1058 
904 
847 
905 
905 
924 
1042 
1081 
1081 
925 
1036 
1043 
1043 
926 
1045 
1083 
1083 
927 
1046 
1082 
1082 
928 
1047 
1076 
1076 
1048 
860 
1084 
1084 
976 
979 
1025 
1025 
1019 
855 
1028 
1028 
869 
1000 
1000 
1001 
1001 
969 
970 
970 
950 
879 
951 
951 
1049 
1074 
1074 
946 
947 
947 
1014 
1014 
1085 
1085 
966 
968 
968 
1169 
981 
1180 
1180 
1050 
996 
1012 
1050 
883 
930 
964 
965 
965 
1078 
1039 
1077 
1078 
1067 
1067 
1200 
1200 
990 
991 
991 
918 
1038 
1039 
997 
997 
1199 
1199 
1010 
1011 
895 
967 
967 
1018 
1061 
1061 
1063 
1063 
1218 
1218 
943 
943 
1070 
1070 
1053 
1055 
1055 
957 
957 
877 
877 
875 
875 
871 
871 
893 
893 
954 
954 
1026 
1026 
932 
932 
889 
889 
865 
865 
1029 
1029 
972 
972 
1027 
1027 
963 
963 
961 
961 
894 
1006 
1007 
901 
901 
1004 
1004 
1005 
1005 
910 
910 
989 
989 
908 
908 
1041 
1041 
1079 
1079 
923 
923 
914 
914 
1073 
1073 
1035 
1036 
1069 
1069 
1066 
1066 
1065 
1065 
929 
929 
1075 
1075 
980 
980 
895 
1054 
1054 
1279 
1102 
1281 
1281 
1133 
1123 
1134 
1134 
1136 
1096 
1137 
1137 
1224 
1172 
1225 
1225 
1110 
1215 
1214 
1215 
1162 
1229 
1233 
1233 
1216 
1208 
1217 
1217 
1138 
1105 
1139 
1139 
1107 
1213 
1212 
1213 
1176 
1196 
1197 
1197 
1185 
1088 
1186 
1186 
1093 
1260 
1259 
1260 
1269 
1174 
1271 
1271 
1099 
1220 
1219 
1220 
1177 
1150 
1179 
1179 
1194 
1120 
1195 
1195 
1299 
1202 
1298 
1299 
1465 
1465 
1274 
1129 
1276 
1276 
1189 
1098 
1190 
1190 
1116 
1249 
1250 
1250 
1111 
1100 
1112 
1112 
1277 
1278 
1278 
1108 
1109 
1109 
1289 
1291 
1291 
1428 
1428 
1167 
1104 
1168 
1168 
1163 
1121 
1164 
1164 
1130 
1130 
1114 
1114 
1181 
1182 
1182 
1245 
1241 
1300 
1300 
1210 
1258 
1309 
1309 
1090 
1201 
1202 
1187 
1127 
1188 
1188 
1159 
1125 
1161 
1161 
1157 
1158 
1158 
1008 
1008 
1295 
1293 
1296 
1296 
1086 
1204 
1221 
1221 
1131 
1132 
1132 
1115 
1203 
1203 
1118 
1255 
1255 
1232 
1305 
1305 
1350 
1253 
1358 
1358 
1239 
1240 
1240 
1360 
1360 
1248 
1140 
1308 
1308 
1287 
1288 
1288 
1357 
1252 
1349 
1357 
1231 
1304 
1304 
1242 
1141 
1244 
1244 
1119 
1152 
1153 
1153 
1092 
1144 
1145 
1145 
1361 
1361 
1223 
1117 
1222 
1223 
1148 
1097 
1149 
1149 
1155 
1267 
1310 
1310 
1206 
1095 
1209 
1209 
1146 
1178 
1178 
1270 
1270 
1228 
1228 
1205 
1205 
1115 
1114 
1128 
1160 
1160 
1170 
1171 
1171 
1165 
1166 
1166 
1211 
1211 
1230 
1231 
1286 
1302 
1302 
1275 
1275 
1280 
1280 
1243 
1243 
1091 
1266 
1266 
1191 
1193 
1193 
1103 
1286 
1183 
1184 
1184 
1290 
1290 
1142 
1143 
1143 
1238 
1094 
1256 
1256 
1087 
1268 
1268 
1306 
1306 
1147 
1227 
1207 
1227 
1294 
1294 
1254 
1254 
1264 
1264 
1282 
1303 
1303 
1237 
1237 
1292 
1297 
1297 
1101 
1192 
1192 
1273 
1311 
1311 
1283 
1283 
1103 
1175 
1175 
1307 
1307 
1154 
1154 
1173 
1173 
1285 
1284 
1285 
1089 
1089 
1198 
1198 
1226 
1226 
1236 
1234 
1236 
1265 
1265 
1251 
1252 
1247 
1246 
1247 
1106 
1106 
1124 
1124 
1272 
1272 
1156 
1156 
1301 
1301 
1151 
1151 
1257 
1257 
1319 
1321 
1321 
1282 
1344 
1345 
1345 
1263 
1261 
1263 
1292 
1320 
1320 
1454 
1454 
1343 
1364 
1365 
1365 
1369 
1371 
1459 
1459 
1401 
1402 
1402 
1392 
1351 
1393 
1393 
1397 
1330 
1399 
1399 
1362 
1332 
1363 
1363 
1416 
1475 
1474 
1475 
1368 
1394 
1460 
1460 
1388 
1322 
1389 
1389 
1352 
1338 
1354 
1354 
1313 
1438 
1450 
1450 
1405 
1312 
1406 
1406 
1421 
1477 
1476 
1477 
1386 
1315 
1387 
1387 
1467 
1422 
1469 
1469 
1314 
1314 
1382 
1326 
1383 
1383 
1355 
1398 
1398 
1396 
1499 
1498 
1499 
1493 
1495 
1495 
1337 
1503 
1502 
1503 
1463 
1464 
1464 
1520 
1423 
1520 
1439 
1479 
1478 
1479 
1340 
1375 
1409 
1409 
1390 
1341 
1391 
1391 
1336 
1445 
1444 
1445 
1318 
1431 
1446 
1446 
1379 
1384 
1419 
1419 
1235 
1235 
1346 
1348 
1348 
1472 
1334 
1473 
1473 
1403 
1333 
1404 
1404 
1458 
1400 
1457 
1458 
1429 
1430 
1430 
1427 
1427 
1316 
1347 
1347 
1317 
1353 
1353 
1491 
1492 
1492 
1377 
1435 
1466 
1466 
1448 
1487 
1486 
1487 
1385 
1385 
1412 
1412 
1481 
1433 
1480 
1481 
1505 
1449 
1507 
1507 
1373 
1374 
1374 
1410 
1411 
1411 
1468 
1468 
1356 
1461 
1461 
1415 
1416 
1620 
1620 
1370 
1447 
1453 
1453 
1380 
1381 
1381 
1426 
1426 
1511 
1526 
1526 
1262 
1262 
1372 
1372 
1436 
1437 
1437 
1470 
1471 
1471 
1418 
1329 
1417 
1418 
1595 
1595 
1323 
1420 
1421 
1413 
1508 
1504 
1508 
1484 
1484 
1442 
1443 
1443 
1414 
1509 
1488 
1509 
1519 
1520 
1324 
1325 
1325 
1506 
1506 
1490 
1489 
1490 
1366 
1366 
1485 
1485 
1414 
1488 
1432 
1483 
1482 
1483 
1328 
1425 
1407 
1425 
1516 
1517 
1517 
1560 
1561 
1561 
1518 
1518 
1535 
1585 
1585 
1376 
1376 
1523 
1521 
1523 
1413 
1504 
1335 
1335 
1331 
1331 
1395 
1395 
1452 
1587 
1587 
1441 
1327 
1440 
1441 
1536 
1536 
1342 
1342 
1637 
1661 
1661 
1434 
1435 
1565 
1566 
1566 
1359 
1378 
1378 
1367 
1451 
1452 
1339 
1339 
1551 
1594 
1594 
1462 
1462 
1562 
1562 
1424 
1424 
1552 
1552 
1621 
1623 
1623 
1581 
1581 
1591 
1590 
1591 
1496 
1497 
1497 
1494 
1494 
1500 
1501 
1501 
1456 
1610 
1610 
1522 
1522 
1577 
1524 
1578 
1578 
1544 
1533 
1545 
1545 
1563 
1539 
1564 
1564 
1514 
1628 
1629 
1629 
1631 
1638 
1640 
1640 
1530 
1513 
1531 
1531 
1622 
1622 
1589 
1574 
1644 
1644 
1510 
1627 
1626 
1627 
1609 
1609 
1549 
1525 
1550 
1550 
1675 
1608 
1685 
1685 
1534 
1617 
1616 
1617 
1643 
1666 
1665 
1666 
1649 
1650 
1650 
1537 
1528 
1538 
1538 
1575 
1541 
1576 
1576 
1647 
1648 
1648 
1599 
1657 
1656 
1657 
1597 
1659 
1658 
1659 
1667 
1669 
1669 
1624 
1515 
1625 
1625 
1567 
1682 
1682 
1586 
1600 
1653 
1651 
1653 
1664 
1664 
1630 
1630 
1455 
1456 
1408 
1408 
1568 
1671 
1670 
1671 
1668 
1668 
1678 
1739 
1710 
1739 
1540 
1555 
1556 
1556 
1548 
1646 
1645 
1646 
1542 
1542 
1639 
1639 
1579 
1681 
1680 
1681 
1582 
1543 
1583 
1583 
1569 
1512 
1570 
1570 
1557 
1532 
1559 
1559 
1558 
1558 
1546 
1547 
1547 
1634 
1634 
1571 
1573 
1573 
1553 
1529 
1554 
1554 
1593 
1593 
1580 
1580 
1598 
1599 
1632 
1633 
1633 
1588 
1589 
1606 
1607 
1607 
1613 
1614 
1614 
1642 
1643 
1673 
1601 
1674 
1674 
1679 
1679 
1596 
1532 
1596 
1605 
1660 
1660 
1611 
1612 
1612 
1527 
1641 
1641 
1618 
1618 
1725 
1724 
1725 
1636 
1635 
1636 
1703 
1753 
1753 
1663 
1662 
1663 
1652 
1600 
1652 
1729 
1730 
1730 
1619 
1619 
1742 
1615 
1708 
1742 
1603 
1602 
1603 
1572 
1572 
1840 
1841 
1841 
1604 
1604 
1684 
1672 
1683 
1684 
1711 
1712 
1712 
1688 
1689 
1689 
1695 
1696 
1696 
1655 
1592 
1654 
1655 
1527 
1773 
1773 
1726 
1727 
1727 
1714 
1751 
1751 
1793 
1794 
1794 
1697 
1697 
1762 
1763 
1763 
1802 
1802 
1786 
1787 
1787 
1686 
1785 
1785 
1827 
1826 
1827 
1779 
1779 
1723 
1742 
1791 
1740 
1791 
1848 
1847 
1848 
1584 
1752 
1752 
1713 
1713 
1676 
1677 
1677 
1691 
1702 
1702 
1728 
1728 
1766 
1775 
1775 
1703 
1690 
1820 
1821 
1821 
1750 
1750 
1718 
1736 
1738 
1738 
1694 
1706 
1774 
1774 
1825 
1902 
1896 
1902 
1771 
1743 
1772 
1772 
1692 
1692 
1927 
1927 
1748 
1704 
1749 
1749 
1768 
1693 
1836 
1836 
1796 
1761 
1798 
1798 
1731 
1699 
1732 
1732 
1705 
1705 
1698 
1799 
1850 
1850 
1709 
1812 
1813 
1813 
1687 
1687 
1701 
1797 
1797 
1745 
1843 
1842 
1843 
1733 
1715 
1734 
1734 
1746 
1747 
1747 
1758 
1735 
1759 
1759 
1721 
1722 
1722 
1744 
1744 
1844 
1769 
1846 
1846 
1755 
1768 
1838 
1838 
1770 
1770 
1828 
1828 
1718 
1767 
1767 
1803 
1804 
1804 
1716 
1717 
1717 
1783 
1720 
1784 
1784 
1790 
1855 
1854 
1855 
1700 
1737 
1737 
1845 
1845 
1782 
1839 
1859 
1859 
1788 
1789 
1789 
1760 
1760 
1781 
1852 
1851 
1852 
1884 
1886 
1886 
1800 
1756 
1801 
1801 
1807 
1822 
1824 
1824 
1853 
1853 
1890 
1891 
1891 
1795 
1834 
1835 
1835 
1814 
1815 
1816 
1816 
1777 
1776 
1777 
1829 
1778 
1830 
1830 
1873 
1872 
1873 
1707 
1707 
2005 
2004 
2005 
1837 
1792 
1858 
1858 
1860 
1861 
1861 
1925 
1926 
1926 
1833 
1754 
1806 
1833 
1780 
1781 
1892 
1892 
1893 
1895 
1895 
1765 
1764 
1765 
1894 
1894 
1805 
1817 
1818 
1818 
1949 
1950 
1950 
1956 
1981 
1981 
1741 
1741 
1808 
1808 
1832 
1831 
1832 
1867 
1866 
1867 
1880 
1882 
1882 
1811 
1924 
1924 
1823 
1823 
1888 
1887 
1888 
1940 
1941 
1941 
1899 
1898 
1899 
1929 
1900 
1929 
1883 
1883 
1819 
1819 
1955 
1954 
1955 
1857 
1809 
1856 
1857 
1862 
1864 
1864 
1849 
1849 
1988 
1990 
1990 
1719 
1810 
1811 
1877 
1878 
1878 
1960 
1959 
1960 
1901 
1901 
1879 
1879 
2024 
1974 
2023 
2024 
1870 
1870 
1868 
1889 
2036 
1923 
2036 
1874 
1914 
1948 
1948 
1942 
1942 
1962 
1897 
1977 
1977 
1934 
2016 
2015 
2016 
1876 
1995 
1996 
1996 
1913 
1965 
1966 
1966 
1916 
1918 
1918 
1915 
1915 
1755 
1903 
1979 
1980 
1980 
1757 
1757 
1863 
1863 
1881 
1881 
1904 
1875 
1905 
1905 
1906 
1907 
1907 
1871 
1944 
1943 
1944 
1938 
1919 
1939 
1939 
1865 
1961 
1962 
1885 
1885 
1989 
1989 
1912 
1911 
1912 
1933 
1934 
1909 
1910 
1910 
1952 
2001 
2002 
2002 
1997 
1997 
1953 
1953 
1935 
1936 
1936 
1971 
1951 
1972 
1972 
1957 
1958 
1958 
1917 
1917 
1889 
1968 
1969 
1969 
2113 
2101 
2113 
1937 
2022 
2021 
2022 
1930 
1931 
1931 
2080 
2088 
2088 
1970 
1970 
2008 
1932 
2009 
2009 
2059 
2060 
2060 
2093 
2094 
2094 
1991 
1921 
1992 
1992 
1986 
1985 
1986 
1947 
1945 
1978 
1978 
2097 
2096 
2097 
1987 
1987 
2071 
2072 
2072 
1963 
1975 
1976 
1976 
1908 
2000 
1999 
2000 
2119 
2121 
2121 
1998 
2020 
2019 
2020 
1967 
1967 
1973 
1973 
2135 
2133 
2135 
2098 
2099 
2099 
1869 
2007 
2006 
2007 
1923 
1982 
1984 
1984 
1964 
1993 
1994 
1994 
2012 
2013 
2013 
2055 
2056 
2056 
1928 
2018 
2017 
2018 
2068 
2070 
2070 
2131 
2131 
2067 
2067 
1983 
1983 
2011 
1922 
2010 
2011 
2105 
2104 
2105 
2025 
2027 
2027 
2003 
2003 
2048 
2049 
2049 
1920 
1920 
1946 
1947 
2074 
2075 
2075 
2065 
2064 
2065 
2079 
2079 
2102 
2102 
2091 
2090 
2091 
2042 
2041 
2042 
2044 
2043 
2044 
2154 
2155 
2155 
2026 
2026 
2085 
2061 
2086 
2086 
2030 
2031 
2031 
2032 
2063 
2063 
2132 
2145 
2144 
2145 
2118 
2149 
2150 
2150 
2035 
2034 
2035 
2153 
2053 
2181 
2181 
2050 
2037 
2052 
2052 
2045 
2112 
2111 
2112 
2288 
2288 
2307 
2307 
2193 
2193 
2038 
2039 
2039 
2120 
2120 
2114 
2114 
2014 
2014 
2057 
2047 
2092 
2092 
2076 
2077 
2077 
2117 
2117 
2129 
2087 
2130 
2130 
2046 
2051 
2051 
2040 
2040 
2073 
2152 
2151 
2152 
2058 
2058 
2033 
2069 
2069 
2138 
2115 
2139 
2139 
2054 
2054 
2153 
2108 
2109 
2109 
2081 
2081 
2084 
2156 
2157 
2157 
2028 
2029 
2029 
2100 
2142 
2143 
2143 
2078 
2078 
2146 
2125 
2147 
2147 
2083 
2082 
2083 
2204 
2206 
2206 
2106 
2161 
2160 
2161 
2239 
2240 
2240 
2095 
2095 
2190 
2191 
2191 
2107 
2089 
2110 
2110 
2162 
2162 
2265 
2264 
2265 
2122 
2103 
2123 
2123 
2126 
2158 
2159 
2159 
2166 
2167 
2167 
2066 
2066 
2169 
2170 
2170 
2186 
2187 
2187 
2062 
2062 
2124 
2164 
2163 
2164 
2140 
2127 
2141 
2141 
2116 
2116 
2270 
2272 
2272 
2246 
2247 
2247 
2148 
2165 
2236 
2307 
2215 
2216 
2216 
2202 
2203 
2203 
2132 
2173 
2174 
2174 
2134 
2134 
2254 
2168 
2254 
2241 
2243 
2243 
2236 
2128 
2136 
2137 
2137 
2292 
2291 
2292 
2324 
2324 
2220 
2222 
2222 
2209 
2210 
2210 
2195 
2197 
2197 
2171 
2172 
2172 
2192 
2192 
2234 
2217 
2234 
2178 
2177 
2178 
2185 
2184 
2185 
2196 
2196 
2225 
2223 
2225 
2312 
2312 
2295 
2296 
2296 
2198 
2199 
2199 
2232 
2231 
2232 
2212 
2175 
2214 
2214 
2227 
2226 
2227 
2268 
2218 
2269 
2269 
2242 
2242 
2260 
2261 
2261 
2188 
2189 
2189 
2255 
2179 
2258 
2258 
2283 
2251 
2284 
2284 
2207 
2183 
2208 
2208 
2200 
2201 
2201 
2285 
2285 
2329 
2329 
2211 
2211 
2250 
2251 
2205 
2205 
2229 
2230 
2230 
2213 
2213 
2176 
2176 
2293 
2294 
2294 
2286 
2233 
2287 
2287 
2221 
2221 
2316 
2316 
2238 
2238 
2349 
2305 
2349 
2297 
2267 
2298 
2298 
2398 
2399 
2399 
2277 
2249 
2278 
2278 
2182 
2252 
2253 
2253 
2308 
2309 
2309 
2217 
2407 
2408 
2408 
2384 
2383 
2384 
2281 
2266 
2282 
2282 
2228 
2228 
2237 
2302 
2301 
2302 
2321 
2320 
2321 
2194 
2263 
2262 
2263 
2219 
2219 
2356 
2357 
2357 
2180 
2180 
2275 
2276 
2276 
2273 
2245 
2274 
2274 
2365 
2365 
2363 
2412 
2412 
2244 
2256 
2257 
2257 
2289 
2248 
2290 
2290 
2345 
2345 
2279 
2259 
2280 
2280 
2235 
2300 
2299 
2300 
2330 
2331 
2331 
2271 
2271 
2327 
2328 
2328 
2342 
2343 
2343 
2358 
2430 
2430 
2310 
2311 
2311 
2305 
2388 
2390 
2390 
2224 
2224 
2395 
2397 
2397 
2303 
2304 
2304 
2381 
2381 
2315 
2351 
2351 
2347 
2346 
2347 
2379 
2377 
2379 
2332 
2333 
2333 
2372 
2371 
2372 
2370 
2368 
2370 
2410 
2411 
2411 
2335 
2334 
2335 
2340 
2341 
2341 
2337 
2339 
2339 
2325 
2326 
2326 
2344 
2348 
2359 
2359 
2336 
2400 
2400 
2306 
2319 
2319 
2380 
2385 
2385 
2322 
2323 
2323 
2373 
2391 
2391 
2314 
2315 
2393 
2402 
2419 
2419 
2389 
2389 
2317 
2318 
2318 
2313 
2352 
2352 
2401 
2421 
2421 
2441 
2441 
2353 
2375 
2375 
2401 
2338 
2338 
2415 
2413 
2415 
2405 
2387 
2405 
2449 
2449 
2344 
2366 
2366 
2382 
2446 
2446 
2447 
2447 
2409 
2360 
2403 
2409 
2394 
2387 
2405 
2376 
2376 
2362 
2363 
2467 
2468 
2468 
2380 
2367 
2419 
2393 
2361 
2355 
2376 
2457 
2442 
2457 
2406 
2350 
2404 
2406 
2403 
2386 
2409 
2354 
2428 
2428 
2431 
2429 
2431 
2348 
2378 
2450 
2450 
2375 
2382 
2438 
2440 
2440 
2378 
2422 
2424 
2424 
2404 
2392 
2406 
2416 
2374 
2418 
2418 
2437 
2437 
2396 
2396 
2433 
2460 
2460 
2443 
2439 
2443 
2432 
2432 
2430 
2420 
2420 
2427 
2437 
2434 
2434 
2435 
2435 
2369 
2369 
2426 
2456 
2456 
2414 
2414 
2364 
2417 
2417 
2427 
2433 
2451 
2451 
2425 
2426 
2459 
2436 
2459 
2429 
2431 
2364 
2436 
2423 
2423 
2444 
2445 
2445 
2452 
2452 
2451 
2439 
2453 
2448 
2453 
2460 
2463 
2463 
2461 
2454 
2461 
2470 
2470 
2442 
2455 
2466 
2466 
2462 
2462 
2458 
2464 
2465 
2465 
2472 
2472 
2465 
2458 
2472 
2462 
2469 
2469 
2471 
2473 
2473 
2464 
2471 
2455 
2473 
3251 
3251 
3064 
2986 
3282 
3282 
2983 
3248 
3250 
3250 
2982 
3283 
3366 
3366 
2987 
3054 
3055 
3055 
2988 
3285 
3435 
3435 
3270 
2990 
3272 
3272 
2993 
2991 
2995 
2995 
2996 
2985 
2997 
2997 
3290 
2989 
3291 
3291 
3001 
3000 
3287 
3287 
3003 
3002 
3286 
3286 
3005 
3004 
3293 
3293 
3006 
3295 
3296 
3296 
3007 
3297 
3299 
3299 
3008 
3300 
3331 
3331 
3009 
3301 
3438 
3438 
3010 
3302 
3437 
3437 
3011 
3303 
3338 
3338 
3012 
3304 
3306 
3306 
3326 
3307 
3325 
3326 
3409 
3013 
3411 
3411 
3252 
3015 
3254 
3254 
3017 
3016 
3019 
3019 
3021 
3020 
3023 
3023 
3025 
3024 
3027 
3027 
3029 
3028 
3031 
3031 
3032 
3035 
3037 
3037 
3310 
2999 
3431 
3431 
3273 
3038 
3274 
3274 
3040 
3034 
3041 
3041 
3313 
3014 
3316 
3316 
3314 
3044 
3443 
3443 
3312 
3045 
3311 
3312 
3289 
3046 
3288 
3289 
3281 
3047 
3280 
3281 
3319 
3048 
3333 
3333 
3052 
3049 
3322 
3322 
3255 
3309 
3309 
3256 
3323 
3323 
3257 
3389 
3389 
3258 
3365 
3365 
3259 
3388 
3388 
3260 
3390 
3390 
3261 
3391 
3391 
3262 
3392 
3392 
3263 
3393 
3393 
3264 
3394 
3394 
3265 
3395 
3395 
3266 
3396 
3396 
3056 
3284 
3284 
3057 
3057 
3058 
3050 
3320 
3320 
3062 
3397 
3397 
3860 
4608 
4608 
3267 
3060 
3269 
3269 
3065 
3268 
3268 
3066 
3067 
3067 
3068 
3069 
3069 
3070 
3071 
3071 
3072 
3073 
3073 
3074 
3075 
3075 
3076 
3077 
3077 
3078 
3079 
3079 
3080 
3081 
3081 
3082 
3083 
3083 
3084 
3085 
3085 
3086 
3087 
3087 
3088 
3089 
3089 
3090 
3091 
3091 
3092 
3093 
3093 
3094 
3095 
3095 
3096 
3097 
3097 
3098 
3099 
3099 
3100 
3101 
3101 
3102 
3103 
3103 
3104 
3105 
3105 
3106 
3107 
3107 
3108 
3109 
3109 
3110 
3111 
3111 
3112 
3113 
3113 
3114 
3115 
3115 
3116 
3117 
3117 
3118 
3119 
3119 
3120 
3121 
3121 
3122 
3123 
3123 
3124 
3125 
3125 
3126 
3127 
3127 
3128 
3129 
3129 
3130 
3131 
3131 
3132 
3133 
3133 
3134 
3135 
3135 
3136 
3137 
3137 
3138 
3139 
3139 
3140 
3141 
3141 
3142 
3143 
3143 
3144 
3145 
3145 
3146 
3147 
3147 
3148 
3149 
3149 
3150 
3151 
3151 
3152 
3153 
3153 
3154 
3155 
3155 
3156 
3157 
3157 
3158 
3159 
3159 
3160 
3336 
3336 
3160 
3063 
3279 
3279 
3226 
3340 
3362 
3362 
3053 
3172 
3173 
3173 
3163 
3162 
3165 
3165 
3161 
3168 
3170 
3170 
3167 
3339 
3343 
3343 
3171 
3175 
3176 
3176 
3174 
3178 
3179 
3179 
3177 
3181 
3182 
3182 
3180 
3184 
3185 
3185 
3183 
3187 
3188 
3188 
3186 
3190 
3191 
3191 
3189 
3193 
3195 
3195 
3192 
3198 
3199 
3199 
3196 
3203 
3204 
3204 
3200 
3043 
3201 
3201 
3350 
3051 
3353 
3353 
3351 
3205 
3467 
3467 
3349 
3206 
3348 
3349 
3354 
3207 
3432 
3432 
3355 
3208 
3427 
3427 
3356 
3209 
3426 
3426 
3357 
3210 
3425 
3425 
3358 
3211 
3424 
3424 
3359 
3212 
3423 
3423 
3360 
3213 
3422 
3422 
3361 
3214 
3421 
3421 
3364 
3215 
3420 
3420 
3364 
3216 
3221 
3223 
3223 
3363 
3166 
3430 
3430 
3224 
3219 
3225 
3225 
3275 
3061 
3276 
3276 
3367 
3218 
3428 
3428 
3368 
3228 
3474 
3474 
3369 
3229 
3475 
3475 
3370 
3230 
3419 
3419 
3371 
3231 
3418 
3418 
3372 
3232 
3417 
3417 
3373 
3233 
3416 
3416 
3374 
3234 
3415 
3415 
3375 
3235 
3414 
3414 
3376 
3236 
3413 
3413 
3377 
3237 
3412 
3412 
3378 
3238 
3408 
3408 
3379 
3239 
3407 
3407 
3380 
3240 
3406 
3406 
3381 
3241 
3405 
3405 
3382 
3242 
3404 
3404 
3383 
3243 
3403 
3403 
3384 
3244 
3402 
3402 
3385 
3245 
3401 
3401 
3386 
3246 
3400 
3400 
3387 
3247 
3399 
3399 
3278 
3278 
3249 
3249 
2984 
2984 
3332 
3332 
3342 
3342 
3271 
3271 
2994 
2994 
2992 
2992 
2998 
2998 
3292 
3292 
3002 
3004 
3294 
3295 
3298 
3298 
3330 
3330 
3329 
3329 
3328 
3328 
3327 
3327 
3305 
3305 
3324 
3324 
3410 
3410 
3253 
3253 
3018 
3018 
3022 
3022 
3026 
3026 
3030 
3030 
3036 
3036 
3033 
3033 
3441 
3441 
3039 
3039 
3042 
3042 
3442 
3442 
3440 
3440 
3315 
3315 
3317 
3317 
3318 
3318 
3447 
3447 
3278 
3334 
3811 
4608 
3164 
3164 
3429 
3429 
3227 
3227 
3169 
3169 
3439 
3439 
3341 
3341 
3337 
3337 
3344 
3344 
3345 
3345 
3346 
3346 
3347 
3347 
3194 
3194 
3308 
3308 
3321 
3321 
3197 
3197 
3202 
3202 
3398 
3398 
3466 
3466 
3352 
3352 
3469 
3469 
3468 
3468 
3465 
3465 
3464 
3464 
3463 
3463 
3462 
3462 
3461 
3461 
3460 
3460 
3470 
3470 
3222 
3222 
3217 
3217 
3220 
3220 
3277 
3277 
3473 
3473 
3472 
3472 
3471 
3471 
3459 
3459 
3458 
3458 
3457 
3457 
3456 
3456 
3455 
3455 
3454 
3454 
3453 
3453 
3452 
3452 
3451 
3451 
3450 
3450 
3449 
3449 
3448 
3448 
3446 
3446 
3445 
3445 
3444 
3444 
3436 
3436 
3434 
3434 
3387 
4204 
3695 
3849 
4204 
4200 
4204 
4200 
3514 
3794 
3793 
3794 
3512 
3510 
3512 
3720 
3625 
3722 
3722 
3892 
3890 
3892 
3804 
3791 
3806 
3806 
3863 
3931 
3933 
3933 
3737 
3738 
3738 
3864 
3864 
3804 
3502 
3614 
3803 
3803 
3488 
3742 
3743 
3743 
3482 
3734 
3734 
3486 
3726 
3726 
3741 
3740 
3741 
3489 
3749 
3749 
3941 
3752 
3946 
3946 
3493 
3490 
3753 
3753 
3495 
3494 
3754 
3754 
3500 
3689 
3735 
3735 
3756 
3819 
3820 
3820 
3745 
3693 
3746 
3746 
3895 
3918 
3919 
3919 
3784 
3498 
3785 
3785 
3762 
3893 
3894 
3894 
3761 
3765 
3766 
3766 
3763 
3763 
3764 
3769 
3770 
3770 
3767 
3767 
3768 
3773 
3774 
3774 
3771 
3771 
3772 
3779 
3780 
3780 
3775 
3775 
3776 
3777 
3777 
3505 
3938 
3945 
3945 
3781 
3781 
3620 
3622 
3622 
4193 
4193 
3808 
3797 
3846 
3846 
3483 
3786 
3841 
3841 
3503 
3615 
3616 
3616 
3487 
3507 
3509 
3509 
3519 
3798 
3810 
3810 
3484 
3479 
3485 
3485 
3632 
3683 
3684 
3684 
3511 
3511 
3824 
3627 
3825 
3825 
3630 
3755 
3755 
3800 
3623 
3799 
3800 
3491 
3721 
3721 
3480 
3480 
3747 
3744 
3747 
3821 
3433 
3633 
3821 
3789 
3760 
3845 
3845 
3854 
3860 
3636 
3637 
3637 
3796 
3859 
3847 
3859 
3522 
3795 
3796 
3523 
3524 
3524 
3525 
3526 
3526 
3527 
3528 
3528 
3529 
3530 
3530 
3531 
3532 
3532 
3533 
3534 
3534 
3535 
3536 
3536 
3537 
3538 
3538 
3539 
3540 
3540 
3541 
3542 
3542 
3543 
3544 
3544 
3545 
3546 
3546 
3547 
3548 
3548 
3549 
3550 
3550 
3551 
3552 
3552 
3553 
3554 
3554 
3555 
3556 
3556 
3557 
3558 
3558 
3559 
3560 
3560 
3561 
3562 
3562 
3563 
3564 
3564 
3565 
3566 
3566 
3567 
3568 
3568 
3569 
3570 
3570 
3571 
3572 
3572 
3573 
3574 
3574 
3575 
3576 
3576 
3577 
3578 
3578 
3579 
3580 
3580 
3581 
3582 
3582 
3583 
3584 
3584 
3585 
3586 
3586 
3587 
3588 
3588 
3589 
3590 
3590 
3591 
3592 
3592 
3593 
3594 
3594 
3595 
3596 
3596 
3597 
3598 
3598 
3599 
3600 
3600 
3601 
3602 
3602 
3603 
3604 
3604 
3605 
3606 
3606 
3607 
3608 
3608 
3609 
3610 
3610 
3611 
3613 
3613 
3612 
3612 
3925 
3492 
3927 
3927 
3928 
3817 
3930 
3930 
3929 
3929 
3706 
3618 
3707 
3707 
3619 
3697 
3699 
3699 
3926 
3926 
3716 
3521 
3717 
3717 
3658 
3659 
3659 
3714 
3617 
3715 
3715 
3778 
3778 
3712 
3626 
3713 
3713 
3812 
3812 
3710 
3628 
3711 
3711 
3814 
3814 
3708 
3629 
3709 
3709 
3790 
3790 
3783 
3843 
3842 
3843 
3787 
3787 
3923 
3497 
3924 
3924 
3782 
3783 
3634 
3516 
3635 
3635 
4215 
4215 
3501 
3807 
3808 
3813 
3813 
3968 
3968 
3517 
3517 
3718 
3639 
3719 
3719 
3631 
3649 
3650 
3650 
3640 
3478 
3642 
3642 
3647 
3827 
3852 
3852 
3830 
3638 
3832 
3832 
3829 
3651 
3828 
3829 
3833 
3652 
3851 
3851 
3728 
3653 
3727 
3728 
3835 
3654 
3838 
3838 
3857 
3655 
3862 
3862 
3668 
3669 
3669 
3731 
3839 
3839 
3920 
3646 
3921 
3921 
3515 
3788 
3789 
3729 
3731 
3643 
3645 
3645 
3823 
3850 
3850 
3663 
3624 
3664 
3664 
3665 
3660 
3667 
3667 
3868 
3656 
3871 
3871 
3869 
3670 
3903 
3903 
3867 
3671 
3866 
3867 
3872 
3672 
3922 
3922 
3873 
3673 
3906 
3906 
3874 
3674 
3907 
3907 
3875 
3675 
3908 
3908 
3496 
3676 
3677 
3677 
3678 
3878 
3909 
3909 
3679 
3877 
3879 
3879 
3680 
3881 
3911 
3911 
3681 
3882 
3910 
3910 
3885 
3513 
3887 
3887 
3884 
3685 
3883 
3884 
3687 
3686 
3888 
3888 
3690 
3504 
3691 
3691 
3733 
3481 
3732 
3733 
3725 
3725 
4200 
3896 
3896 
3724 
3758 
3758 
3696 
3750 
3750 
3518 
3759 
3759 
3723 
3809 
3809 
3694 
3818 
3818 
3705 
3889 
3889 
3704 
3917 
3917 
3703 
3916 
3916 
3702 
3915 
3915 
3701 
3914 
3914 
3700 
3815 
3815 
3730 
3730 
4075 
4075 
3932 
3932 
3506 
3621 
3621 
3954 
3954 
3520 
3520 
3695 
3891 
3891 
3826 
3826 
3792 
3792 
3748 
3748 
3940 
3941 
3752 
3494 
3689 
3897 
3897 
3757 
3757 
3802 
3801 
3802 
3614 
3508 
3508 
3499 
3499 
3844 
3844 
3858 
3858 
4130 
4131 
4131 
3476 
3477 
3662 
3811 
3698 
3698 
3822 
3823 
3641 
3641 
3736 
3736 
3739 
3739 
3848 
3848 
3648 
3648 
3853 
3853 
3831 
3831 
3855 
3855 
3834 
3834 
3856 
3856 
3861 
3861 
3644 
3644 
3865 
3865 
3666 
3666 
3661 
3661 
3902 
3902 
3901 
3901 
3870 
3870 
3905 
3905 
3904 
3904 
3900 
3900 
3899 
3899 
3880 
3880 
3876 
3877 
3898 
3898 
3912 
3912 
3682 
3682 
3913 
3913 
3886 
3886 
3688 
3688 
3692 
3692 
3816 
3816 
4132 
4132 
3657 
3751 
3840 
3840 
3934 
3936 
3935 
3936 
3836 
3837 
4284 
4891 
4891 
4196 
3963 
4197 
4197 
4238 
4106 
4266 
4266 
4315 
4110 
4316 
4316 
3975 
4146 
4147 
4147 
3977 
4103 
4104 
4104 
3969 
4237 
4238 
4245 
4244 
4245 
4242 
4079 
4243 
4243 
4350 
4381 
4381 
4152 
3947 
4153 
4153 
3949 
3971 
3973 
3973 
4284 
3849 
4322 
4336 
4338 
4338 
4259 
4327 
4327 
4089 
4269 
4269 
4169 
3962 
4171 
4171 
4076 
4333 
4334 
4334 
4225 
4226 
4226 
4320 
4344 
4344 
4241 
4082 
4262 
4262 
4216 
3952 
4210 
4216 
4376 
4068 
4476 
4476 
4332 
4207 
4347 
4347 
4233 
3948 
4234 
4234 
4250 
4310 
4310 
4477 
4477 
3942 
4159 
4109 
4161 
4161 
4580 
4351 
4582 
4582 
4212 
4069 
4213 
4213 
3944 
4293 
4293 
4194 
4083 
4263 
4263 
4073 
4074 
4074 
4186 
4114 
4187 
4187 
3966 
3939 
3967 
3967 
3979 
3980 
3980 
3981 
3982 
3982 
3983 
3984 
3984 
3985 
3986 
3986 
3987 
3988 
3988 
3989 
3990 
3990 
3991 
3992 
3992 
3993 
3994 
3994 
3995 
3996 
3996 
3997 
3998 
3998 
3999 
4000 
4000 
4001 
4002 
4002 
4003 
4004 
4004 
4005 
4006 
4006 
4007 
4008 
4008 
4009 
4010 
4010 
4011 
4012 
4012 
4013 
4014 
4014 
4015 
4016 
4016 
4017 
4018 
4018 
4019 
4020 
4020 
4021 
4022 
4022 
4023 
4024 
4024 
4025 
4026 
4026 
4027 
4028 
4028 
4029 
4030 
4030 
4031 
4032 
4032 
4033 
4034 
4034 
4035 
4036 
4036 
4037 
4038 
4038 
4039 
4040 
4040 
4041 
4042 
4042 
4043 
4044 
4044 
4045 
4046 
4046 
4047 
4048 
4048 
4049 
4050 
4050 
4051 
4052 
4052 
4053 
4054 
4054 
4055 
4056 
4056 
4057 
4058 
4058 
4059 
4060 
4060 
4061 
4062 
4062 
4063 
4064 
4064 
4065 
4067 
4067 
4066 
4066 
4085 
4086 
4086 
4184 
4087 
4185 
4185 
4236 
3970 
4235 
4236 
4313 
3956 
4314 
4314 
4251 
4251 
4179 
4240 
4264 
4264 
4335 
4257 
4348 
4348 
4891 
3937 
3937 
4182 
4165 
4183 
4183 
3957 
4267 
4268 
4268 
4180 
3960 
4181 
4181 
4166 
3955 
4167 
4167 
4071 
3943 
4201 
4201 
4270 
4279 
4296 
4296 
4142 
4228 
4228 
4102 
4101 
4102 
4077 
4077 
4149 
4151 
4151 
4090 
4088 
4091 
4091 
4188 
3964 
4189 
4189 
4271 
4271 
4606 
4606 
3961 
4330 
4331 
4331 
4272 
4298 
4298 
4292 
4292 
4092 
4275 
4299 
4299 
4274 
4111 
4286 
4286 
4107 
3976 
4265 
4265 
4095 
4099 
4281 
4281 
4093 
3958 
4094 
4094 
4113 
4288 
4287 
4288 
4154 
4342 
4546 
4546 
4148 
4179 
4301 
4303 
4303 
3854 
4346 
4346 
4302 
4302 
4247 
4295 
4295 
4117 
3978 
4118 
4118 
4115 
4126 
4127 
4127 
4119 
3974 
4120 
4120 
4123 
4121 
4125 
4125 
4116 
4176 
4177 
4177 
4128 
4174 
4305 
4305 
4168 
4170 
4170 
4129 
4172 
4173 
4173 
4133 
3953 
4135 
4135 
4138 
4136 
4140 
4140 
3950 
4160 
4160 
4252 
4252 
4141 
4162 
4164 
4164 
4143 
3965 
4145 
4145 
4343 
4343 
4542 
4542 
4199 
4340 
4339 
4340 
4072 
4158 
4317 
4317 
4078 
4258 
4258 
4323 
4323 
4096 
4081 
4097 
4097 
4084 
4256 
4256 
4157 
4195 
4195 
4156 
4309 
4309 
4155 
4324 
4324 
4249 
4249 
4098 
4239 
4239 
4304 
4304 
4285 
4285 
4229 
4229 
4211 
4211 
4248 
4248 
4289 
4289 
4253 
4253 
4202 
4202 
4108 
4108 
4098 
4150 
4150 
4282 
4580 
4294 
4294 
4377 
4378 
4378 
4208 
4209 
4209 
4283 
4205 
4283 
4260 
4261 
4261 
3959 
4307 
4306 
4307 
3951 
4219 
4220 
4220 
4231 
4232 
4232 
4206 
4291 
4290 
4291 
4221 
4221 
4367 
4223 
4369 
4369 
4368 
4368 
4222 
4326 
4325 
4326 
4224 
4224 
4372 
4374 
4374 
4373 
4373 
4218 
4217 
4218 
4276 
4278 
4278 
4105 
4105 
4070 
4070 
4384 
4384 
4190 
4191 
4191 
4312 
4198 
4345 
4345 
4080 
4080 
4354 
4355 
4355 
4593 
4592 
4593 
4664 
4664 
4311 
4312 
4214 
4254 
4255 
4255 
4321 
4321 
4246 
4246 
4349 
4349 
4297 
4297 
4273 
4274 
4280 
4280 
4112 
4112 
4100 
4100 
4362 
4363 
4363 
4192 
4192 
4308 
4308 
4375 
4341 
4375 
4227 
4227 
4300 
4300 
4203 
4203 
4124 
4124 
4122 
4122 
4178 
4178 
4175 
4175 
4134 
4134 
4230 
4230 
4139 
4139 
4137 
4137 
4144 
4144 
4163 
4163 
4569 
4569 
4318 
4319 
4319 
4328 
4329 
4329 
4576 
4577 
4577 
4701 
4701 
4364 
4364 
4337 
4337 
4356 
4356 
4569 
4342 
4277 
4277 
4517 
4612 
4687 
4687 
3972 
3972 
4552 
4475 
4586 
4586 
4484 
4521 
4655 
4655 
4663 
4508 
4662 
4663 
4610 
4670 
4669 
4670 
4884 
4473 
4631 
4908 
4908 
4527 
4742 
4743 
4743 
4683 
4609 
4684 
4684 
4360 
4605 
4604 
4605 
4621 
4584 
4622 
4622 
4624 
4579 
4643 
4643 
4388 
4712 
4713 
4713 
4649 
4518 
4651 
4651 
4487 
4365 
4489 
4489 
4472 
4630 
4629 
4630 
4557 
4386 
4558 
4558 
4738 
4379 
4739 
4739 
4745 
4490 
4747 
4747 
4574 
4547 
4575 
4575 
4565 
4370 
4566 
4566 
4703 
4570 
4704 
4704 
4540 
4541 
4541 
4536 
4519 
4537 
4537 
4501 
4499 
4501 
4907 
4907 
4696 
4693 
4708 
4708 
4529 
4485 
4530 
4530 
4383 
4515 
4611 
4611 
4668 
4600 
4667 
4668 
4353 
4722 
4721 
4722 
4390 
4615 
4615 
4391 
4392 
4392 
4393 
4394 
4394 
4395 
4396 
4396 
4397 
4398 
4398 
4399 
4400 
4400 
4401 
4402 
4402 
4403 
4404 
4404 
4405 
4406 
4406 
4407 
4408 
4408 
4409 
4410 
4410 
4411 
4412 
4412 
4413 
4414 
4414 
4415 
4416 
4416 
4417 
4418 
4418 
4419 
4420 
4420 
4421 
4422 
4422 
4423 
4424 
4424 
4425 
4426 
4426 
4427 
4428 
4428 
4429 
4430 
4430 
4431 
4432 
4432 
4433 
4434 
4434 
4435 
4436 
4436 
4437 
4438 
4438 
4439 
4440 
4440 
4441 
4442 
4442 
4443 
4444 
4444 
4445 
4446 
4446 
4447 
4448 
4448 
4449 
4450 
4450 
4451 
4452 
4452 
4453 
4454 
4454 
4455 
4456 
4456 
4457 
4458 
4458 
4459 
4460 
4460 
4461 
4462 
4462 
4463 
4464 
4464 
4465 
4466 
4466 
4467 
4468 
4468 
4469 
4470 
4470 
4620 
4627 
4627 
4471 
4478 
4620 
4471 
4506 
4479 
4507 
4507 
4590 
4591 
4591 
4389 
4656 
4656 
4532 
4514 
4587 
4587 
4483 
4638 
4638 
4731 
4732 
4732 
4482 
4583 
4583 
4602 
4603 
4603 
4500 
4474 
4632 
4632 
4358 
4549 
4550 
4550 
4382 
4613 
4613 
4572 
4599 
4599 
4680 
4682 
4682 
4561 
4531 
4562 
4562 
4495 
4502 
4581 
4581 
4371 
4598 
4597 
4598 
4524 
4525 
4525 
4659 
4497 
4748 
4748 
4486 
4488 
4488 
4510 
4504 
4511 
4511 
4500 
4505 
4505 
4679 
4509 
4679 
4681 
4681 
4359 
4512 
4513 
4513 
4516 
4516 
4633 
4601 
4634 
4634 
4543 
4714 
4716 
4716 
4538 
4539 
4539 
4493 
4689 
4691 
4691 
4563 
4361 
4564 
4564 
4567 
4387 
4568 
4568 
4523 
4695 
4694 
4695 
4491 
4492 
4492 
4702 
4702 
4699 
4700 
4700 
4890 
4890 
4758 
4758 
4749 
4556 
4751 
4751 
4675 
4648 
4674 
4675 
4969 
4969 
4993 
4993 
4705 
4707 
4707 
4706 
4706 
4710 
4733 
4735 
4735 
4626 
4626 
4711 
4711 
4534 
4535 
4535 
4544 
4753 
4754 
4754 
4544 
4553 
4555 
4555 
4688 
4573 
4756 
4756 
4528 
4545 
4661 
4661 
4533 
4709 
4709 
4645 
4645 
4686 
4686 
4744 
4744 
4734 
4734 
4559 
4496 
4560 
4560 
4623 
4624 
4677 
4658 
4676 
4677 
4746 
4746 
4647 
4648 
4657 
4658 
4750 
4750 
4625 
4625 
4607 
4607 
4654 
4654 
4644 
4644 
4589 
4589 
4984 
4984 
4578 
4578 
4652 
4653 
4653 
4498 
4619 
4618 
4619 
4352 
4741 
4740 
4741 
4660 
4997 
4878 
4997 
4596 
4666 
4665 
4666 
4526 
4697 
4698 
4698 
4480 
4481 
4481 
4588 
4646 
4646 
5047 
4931 
5047 
4642 
4673 
4672 
4673 
4760 
4759 
4760 
4685 
4685 
4366 
4595 
4594 
4595 
4718 
4717 
4718 
4872 
4874 
4874 
4719 
4720 
4720 
4635 
4637 
4637 
4765 
4931 
4520 
4520 
4585 
4755 
4755 
4522 
4522 
4639 
4641 
4641 
4554 
4554 
4478 
4636 
4636 
4911 
4913 
4913 
4617 
4357 
4616 
4617 
4473 
4723 
4724 
4724 
4650 
4650 
4614 
4671 
4671 
4548 
4548 
4678 
4678 
4503 
4503 
4873 
4873 
4692 
4692 
4582 
4494 
4494 
4774 
4775 
4775 
4690 
4690 
4767 
4766 
4767 
4551 
4551 
4725 
4726 
4726 
4715 
4715 
4736 
4737 
4737 
4752 
4752 
4727 
4729 
4729 
4777 
4778 
4778 
4955 
4956 
4956 
4768 
4768 
4571 
4571 
5098 
5099 
5099 
4380 
4380 
4728 
4728 
5089 
5088 
5089 
4730 
4757 
4757 
4787 
4787 
4982 
5021 
5020 
5021 
4875 
4924 
4977 
4977 
4912 
4912 
4782 
4971 
4970 
4971 
4895 
4990 
4989 
4990 
5042 
4937 
5109 
5109 
4769 
4999 
5028 
5028 
4945 
4923 
4946 
4946 
5266 
5266 
4899 
4898 
4899 
5112 
5049 
5111 
5112 
4776 
4776 
4947 
4762 
4948 
4948 
4772 
4867 
4867 
4779 
4779 
4640 
4640 
4787 
5086 
5087 
5087 
4942 
4785 
4985 
4985 
4917 
4783 
4918 
4918 
4928 
4866 
4929 
4929 
4949 
4932 
4950 
4950 
4788 
5072 
5073 
5073 
4881 
5032 
5032 
4892 
4786 
4894 
4894 
4789 
4893 
4893 
4790 
4791 
4791 
4792 
4793 
4793 
4794 
4795 
4795 
4796 
4797 
4797 
4798 
4799 
4799 
4800 
4801 
4801 
4802 
4803 
4803 
4804 
4805 
4805 
4806 
4807 
4807 
4808 
4809 
4809 
4810 
4811 
4811 
4812 
4813 
4813 
4814 
4815 
4815 
4816 
4817 
4817 
4818 
4819 
4819 
4820 
4821 
4821 
4822 
4823 
4823 
4824 
4825 
4825 
4826 
4827 
4827 
4828 
4829 
4829 
4830 
4831 
4831 
4832 
4833 
4833 
4834 
4835 
4835 
4836 
4837 
4837 
4838 
4839 
4839 
4840 
4841 
4841 
4842 
4843 
4843 
4844 
4845 
4845 
4846 
4847 
4847 
4848 
4849 
4849 
4850 
4851 
4851 
4852 
4853 
4853 
4854 
4855 
4855 
4856 
4857 
4857 
4858 
4859 
4859 
4860 
4861 
4861 
4862 
4863 
4863 
4864 
4865 
4865 
4900 
4900 
4967 
5015 
5014 
5015 
4896 
4869 
5117 
5251 
5251 
4761 
4764 
4968 
4968 
4882 
4962 
4961 
4962 
5267 
5268 
5268 
4957 
4957 
4959 
4781 
4960 
4960 
4951 
5081 
5082 
5082 
4906 
5051 
5050 
5051 
5006 
5033 
5107 
5107 
5007 
5007 
4910 
5034 
5035 
5035 
4876 
4877 
4877 
5045 
5046 
5046 
4885 
4883 
4886 
4886 
4940 
4935 
4941 
4941 
5038 
4934 
5108 
5108 
5090 
5057 
5091 
5091 
4869 
5069 
5069 
4763 
5095 
5095 
5039 
5040 
5040 
5092 
5043 
5110 
5110 
4879 
5013 
5011 
5013 
4888 
4889 
4889 
4887 
5041 
5042 
4870 
4930 
4994 
4994 
4980 
4980 
4920 
4902 
4922 
4922 
4770 
5008 
5009 
5009 
4915 
4916 
4916 
4952 
4952 
5056 
5058 
5060 
5060 
4926 
4927 
4927 
4953 
5104 
5103 
5104 
5065 
5002 
5067 
5067 
4880 
5031 
5031 
4871 
4904 
4906 
4943 
4784 
4944 
4944 
4964 
4964 
4909 
4897 
5054 
5054 
4878 
4997 
4981 
4981 
4938 
4939 
4939 
4921 
4921 
4965 
4965 
5029 
5029 
4991 
4992 
4992 
5330 
5330 
4963 
4963 
5092 
4903 
5096 
5097 
5097 
4936 
4936 
4974 
4974 
5094 
5094 
4983 
4983 
4966 
4966 
4914 
4958 
4958 
5061 
5062 
5062 
5055 
5055 
5023 
5324 
5324 
5441 
5399 
5441 
4998 
4978 
5080 
5080 
4988 
5025 
5024 
5025 
5100 
5063 
5101 
5101 
4973 
5018 
5018 
5379 
5353 
5379 
5399 
5118 
5119 
5119 
5017 
4972 
5016 
5017 
4771 
4773 
4773 
5068 
5074 
5075 
5075 
4996 
5027 
5026 
5027 
5216 
5218 
5218 
4979 
5019 
5019 
5003 
4919 
5004 
5004 
5215 
5102 
5132 
5215 
5012 
5012 
4987 
4986 
4987 
5244 
5245 
5245 
5248 
5247 
5248 
5128 
5126 
5128 
5048 
5048 
5455 
5591 
5591 
4868 
4995 
4954 
4995 
5221 
5228 
5228 
5297 
5297 
5217 
5217 
5106 
5030 
5105 
5106 
5037 
5036 
5037 
5310 
5310 
5022 
5023 
5053 
5052 
5053 
5093 
5093 
4905 
4905 
5010 
5044 
5044 
5307 
5306 
5307 
5131 
5130 
5131 
5222 
5295 
5295 
5121 
5122 
5122 
5127 
5127 
5231 
5232 
5232 
5325 
5325 
5005 
5005 
5246 
5246 
4901 
5001 
5000 
5001 
5134 
5135 
5135 
4933 
4933 
5340 
5352 
5352 
5059 
5059 
5070 
5071 
5071 
5066 
5066 
5083 
5085 
5085 
5076 
5077 
5077 
5279 
5472 
5472 
5315 
5317 
5317 
4975 
4976 
4976 
4925 
4925 
5284 
5284 
5078 
5079 
5079 
5123 
5123 
5419 
5418 
5419 
5084 
5084 
5326 
5327 
5327 
5334 
5335 
5335 
5322 
5323 
5323 
5220 
5221 
5233 
5233 
5136 
5136 
5279 
5321 
5392 
5392 
5269 
5114 
5361 
5361 
5290 
5285 
5291 
5291 
5369 
5286 
5423 
5423 
5259 
5304 
5304 
5354 
5354 
5572 
5572 
5115 
5349 
5359 
5359 
5265 
5350 
5351 
5351 
5224 
5386 
5363 
5386 
5272 
5272 
5316 
5316 
5120 
5120 
5301 
5239 
5302 
5302 
5446 
5332 
5445 
5446 
5263 
5124 
5264 
5264 
5229 
5116 
5230 
5230 
5260 
5250 
5368 
5368 
5431 
5395 
5433 
5433 
5125 
5387 
5388 
5388 
5133 
5409 
5408 
5409 
5139 
5140 
5140 
5141 
5142 
5142 
5143 
5144 
5144 
5145 
5146 
5146 
5147 
5148 
5148 
5149 
5150 
5150 
5151 
5152 
5152 
5153 
5154 
5154 
5155 
5156 
5156 
5157 
5158 
5158 
5159 
5160 
5160 
5161 
5162 
5162 
5163 
5164 
5164 
5165 
5166 
5166 
5167 
5168 
5168 
5169 
5170 
5170 
5171 
5172 
5172 
5173 
5174 
5174 
5175 
5176 
5176 
5177 
5178 
5178 
5179 
5180 
5180 
5181 
5182 
5182 
5183 
5184 
5184 
5185 
5186 
5186 
5187 
5188 
5188 
5189 
5190 
5190 
5191 
5192 
5192 
5193 
5194 
5194 
5195 
5196 
5196 
5197 
5198 
5198 
5199 
5200 
5200 
5201 
5202 
5202 
5203 
5204 
5204 
5205 
5206 
5206 
5207 
5208 
5208 
5209 
5210 
5210 
5211 
5212 
5212 
5692 
5475 
5692 
5404 
5275 
5411 
5411 
5214 
5360 
5314 
5360 
5213 
5331 
5331 
5223 
5223 
5225 
5129 
5226 
5226 
5364 
5365 
5365 
5253 
5715 
5715 
5138 
5227 
5339 
5339 
5273 
5405 
5405 
5344 
5346 
5347 
5347 
5252 
5257 
5376 
5376 
5010 
5270 
5271 
5271 
5261 
5234 
5262 
5262 
5383 
5383 
5432 
5432 
5294 
5427 
5426 
5427 
5255 
5375 
5380 
5380 
5274 
5338 
5338 
5774 
5774 
5277 
5413 
5412 
5413 
5342 
5436 
5444 
5444 
5410 
5416 
5417 
5417 
5254 
5254 
5370 
5370 
5355 
5452 
5451 
5452 
5064 
5064 
5358 
5278 
5414 
5414 
5362 
5362 
5240 
5356 
5356 
5320 
5443 
5442 
5443 
5396 
5396 
5288 
5280 
5289 
5289 
5357 
5358 
5336 
5337 
5337 
5241 
5434 
5434 
5341 
5341 
5292 
5293 
5293 
5242 
5219 
5303 
5303 
5282 
5283 
5283 
5137 
5305 
5305 
5243 
5243 
5345 
5345 
5374 
5374 
5281 
5281 
5319 
5319 
5391 
5391 
5329 
5329 
5400 
5401 
5401 
5343 
5449 
5448 
5449 
5237 
5238 
5238 
5595 
5596 
5596 
5702 
5704 
5704 
5471 
5470 
5471 
5373 
5447 
5453 
5453 
5672 
5671 
5672 
5477 
5422 
5469 
5477 
5309 
5415 
5415 
5674 
5673 
5674 
5113 
5366 
5367 
5367 
5236 
5299 
5298 
5299 
5551 
5607 
5607 
5421 
5420 
5421 
5438 
5318 
5437 
5438 
5592 
5593 
5593 
5466 
5467 
5467 
5430 
5565 
5641 
5641 
5276 
5276 
5435 
5435 
5583 
5584 
5584 
5381 
5348 
5382 
5382 
5477 
5249 
5754 
5774 
5456 
5457 
5457 
5931 
5756 
5931 
5577 
5647 
5647 
5635 
5634 
5635 
5612 
5611 
5612 
5697 
5697 
5581 
5681 
5681 
5643 
5644 
5644 
5256 
5312 
5311 
5312 
5287 
5287 
5718 
5719 
5719 
5464 
5666 
5666 
5258 
5258 
5586 
5588 
5588 
5235 
5235 
5313 
5378 
5378 
5746 
5748 
5748 
5377 
5439 
5440 
5440 
5313 
5623 
5622 
5623 
5371 
5333 
5372 
5372 
5406 
5308 
5407 
5407 
5585 
5585 
5384 
5385 
5385 
5424 
5425 
5425 
5582 
5582 
5389 
5328 
5390 
5390 
5402 
5403 
5403 
5393 
5394 
5394 
5556 
5558 
5558 
5397 
5398 
5398 
5740 
5742 
5742 
5802 
5801 
5802 
5645 
5645 
5680 
5679 
5680 
5596 
5594 
5594 
5619 
5621 
5621 
5617 
5617 
5642 
5642 
5296 
5429 
5428 
5429 
5716 
5760 
5760 
5658 
5657 
5658 
5459 
5460 
5460 
5473 
5690 
5689 
5690 
5573 
5613 
5667 
5667 
5454 
5608 
5609 
5609 
5566 
5552 
5567 
5567 
5450 
5450 
5461 
5461 
5741 
5741 
5602 
5550 
5603 
5603 
5462 
5767 
5768 
5768 
5465 
5465 
5598 
5589 
5599 
5599 
5587 
5587 
5300 
5300 
5678 
5653 
5721 
5721 
5620 
5620 
5712 
5600 
5734 
5734 
5614 
5626 
5628 
5628 
5478 
5677 
5678 
5479 
5480 
5480 
5481 
5482 
5482 
5483 
5484 
5484 
5485 
5486 
5486 
5487 
5488 
5488 
5489 
5490 
5490 
5491 
5492 
5492 
5493 
5494 
5494 
5495 
5496 
5496 
5497 
5498 
5498 
5499 
5500 
5500 
5501 
5502 
5502 
5503 
5504 
5504 
5505 
5506 
5506 
5507 
5508 
5508 
5509 
5510 
5510 
5511 
5512 
5512 
5513 
5514 
5514 
5515 
5516 
5516 
5517 
5518 
5518 
5519 
5520 
5520 
5521 
5522 
5522 
5523 
5524 
5524 
5525 
5526 
5526 
5527 
5528 
5528 
5529 
5530 
5530 
5531 
5532 
5532 
5533 
5534 
5534 
5535 
5536 
5536 
5537 
5538 
5538 
5539 
5540 
5540 
5541 
5542 
5542 
5543 
5544 
5544 
5545 
5546 
5546 
5695 
5664 
5695 
5788 
5793 
5793 
5616 
5474 
5691 
5691 
5568 
5553 
5569 
5569 
5703 
5703 
5563 
5548 
5564 
5564 
5646 
5646 
5557 
5557 
5458 
5654 
5654 
5738 
5739 
5739 
5627 
5627 
5629 
5630 
5630 
5812 
5812 
5560 
5711 
5712 
5750 
5574 
5749 
5750 
5756 
5701 
5931 
5736 
5604 
5737 
5737 
5547 
5694 
5693 
5694 
5631 
5559 
5632 
5632 
5549 
5549 
5747 
5747 
5651 
5651 
5633 
5793 
5788 
5463 
5578 
5665 
5665 
5476 
5579 
5755 
5755 
5575 
5561 
5576 
5576 
5757 
5952 
5939 
5952 
5580 
5580 
5618 
5682 
5682 
5663 
5663 
5605 
5605 
5731 
5731 
5668 
5571 
5669 
5669 
5649 
5649 
5753 
5753 
5684 
5685 
5685 
5766 
5766 
5615 
5615 
5624 
5625 
5625 
5676 
5726 
5725 
5726 
5468 
5554 
5555 
5555 
5639 
5640 
5640 
5717 
5717 
5759 
5785 
5784 
5785 
5636 
5638 
5638 
5670 
5670 
5758 
5759 
5675 
5676 
5789 
5763 
5790 
5790 
5698 
5687 
5699 
5699 
5983 
5983 
6011 
6013 
6013 
5660 
5661 
5661 
5795 
5720 
5796 
5796 
5908 
5906 
5908 
5926 
5925 
5926 
5771 
5770 
5771 
5662 
5662 
5730 
5688 
5729 
5730 
5570 
5724 
5723 
5724 
5743 
5744 
5744 
5962 
5962 
5769 
5787 
5786 
5787 
5696 
5727 
5728 
5728 
5751 
5783 
5782 
5783 
5708 
5946 
5946 
5809 
5810 
5810 
5716 
5606 
5713 
5752 
5752 
5601 
5765 
5764 
5765 
5705 
5683 
5706 
5706 
5947 
5949 
5949 
5761 
5648 
5762 
5762 
5610 
5610 
5936 
5937 
5937 
5453 
5781 
5735 
5780 
5781 
5590 
5590 
5938 
5655 
5938 
6044 
6043 
6044 
5992 
5993 
5993 
5637 
5637 
6055 
5980 
6055 
5562 
5899 
5714 
5899 
5562 
5650 
5776 
5775 
5776 
5923 
5924 
5924 
5791 
5792 
5792 
5772 
5773 
5773 
6021 
6023 
6023 
5777 
5778 
5778 
5797 
5798 
5798 
6039 
6040 
6040 
6099 
6098 
6099 
5956 
5957 
5957 
5656 
5656 
6059 
6061 
6061 
5895 
5894 
5895 
5799 
5652 
5800 
5800 
5985 
5984 
5985 
5927 
5929 
5929 
5971 
5971 
5892 
6048 
6048 
5659 
5779 
5722 
5779 
5953 
5953 
5934 
5933 
5934 
5818 
5817 
5818 
5710 
5733 
5732 
5733 
6007 
6007 
5713 
5991 
5990 
5991 
5976 
5974 
5976 
5686 
5686 
5891 
5890 
5891 
5958 
5958 
5916 
5917 
5917 
6082 
6026 
6083 
6083 
5707 
5708 
6031 
6031 
5806 
5970 
5970 
5907 
5907 
5911 
6073 
6074 
6074 
5816 
5808 
5978 
5978 
5918 
5918 
5893 
5893 
5940 
6069 
6068 
6069 
5814 
5815 
5815 
6092 
6003 
6094 
6094 
6025 
5902 
6024 
6025 
5995 
5921 
5996 
5996 
5823 
5954 
6049 
6049 
5824 
5825 
5825 
5826 
5827 
5827 
5828 
5829 
5829 
5830 
5831 
5831 
5832 
5833 
5833 
5834 
5835 
5835 
5836 
5837 
5837 
5838 
5839 
5839 
5840 
5841 
5841 
5842 
5843 
5843 
5844 
5845 
5845 
5846 
5847 
5847 
5848 
5849 
5849 
5850 
5851 
5851 
5852 
5853 
5853 
5854 
5855 
5855 
5856 
5857 
5857 
5858 
5859 
5859 
5860 
5861 
5861 
5862 
5863 
5863 
5864 
5865 
5865 
5866 
5867 
5867 
5868 
5869 
5869 
5870 
5871 
5871 
5872 
5873 
5873 
5874 
5875 
5875 
5876 
5877 
5877 
5878 
5879 
5879 
5880 
5881 
5881 
5882 
5883 
5883 
5884 
5885 
5885 
5886 
5887 
5887 
5888 
5889 
5889 
5807 
5973 
5973 
5822 
6005 
6004 
6005 
5903 
5904 
5904 
5932 
6052 
6053 
6053 
6064 
5935 
6117 
6117 
5909 
5961 
5959 
5961 
5989 
6072 
6072 
6022 
6022 
5950 
5898 
5951 
5951 
5941 
5944 
6056 
6056 
6038 
6010 
6038 
5913 
5914 
5914 
5709 
5710 
5819 
6113 
6113 
5909 
5820 
6028 
6029 
6029 
5981 
5930 
5982 
5982 
5905 
5963 
5998 
5998 
6057 
6042 
6058 
6058 
5943 
6006 
6038 
6000 
5999 
6000 
5942 
6015 
6015 
5922 
5922 
6103 
6103 
6261 
6261 
5948 
5948 
5803 
6100 
6100 
6060 
6060 
5972 
5972 
6033 
6034 
6034 
5920 
5813 
6037 
6037 
6070 
6087 
6088 
6088 
5964 
5965 
5965 
6017 
6018 
6018 
5960 
5960 
5745 
5794 
5938 
6084 
6084 
5919 
6041 
6041 
6027 
6027 
6095 
6079 
6095 
5977 
5977 
5994 
5994 
5928 
5928 
5805 
5966 
5966 
6093 
6093 
6135 
6135 
5896 
5897 
5897 
6066 
6066 
5807 
5901 
5900 
5901 
6054 
6054 
5912 
5912 
5968 
5968 
5915 
6062 
6063 
6063 
6050 
6123 
6124 
6124 
6096 
5969 
6097 
6097 
5804 
6075 
6076 
6076 
6032 
6067 
6067 
6233 
6234 
6234 
5811 
5821 
5821 
5975 
5975 
6248 
6250 
6250 
6203 
6202 
6203 
6116 
6116 
6016 
6102 
6102 
5955 
5955 
6047 
6045 
6047 
6090 
5997 
6091 
6091 
6264 
6265 
6265 
6008 
6001 
6009 
6009 
6115 
6030 
6114 
6115 
6122 
6121 
6122 
6105 
6105 
5988 
6109 
6108 
6109 
6216 
6218 
6218 
6012 
6012 
6404 
6406 
6406 
6046 
6046 
6036 
6035 
6036 
5945 
5945 
5910 
5966 
6089 
6119 
6118 
6119 
5986 
5987 
5987 
6241 
6239 
6241 
6213 
6212 
6213 
6325 
6350 
6350 
6301 
6338 
6338 
6354 
6433 
6433 
6101 
6225 
6128 
6225 
6289 
6290 
6290 
6389 
6388 
6389 
6235 
6235 
6258 
6292 
6292 
6002 
6110 
6110 
6308 
6308 
6217 
6217 
6051 
6106 
6107 
6107 
5979 
5967 
6014 
6014 
6020 
6019 
6020 
6244 
6245 
6245 
6085 
6065 
6086 
6086 
5967 
6071 
6071 
6077 
6078 
6078 
6104 
6111 
6112 
6112 
6342 
6120 
6342 
6080 
6081 
6081 
6221 
6222 
6222 
6399 
6400 
6400 
6230 
6231 
6231 
6243 
6242 
6243 
6329 
6269 
6329 
6278 
6277 
6278 
6416 
6415 
6416 
6275 
6276 
6276 
6370 
6372 
6372 
6206 
6204 
6206 
6364 
6366 
6366 
6259 
6259 
6331 
6279 
6332 
6332 
6352 
6343 
6421 
6421 
6284 
6284 
6272 
6397 
6397 
6132 
6268 
6306 
6306 
6207 
6379 
6379 
6263 
6386 
6385 
6386 
6227 
6260 
6346 
6346 
6129 
6130 
6130 
6238 
6320 
6320 
6133 
6134 
6134 
6210 
6125 
6211 
6211 
6340 
6341 
6341 
6219 
6136 
6220 
6220 
6353 
6247 
6360 
6360 
6138 
6410 
6410 
6139 
6140 
6140 
6141 
6142 
6142 
6143 
6144 
6144 
6145 
6146 
6146 
6147 
6148 
6148 
6149 
6150 
6150 
6151 
6152 
6152 
6153 
6154 
6154 
6155 
6156 
6156 
6157 
6158 
6158 
6159 
6160 
6160 
6161 
6162 
6162 
6163 
6164 
6164 
6165 
6166 
6166 
6167 
6168 
6168 
6169 
6170 
6170 
6171 
6172 
6172 
6173 
6174 
6174 
6175 
6176 
6176 
6177 
6178 
6178 
6179 
6180 
6180 
6181 
6182 
6182 
6183 
6184 
6184 
6185 
6186 
6186 
6187 
6188 
6188 
6189 
6190 
6190 
6191 
6192 
6192 
6193 
6194 
6194 
6195 
6196 
6196 
6197 
6198 
6198 
6199 
6201 
6201 
6200 
6200 
6294 
6295 
6295 
6270 
6270 
6205 
6205 
6266 
6267 
6267 
6246 
6359 
6358 
6359 
6209 
6208 
6209 
6317 
6427 
6427 
6348 
6347 
6348 
6228 
6229 
6229 
6131 
6215 
6305 
6305 
6223 
6223 
6377 
6378 
6378 
6214 
6328 
6328 
6375 
6373 
6374 
6375 
6232 
6232 
6240 
6240 
6315 
6316 
6316 
6303 
6304 
6304 
6255 
6256 
6256 
6126 
6314 
6314 
6365 
6365 
6339 
6431 
6430 
6431 
6271 
6361 
6362 
6362 
6252 
6251 
6252 
6253 
6293 
6349 
6349 
6249 
6249 
6356 
6224 
6355 
6356 
6326 
6127 
6327 
6327 
6319 
6319 
6236 
6262 
6262 
6330 
6330 
6405 
6405 
6254 
6254 
6351 
6352 
6534 
6534 
6455 
6455 
6324 
6324 
6281 
6282 
6282 
6411 
6285 
6412 
6412 
6318 
6318 
6257 
6257 
6384 
6382 
6384 
6645 
6597 
6645 
6383 
6383 
6616 
6543 
6616 
6357 
6428 
6429 
6429 
6280 
6280 
6398 
6398 
6531 
6533 
6533 
6553 
6554 
6554 
6394 
6300 
6395 
6395 
6435 
6514 
6514 
6321 
6307 
6322 
6322 
6137 
6309 
6310 
6310 
6407 
6288 
6409 
6409 
6313 
6313 
6237 
6237 
6518 
6615 
6615 
6578 
6578 
6274 
6414 
6413 
6414 
6637 
6638 
6638 
6643 
6723 
6723 
6323 
6323 
6401 
6402 
6402 
6297 
6336 
6337 
6337 
6526 
6528 
6528 
6312 
6344 
6345 
6345 
6273 
6273 
6673 
6672 
6673 
6666 
6606 
6666 
6574 
6692 
6692 
6367 
6335 
6368 
6368 
6447 
6449 
6449 
6435 
6291 
6391 
6392 
6392 
6422 
6387 
6423 
6423 
6363 
6363 
6557 
6559 
6559 
6371 
6371 
6535 
6536 
6536 
6302 
6302 
6333 
6298 
6334 
6334 
6432 
6432 
6396 
6420 
6420 
6380 
6381 
6381 
6620 
6639 
6639 
6376 
6390 
6390 
6299 
6403 
6403 
6688 
6687 
6688 
6558 
6558 
6696 
6695 
6696 
6440 
6441 
6441 
6287 
6369 
6424 
6424 
6648 
6646 
6648 
6408 
6408 
6685 
6686 
6686 
6551 
6552 
6552 
6283 
6417 
6418 
6418 
6311 
6426 
6425 
6426 
6670 
6671 
6671 
6539 
6538 
6539 
6567 
6565 
6567 
6445 
6446 
6446 
6443 
6442 
6443 
6564 
6619 
6621 
6621 
6522 
6532 
6532 
6454 
6453 
6454 
6515 
6444 
6516 
6516 
6572 
6525 
6573 
6573 
6617 
6568 
6618 
6618 
6286 
6286 
6436 
6591 
6591 
6577 
6523 
6586 
6586 
6519 
6583 
6628 
6628 
6566 
6566 
6529 
6451 
6530 
6530 
6541 
6653 
6652 
6653 
6547 
6434 
6549 
6549 
6457 
6548 
6548 
6458 
6459 
6459 
6460 
6461 
6461 
6462 
6463 
6463 
6464 
6465 
6465 
6466 
6467 
6467 
6468 
6469 
6469 
6470 
6471 
6471 
6472 
6473 
6473 
6474 
6475 
6475 
6476 
6477 
6477 
6478 
6479 
6479 
6480 
6481 
6481 
6482 
6483 
6483 
6484 
6485 
6485 
6486 
6487 
6487 
6488 
6489 
6489 
6490 
6491 
6491 
6492 
6493 
6493 
6494 
6495 
6495 
6496 
6497 
6497 
6498 
6499 
6499 
6500 
6501 
6501 
6502 
6503 
6503 
6504 
6505 
6505 
6506 
6507 
6507 
6508 
6509 
6509 
6510 
6511 
6511 
6512 
6513 
6513 
6610 
6612 
6612 
6611 
6611 
6448 
6448 
6620 
6550 
6579 
6587 
6587 
6662 
6608 
6662 
6560 
6561 
6561 
6838 
6854 
6854 
6599 
6439 
6600 
6600 
6520 
6629 
6629 
6517 
6518 
6594 
6634 
6634 
6393 
6393 
6581 
6537 
6582 
6582 
6450 
6630 
6630 
6593 
6594 
6419 
6419 
6574 
6456 
6714 
6714 
6709 
6708 
6709 
6527 
6527 
6556 
6555 
6556 
6545 
6546 
6546 
6542 
6650 
6649 
6650 
6575 
6657 
6701 
6701 
6738 
6738 
6437 
6438 
6438 
6644 
6665 
6665 
6570 
6571 
6571 
6651 
6651 
6452 
6676 
6676 
6631 
6589 
6632 
6632 
6580 
6580 
6660 
6661 
6661 
6609 
6609 
6726 
6726 
6603 
6655 
6730 
6730 
6664 
6664 
6585 
6674 
6731 
6731 
6698 
6584 
6697 
6698 
6596 
6595 
6596 
6624 
6625 
6625 
6602 
6603 
6521 
6700 
6699 
6700 
6693 
6694 
6694 
6540 
6659 
6658 
6659 
6702 
6640 
6703 
6703 
6735 
6735 
6667 
6704 
6705 
6705 
6727 
6727 
6817 
6816 
6817 
6622 
6607 
6623 
6623 
6626 
6592 
6627 
6627 
6689 
6613 
6690 
6690 
6588 
6711 
6710 
6711 
6604 
6604 
6836 
6837 
6837 
6614 
6682 
6683 
6683 
6942 
6941 
6942 
6663 
6677 
6678 
6678 
6635 
6598 
6636 
6636 
6569 
6569 
6544 
6544 
6803 
6801 
6803 
6717 
6717 
6929 
6928 
6929 
6968 
6967 
6968 
6989 
6988 
6989 
6601 
6716 
6715 
6716 
6831 
6945 
6945 
6675 
6712 
6713 
6713 
6978 
6980 
6980 
6562 
6721 
6720 
6721 
6855 
6856 
6856 
6840 
7002 
7002 
6576 
6576 
6656 
6657 
6606 
6724 
6724 
6605 
6719 
6718 
6719 
6849 
6850 
6850 
6655 
6839 
6839 
6746 
6829 
6829 
6563 
6681 
6679 
6681 
6563 
6729 
6654 
6728 
6729 
6805 
6806 
6806 
6524 
6641 
6725 
6725 
6668 
6669 
6669 
6691 
6691 
6871 
6871 
6733 
6734 
6734 
6706 
6590 
6707 
6707 
6891 
6893 
6893 
6830 
6831 
6902 
6932 
6932 
6633 
6642 
6642 
6862 
6926 
6926 
6840 
6647 
6647 
6851 
6851 
6909 
6910 
6910 
6846 
6872 
6872 
6834 
6835 
6835 
6890 
6890 
6965 
6966 
6966 
6823 
6822 
6823 
6870 
6824 
6870 
6827 
6828 
6828 
6961 
6825 
6962 
6962 
6992 
6991 
6992 
6680 
6680 
6737 
6916 
6917 
6917 
6876 
6990 
6990 
6867 
6866 
6867 
6879 
6815 
6934 
6934 
6819 
6820 
6820 
6892 
6892 
6857 
6944 
6964 
6964 
6741 
6739 
6742 
6742 
6740 
6943 
6944 
6843 
6845 
6845 
6821 
6824 
6870 
6931 
6996 
7010 
7010 
6749 
6930 
6931 
6750 
6751 
6751 
6752 
6753 
6753 
6754 
6755 
6755 
6756 
6757 
6757 
6758 
6759 
6759 
6760 
6761 
6761 
6762 
6763 
6763 
6764 
6765 
6765 
6766 
6767 
6767 
6768 
6769 
6769 
6770 
6771 
6771 
6772 
6773 
6773 
6774 
6775 
6775 
6776 
6777 
6777 
6778 
6779 
6779 
6780 
6781 
6781 
6782 
6783 
6783 
6784 
6785 
6785 
6786 
6787 
6787 
6788 
6789 
6789 
6790 
6791 
6791 
6792 
6793 
6793 
6794 
6795 
6795 
6796 
6797 
6797 
6798 
6799 
6799 
6906 
7005 
7005 
6800 
6869 
7032 
7032 
6736 
6878 
6879 
6802 
6802 
6748 
6859 
6933 
6933 
6858 
6904 
6904 
6985 
6883 
6986 
6986 
6743 
6812 
6813 
6813 
6732 
6877 
6877 
6810 
6747 
6811 
6811 
6901 
6814 
6901 
6979 
6979 
6808 
6809 
6809 
6744 
6744 
6832 
6833 
6833 
6863 
6804 
6864 
6864 
6895 
6896 
6896 
6947 
6973 
6975 
6975 
7012 
6826 
6954 
7011 
7012 
7009 
6923 
7008 
7009 
6844 
6844 
6847 
6848 
6848 
6997 
6997 
6853 
6982 
6984 
6984 
6897 
6897 
6860 
6861 
6861 
6841 
6842 
6842 
6745 
6746 
6948 
6949 
6949 
6852 
6882 
6881 
6882 
6722 
6826 
6684 
6684 
6912 
6913 
6913 
6976 
6976 
6926 
6977 
7014 
7014 
6969 
6969 
6983 
6983 
6918 
6919 
6919 
6956 
6955 
6956 
6807 
6807 
6885 
6936 
6935 
6936 
6963 
7006 
7007 
7007 
6924 
6873 
6925 
6925 
7000 
6987 
7001 
7001 
6920 
6905 
6921 
6921 
6874 
6874 
7023 
7024 
7024 
6868 
6868 
6927 
6958 
6957 
6958 
7103 
7104 
7104 
6903 
6914 
6915 
6915 
6800 
6869 
6888 
6865 
6888 
6946 
6950 
6951 
6951 
7132 
6911 
7132 
6880 
6907 
6908 
6908 
7190 
7189 
7190 
6722 
7108 
7110 
7110 
7223 
7222 
7223 
7237 
7236 
7237 
7168 
7167 
7168 
6938 
6939 
6939 
7121 
7122 
7122 
6993 
6993 
6994 
6970 
6995 
6995 
6818 
6894 
6937 
6937 
7013 
7013 
6922 
6923 
7025 
7025 
7165 
7164 
7165 
7192 
7191 
7192 
6889 
6959 
6960 
6960 
6981 
6981 
7088 
7087 
7088 
6900 
7158 
7158 
6971 
6953 
6972 
6972 
6998 
6898 
6999 
6999 
6899 
6900 
6887 
7149 
7149 
7154 
7155 
7155 
6884 
6885 
6875 
7004 
7003 
7004 
7018 
7208 
7208 
6974 
6974 
7017 
7018 
7112 
7112 
6862 
7204 
7254 
7254 
7171 
7173 
7173 
7098 
7100 
7100 
7176 
7128 
7176 
7020 
7021 
7021 
7234 
7235 
7235 
7231 
7232 
7232 
7220 
7221 
7221 
7209 
7209 
7101 
7102 
7102 
7249 
7183 
7249 
7030 
7029 
7030 
7091 
7157 
7157 
6954 
7027 
7026 
7027 
7016 
7131 
7152 
7152 
7120 
7119 
7120 
7123 
7199 
7200 
7200 
7015 
7179 
7180 
7180 
7195 
7133 
7195 
7174 
7085 
7175 
7175 
7196 
7260 
7260 
7082 
7083 
7083 
6952 
6952 
7170 
7162 
7258 
7258 
7031 
7086 
7163 
7163 
7188 
7096 
7259 
7259 
7033 
7265 
7265 
7034 
7035 
7035 
7036 
7037 
7037 
7038 
7039 
7039 
7040 
7041 
7041 
7042 
7043 
7043 
7044 
7045 
7045 
7046 
7047 
7047 
7048 
7049 
7049 
7050 
7051 
7051 
7052 
7053 
7053 
7054 
7055 
7055 
7056 
7057 
7057 
7058 
7059 
7059 
7060 
7061 
7061 
7062 
7063 
7063 
7064 
7065 
7065 
7066 
7067 
7067 
7068 
7069 
7069 
7070 
7071 
7071 
7072 
7073 
7073 
7074 
7075 
7075 
7076 
7077 
7077 
7078 
7079 
7079 
7028 
7151 
7151 
7148 
7148 
7129 
7022 
7130 
7130 
7334 
7334 
7233 
7233 
7080 
7169 
7170 
7106 
7107 
7107 
6940 
6940 
7111 
7124 
7125 
7125 
7244 
7245 
7245 
7210 
7203 
7210 
7089 
7090 
7090 
7212 
7084 
7214 
7214 
7217 
7216 
7217 
7109 
7109 
7113 
7114 
7114 
7099 
7099 
7092 
7137 
7137 
6886 
6887 
7117 
7118 
7118 
7369 
7369 
7194 
7193 
7194 
7266 
7266 
7405 
7405 
7019 
7093 
7095 
7095 
7115 
7126 
7127 
7127 
7143 
7143 
7105 
7134 
7134 
7215 
7215 
7242 
7241 
7242 
7116 
7116 
7181 
7182 
7182 
7205 
7206 
7206 
7335 
7335 
7186 
7264 
7263 
7264 
7255 
7261 
7262 
7262 
7202 
7202 
7243 
7243 
7146 
7138 
7147 
7147 
7019 
7238 
7272 
7271 
7272 
7145 
7144 
7145 
7330 
7331 
7331 
7211 
7268 
7267 
7268 
7246 
7246 
7197 
7198 
7198 
7279 
7397 
7397 
7247 
7187 
7248 
7248 
7341 
7342 
7342 
7142 
7140 
7142 
7177 
7161 
7178 
7178 
7184 
7156 
7185 
7185 
7133 
7368 
7366 
7368 
7172 
7172 
7394 
7393 
7394 
7278 
7388 
7388 
7354 
7355 
7355 
7459 
7458 
7459 
7473 
7472 
7473 
7160 
7159 
7160 
7408 
7404 
7408 
7139 
7239 
7240 
7240 
7370 
7372 
7372 
7081 
7097 
7097 
7389 
7390 
7390 
7340 
7340 
7471 
7515 
7515 
7166 
7166 
7153 
7225 
7227 
7227 
7228 
7201 
7230 
7230 
7343 
7343 
7277 
7278 
7224 
7270 
7269 
7270 
7358 
7359 
7359 
7273 
7274 
7274 
7361 
7362 
7362 
7136 
7213 
7213 
7150 
7257 
7256 
7257 
7332 
7332 
7395 
7396 
7396 
7252 
7219 
7253 
7253 
7346 
7348 
7348 
7229 
7229 
7094 
7094 
7482 
7482 
7218 
7218 
7415 
7416 
7416 
7250 
7207 
7251 
7251 
7453 
7454 
7454 
7371 
7371 
7469 
7470 
7470 
7135 
7136 
7398 
7399 
7399 
7455 
7456 
7456 
7381 
7380 
7381 
7409 
7410 
7410 
7402 
7403 
7403 
7468 
7468 
7421 
7379 
7442 
7442 
7333 
7285 
7431 
7431 
7347 
7347 
7283 
7411 
7411 
7349 
7387 
7386 
7387 
7141 
7141 
7383 
7382 
7383 
7276 
7275 
7276 
7367 
7367 
7280 
7339 
7400 
7400 
7427 
7356 
7464 
7464 
7286 
7465 
7465 
7287 
7288 
7288 
7289 
7290 
7290 
7291 
7292 
7292 
7293 
7294 
7294 
7295 
7296 
7296 
7297 
7298 
7298 
7299 
7300 
7300 
7301 
7302 
7302 
7303 
7304 
7304 
7305 
7306 
7306 
7307 
7308 
7308 
7309 
7310 
7310 
7311 
7312 
7312 
7313 
7314 
7314 
7315 
7316 
7316 
7317 
7318 
7318 
7319 
7320 
7320 
7321 
7322 
7322 
7323 
7324 
7324 
7325 
7326 
7326 
7327 
7329 
7329 
7328 
7328 
7365 
7432 
7434 
7434 
7407 
7495 
7494 
7495 
7353 
7352 
7353 
7444 
7448 
7449 
7449 
7363 
7474 
7475 
7475 
7429 
7428 
7429 
7337 
7336 
7337 
7512 
7589 
7589 
7438 
7439 
7439 
7364 
7373 
7430 
7430 
7582 
7582 
7282 
7406 
7407 
7593 
7593 
7488 
7489 
7489 
7374 
7374 
7457 
7457 
7377 
7378 
7378 
7226 
7226 
7426 
7505 
7504 
7505 
7412 
7450 
7450 
7375 
7376 
7376 
7345 
7344 
7345 
7564 
7513 
7564 
7284 
7284 
7436 
7281 
7437 
7437 
7425 
7426 
7451 
7452 
7452 
7384 
7384 
7422 
7423 
7423 
7414 
7414 
7351 
7350 
7351 
7590 
7591 
7591 
7391 
7569 
7514 
7569 
7466 
7509 
7508 
7509 
7574 
7574 
7674 
7675 
7675 
7571 
7573 
7573 
7491 
7496 
7497 
7497 
7385 
7441 
7440 
7441 
7606 
7636 
7636 
7418 
7445 
7446 
7446 
7673 
7672 
7673 
7420 
7481 
7480 
7481 
7476 
7435 
7477 
7477 
7639 
7523 
7639 
7570 
7570 
7483 
7483 
7519 
7519 
7741 
7742 
7742 
7598 
7600 
7600 
7594 
7595 
7595 
7713 
7712 
7713 
7338 
7338 
7646 
7645 
7646 
7392 
7493 
7492 
7493 
7461 
7401 
7462 
7462 
7357 
7357 
7604 
7605 
7605 
7587 
7629 
7629 
7657 
7658 
7658 
7379 
7433 
7433 
7575 
7576 
7576 
7417 
7501 
7500 
7501 
7460 
7460 
7360 
7360 
7585 
7650 
7650 
7484 
7413 
7485 
7485 
7419 
7478 
7479 
7479 
7592 
7592 
7618 
7618 
7486 
7467 
7487 
7487 
7631 
7632 
7632 
7637 
7638 
7638 
7507 
7443 
7506 
7507 
7463 
7463 
7447 
7447 
7597 
7597 
7524 
7524 
7699 
7700 
7700 
7490 
7498 
7499 
7499 
7521 
7522 
7522 
7668 
7667 
7668 
7581 
7606 
7643 
7644 
7644 
7701 
7702 
7702 
7721 
7722 
7722 
7424 
7503 
7502 
7503 
7608 
7607 
7608 
7566 
7568 
7568 
7510 
7628 
7628 
7740 
7642 
7740 
7622 
7621 
7622 
7577 
7619 
7619 
7688 
7689 
7689 
7517 
7516 
7517 
7599 
7599 
7686 
7687 
7687 
7518 
7641 
7640 
7641 
7563 
7684 
7685 
7685 
7596 
7704 
7703 
7704 
7578 
7578 
7525 
7602 
7711 
7711 
7613 
7565 
7614 
7614 
7526 
7679 
7679 
7527 
7528 
7528 
7529 
7530 
7530 
7531 
7532 
7532 
7533 
7534 
7534 
7535 
7536 
7536 
7537 
7538 
7538 
7539 
7540 
7540 
7541 
7542 
7542 
7543 
7544 
7544 
7545 
7546 
7546 
7547 
7548 
7548 
7549 
7550 
7550 
7551 
7552 
7552 
7553 
7554 
7554 
7555 
7556 
7556 
7557 
7558 
7558 
7559 
7560 
7560 
7561 
7562 
7562 
7662 
7664 
7664 
7663 
7663 
7659 
7659 
7615 
7717 
7717 
7567 
7567 
7651 
7651 
7620 
7620 
7626 
7625 
7626 
7520 
7569 
7630 
7724 
7725 
7725 
7719 
7719 
7611 
7612 
7612 
7616 
7617 
7617 
7677 
7754 
7754 
7767 
7767 
7583 
7584 
7584 
7726 
7727 
7727 
7609 
7511 
7610 
7610 
7681 
7603 
7769 
7769 
7572 
7572 
7723 
7723 
7716 
7716 
7694 
7696 
7696 
7601 
7633 
7633 
7665 
7666 
7666 
7806 
7806 
7690 
7714 
7715 
7715 
7827 
7828 
7828 
7906 
7905 
7906 
7624 
7682 
7683 
7683 
7732 
7735 
7755 
7755 
7834 
7835 
7835 
7762 
7764 
7764 
7705 
7707 
7707 
7728 
7744 
7745 
7745 
7840 
7841 
7841 
7588 
7586 
7588 
7635 
7743 
7743 
7580 
7579 
7580 
7720 
7720 
7736 
7634 
7737 
7737 
7627 
7627 
7680 
7757 
7756 
7757 
7691 
7746 
7747 
7747 
7730 
7678 
7731 
7731 
7670 
7708 
7709 
7709 
7698 
7697 
7698 
7933 
7934 
7934 
7710 
7733 
7734 
7734 
7661 
7660 
7661 
7676 
7677 
7883 
7884 
7884 
7806 
7649 
7656 
7655 
7656 
7814 
7816 
7816 
7845 
7900 
7900 
7850 
7851 
7851 
7749 
7647 
7748 
7749 
7653 
7718 
7718 
7692 
7692 
7894 
7867 
7894 
7695 
7695 
7857 
7857 
7907 
7908 
7908 
7879 
7880 
7880 
7729 
7729 
7759 
7693 
7758 
7759 
7738 
7671 
7739 
7739 
7765 
7766 
7766 
7587 
7919 
7926 
7926 
7958 
7957 
7958 
7648 
7649 
7829 
7830 
7830 
7805 
7804 
7805 
7927 
7928 
7928 
7937 
7938 
7938 
7925 
7895 
7925 
7654 
7751 
7750 
7751 
7652 
7753 
7752 
7753 
7849 
7817 
7849 
7761 
7760 
7761 
7821 
7822 
7822 
7863 
7865 
7865 
7810 
7811 
7811 
7838 
7837 
7838 
7874 
7875 
7875 
7886 
7885 
7886 
7920 
7977 
7977 
7706 
7856 
7855 
7856 
7853 
7836 
7854 
7854 
7623 
7623 
7706 
7669 
7669 
7878 
7877 
7878 
7922 
7833 
7921 
7922 
7818 
7820 
7820 
7842 
7842 
7839 
7891 
7891 
7898 
7813 
7950 
7950 
7770 
7897 
7898 
7771 
7772 
7772 
7773 
7774 
7774 
7775 
7776 
7776 
7777 
7778 
7778 
7779 
7780 
7780 
7781 
7782 
7782 
7783 
7784 
7784 
7785 
7786 
7786 
7787 
7788 
7788 
7789 
7790 
7790 
7791 
7792 
7792 
7793 
7794 
7794 
7795 
7796 
7796 
7797 
7798 
7798 
7799 
7800 
7800 
7801 
7802 
7802 
7902 
7902 
7871 
7913 
7914 
7914 
7858 
7831 
7860 
7860 
7812 
7812 
7876 
7876 
7815 
7815 
7819 
7819 
7968 
7969 
7969 
7763 
7763 
7843 
7844 
7844 
7916 
7918 
7918 
7849 
8092 
8092 
7846 
7848 
7848 
7823 
7825 
7826 
7826 
7852 
7852 
7912 
7803 
7948 
7948 
7861 
7896 
7896 
7870 
7808 
7869 
7870 
7924 
7924 
7888 
7972 
7972 
7959 
7960 
7960 
7970 
7970 
7859 
7859 
7943 
7904 
7943 
7847 
7847 
8082 
8082 
7768 
7964 
7965 
7965 
7864 
7864 
7941 
7899 
7942 
7942 
7991 
7993 
7993 
7936 
7961 
7962 
7962 
7809 
7910 
7909 
7910 
8072 
8073 
8073 
8138 
8137 
8138 
7808 
7929 
7931 
7931 
7872 
7971 
7971 
7890 
7889 
7890 
7893 
7892 
7893 
7974 
7887 
7973 
7974 
7866 
7867 
7923 
7951 
7952 
7952 
8090 
8089 
8090 
7992 
7992 
8034 
8035 
8035 
7997 
7997 
8057 
8062 
8062 
7917 
7917 
7966 
7903 
7967 
7967 
7955 
7901 
7956 
7956 
8143 
8144 
8144 
8046 
8048 
8048 
7832 
7832 
7911 
7911 
7862 
7954 
7953 
7954 
8031 
8033 
8033 
8113 
8114 
8114 
8075 
7995 
8075 
7944 
7944 
7935 
7979 
7978 
7979 
7881 
7882 
7882 
7976 
7915 
7975 
7976 
8058 
8058 
8147 
8149 
8149 
8064 
8064 
8106 
8107 
8107 
7824 
7824 
7930 
7930 
7986 
7988 
7988 
7939 
7932 
7940 
7940 
8079 
8080 
8080 
7945 
7947 
7947 
8037 
8038 
8038 
8141 
8142 
8142 
8098 
8172 
8172 
7873 
7946 
7946 
8049 
8051 
8051 
7807 
7868 
7868 
8102 
8103 
8103 
7949 
7980 
7980 
8139 
8140 
8140 
8133 
8134 
8134 
8041 
8042 
8042 
8076 
8212 
8212 
7984 
7985 
7985 
8162 
8161 
8162 
8039 
8054 
8054 
8078 
8077 
8078 
8111 
8166 
8166 
8060 
8059 
8060 
8189 
8182 
8189 
8192 
8192 
8100 
8101 
8101 
8085 
8135 
8136 
8136 
7989 
8108 
8121 
8121 
7998 
7999 
7999 
8000 
8001 
8001 
8002 
8003 
8003 
8004 
8005 
8005 
8006 
8007 
8007 
8008 
8009 
8009 
8010 
8011 
8011 
8012 
8013 
8013 
8014 
8015 
8015 
8016 
8017 
8017 
8018 
8019 
8019 
8020 
8021 
8021 
8022 
8023 
8023 
8024 
8025 
8025 
8026 
8027 
8027 
8213 
8196 
8213 
7996 
8069 
8071 
8071 
8032 
8032 
7981 
8097 
8160 
8160 
8043 
8123 
8122 
8123 
8112 
8112 
8156 
8063 
8155 
8156 
8310 
8310 
8040 
8040 
8146 
8178 
8178 
8044 
8045 
8045 
8052 
8053 
8053 
7994 
8047 
8047 
8028 
8050 
8050 
8167 
8169 
8169 
8056 
8127 
8126 
8127 
7983 
8084 
8084 
8130 
8055 
8129 
8130 
8065 
8066 
8066 
8094 
8131 
8131 
8145 
8145 
8029 
8030 
8030 
8150 
8151 
8151 
8148 
8148 
7987 
7987 
8173 
8174 
8174 
8068 
8067 
8068 
8168 
8168 
7990 
8183 
8183 
8081 
8181 
8180 
8181 
7963 
7963 
8182 
8088 
8087 
8088 
8109 
8095 
8110 
8110 
8036 
8105 
8104 
8105 
8120 
8193 
8195 
8195 
8244 
8245 
8245 
8267 
8267 
8282 
8283 
8283 
8200 
8201 
8201 
8257 
8258 
8258 
8197 
8198 
8198 
8091 
8115 
8165 
8165 
7982 
8074 
8128 
8128 
8206 
8207 
8207 
8363 
8362 
8363 
7983 
8132 
8132 
8153 
8119 
8154 
8154 
8170 
8096 
8171 
8171 
8176 
8099 
8177 
8177 
8086 
8179 
8179 
8352 
8351 
8352 
8342 
8343 
8343 
8268 
8246 
8268 
8070 
8070 
8335 
8334 
8335 
8093 
8117 
8118 
8118 
8259 
8259 
8070 
8061 
8061 
8349 
8350 
8350 
8163 
8124 
8164 
8164 
8326 
8327 
8327 
8212 
8152 
8187 
8186 
8187 
8289 
8290 
8290 
8157 
8116 
8159 
8159 
8083 
8185 
8184 
8185 
8251 
8252 
8252 
8314 
8313 
8314 
8360 
8361 
8361 
8158 
8158 
8188 
8175 
8188 
8203 
8293 
8293 
8338 
8357 
8357 
8353 
8354 
8354 
8260 
8261 
8261 
8265 
8266 
8266 
8202 
8203 
8248 
8250 
8250 
8301 
8303 
8303 
8199 
8199 
8209 
8208 
8209 
8211 
8210 
8211 
8275 
8274 
8275 
8246 
8190 
8191 
8191 
8324 
8325 
8325 
8302 
8302 
8214 
8262 
8312 
8312 
8272 
8204 
8273 
8273 
8538 
8538 
8321 
8256 
8320 
8321 
8298 
8297 
8298 
8277 
8264 
8345 
8345 
8215 
8216 
8216 
8217 
8218 
8218 
8219 
8220 
8220 
8221 
8222 
8222 
8223 
8224 
8224 
8225 
8226 
8226 
8227 
8228 
8228 
8229 
8230 
8230 
8231 
8232 
8232 
8233 
8234 
8234 
8235 
8236 
8236 
8237 
8238 
8238 
8239 
8240 
8240 
8241 
8242 
8242 
8278 
8279 
8279 
8280 
8253 
8281 
8281 
8344 
8344 
8249 
8249 
8269 
8270 
8270 
8277 
8374 
8375 
8375 
8125 
8125 
8304 
8304 
8340 
8305 
8339 
8340 
8243 
8399 
8399 
8514 
8514 
8254 
8254 
8384 
8385 
8385 
8288 
8388 
8389 
8389 
8393 
8295 
8392 
8393 
8276 
8276 
8414 
8414 
8205 
8292 
8291 
8292 
8358 
8359 
8359 
8194 
8194 
8299 
8299 
8307 
8379 
8378 
8379 
8306 
8307 
8576 
8577 
8577 
8308 
8376 
8377 
8377 
8311 
8396 
8395 
8396 
8355 
8300 
8356 
8356 
8247 
8317 
8318 
8318 
8448 
8449 
8449 
8364 
8364 
8255 
8329 
8328 
8329 
8330 
8287 
8331 
8331 
8294 
8295 
8370 
8346 
8371 
8371 
8368 
8296 
8369 
8369 
8271 
8271 
8337 
8337 
8386 
8319 
8387 
8387 
8470 
8472 
8472 
8332 
8333 
8333 
8469 
8469 
8518 
8533 
8533 
8263 
8263 
8526 
8527 
8527 
8372 
8372 
8511 
8511 
8286 
8383 
8382 
8383 
8373 
8401 
8400 
8401 
8347 
8348 
8348 
8366 
8336 
8367 
8367 
8391 
8284 
8390 
8391 
8315 
8315 
8380 
8381 
8381 
8489 
8488 
8489 
8409 
8456 
8456 
8475 
8476 
8476 
8444 
8446 
8446 
8537 
8536 
8537 
8309 
8394 
8394 
8550 
8551 
8551 
8471 
8471 
8285 
8286 
8316 
8409 
8543 
8545 
8545 
8365 
8397 
8398 
8398 
8548 
8549 
8549 
8416 
8417 
8417 
8454 
8454 
8403 
8402 
8403 
8466 
8468 
8468 
8418 
8418 
8539 
8540 
8540 
8457 
8459 
8459 
8323 
8322 
8323 
8497 
8498 
8498 
8411 
8412 
8412 
8407 
8408 
8408 
8485 
8484 
8485 
8486 
8566 
8566 
8410 
8410 
8316 
8404 
8404 
8520 
8521 
8521 
8467 
8467 
8473 
8447 
8474 
8474 
8509 
8581 
8580 
8581 
8464 
8465 
8465 
8504 
8522 
8522 
8405 
8487 
8487 
8477 
8415 
8478 
8478 
8419 
8493 
8493 
8420 
8421 
8421 
8422 
8423 
8423 
8424 
8425 
8425 
8426 
8427 
8427 
8428 
8429 
8429 
8430 
8431 
8431 
8432 
8433 
8433 
8434 
8435 
8435 
8436 
8437 
8437 
8438 
8439 
8439 
8440 
8441 
8441 
8442 
8443 
8443 
8479 
8481 
8481 
8570 
8413 
8571 
8571 
8547 
8574 
8574 
8503 
8453 
8502 
8503 
8445 
8445 
8561 
8562 
8562 
8482 
8483 
8483 
8591 
8569 
8590 
8591 
8525 
8452 
8524 
8525 
8544 
8544 
8486 
8508 
8509 
8406 
8490 
8490 
8458 
8458 
8460 
8546 
8547 
8515 
8563 
8563 
8499 
8500 
8500 
8480 
8480 
8506 
8506 
8594 
8596 
8596 
8492 
8556 
8556 
8496 
8494 
8496 
8523 
8587 
8586 
8587 
8541 
8541 
8751 
8750 
8751 
8677 
8676 
8677 
8517 
8516 
8517 
8557 
8491 
8558 
8558 
8595 
8595 
8542 
8589 
8588 
8589 
8501 
8501 
8341 
8341 
8579 
8578 
8579 
8564 
8519 
8565 
8565 
8455 
8532 
8531 
8532 
8585 
8510 
8584 
8585 
8450 
8451 
8451 
8713 
8714 
8714 
8572 
8512 
8573 
8573 
8636 
8704 
8704 
8505 
8600 
8600 
8608 
8608 
8575 
8575 
8726 
8725 
8726 
8534 
8535 
8535 
8461 
8463 
8463 
8605 
8607 
8607 
8553 
8552 
8554 
8554 
8462 
8462 
8505 
8672 
8637 
8672 
8559 
8555 
8560 
8560 
8567 
8568 
8568 
8687 
8688 
8688 
8637 
8655 
8656 
8656 
8633 
8635 
8635 
8661 
8660 
8661 
8731 
8730 
8731 
8606 
8606 
8507 
8583 
8582 
8583 
8728 
8729 
8729 
8720 
8721 
8721 
8705 
8706 
8706 
8513 
8528 
8530 
8530 
8649 
8651 
8651 
8752 
8753 
8753 
8638 
8639 
8639 
8722 
8724 
8724 
8668 
8669 
8669 
8678 
8680 
8680 
8681 
8682 
8682 
8709 
8643 
8709 
8529 
8529 
8671 
8670 
8671 
8690 
8689 
8690 
8641 
8642 
8642 
8599 
8598 
8599 
8495 
8495 
8609 
8692 
8692 
8592 
8702 
8702 
8666 
8665 
8666 
8663 
8662 
8663 
8699 
8610 
8699 
8657 
8601 
8658 
8658 
8679 
8679 
8603 
8593 
8604 
8604 
8611 
8612 
8612 
8613 
8614 
8614 
8615 
8616 
8616 
8617 
8618 
8618 
8619 
8620 
8620 
8621 
8622 
8622 
8623 
8624 
8624 
8625 
8626 
8626 
8627 
8628 
8628 
8629 
8630 
8630 
8631 
8632 
8632 
8659 
8700 
8700 
8634 
8634 
8602 
8675 
8674 
8675 
8644 
8646 
8646 
8715 
8717 
8717 
8733 
8652 
8732 
8733 
8640 
8640 
8711 
8648 
8710 
8711 
8777 
8777 
8597 
8653 
8654 
8654 
8716 
8716 
8693 
8694 
8694 
8723 
8723 
8650 
8650 
8664 
8691 
8691 
8739 
8740 
8740 
8741 
8741 
8659 
8645 
8645 
8685 
8686 
8686 
8838 
8839 
8839 
8736 
8758 
8757 
8758 
8701 
8701 
8695 
8695 
8770 
8836 
8836 
8769 
8770 
8857 
8837 
8857 
8667 
8756 
8756 
8735 
8754 
8755 
8755 
8684 
8683 
8684 
8703 
8744 
8745 
8745 
8748 
8696 
8749 
8749 
8707 
8673 
8708 
8708 
8760 
8759 
8760 
8841 
8840 
8841 
8712 
8712 
8743 
8766 
8765 
8766 
8827 
8827 
8647 
8698 
8697 
8698 
8778 
8828 
8828 
8773 
8775 
8775 
8821 
8821 
8872 
8871 
8872 
8746 
8747 
8747 
8811 
8812 
8812 
8819 
8820 
8820 
8742 
8799 
8829 
8829 
8813 
8813 
8718 
8718 
8894 
8893 
8894 
8915 
8914 
8915 
8727 
8764 
8763 
8764 
8892 
8891 
8892 
8737 
8734 
8738 
8738 
8923 
8904 
8923 
8859 
8860 
8860 
8800 
8802 
8802 
8908 
8922 
8922 
8889 
8890 
8890 
8762 
8719 
8761 
8762 
8845 
8807 
8845 
8843 
8844 
8844 
8916 
8918 
8918 
8768 
8767 
8768 
8847 
8846 
8847 
8809 
8808 
8809 
8805 
8804 
8805 
8854 
8853 
8854 
8826 
8825 
8826 
8831 
8876 
8876 
8848 
8849 
8849 
8822 
8803 
8824 
8824 
8917 
8917 
8814 
8801 
8815 
8815 
8771 
8772 
8772 
8885 
8863 
8933 
8933 
8920 
8830 
8919 
8920 
8776 
8823 
8823 
8774 
8774 
8866 
8867 
8867 
8887 
8886 
8887 
8779 
8780 
8780 
8781 
8782 
8782 
8783 
8784 
8784 
8785 
8786 
8786 
8787 
8788 
8788 
8789 
8790 
8790 
8791 
8792 
8792 
8793 
8794 
8794 
8795 
8796 
8796 
8797 
8798 
8798 
8835 
8921 
8921 
8806 
8806 
8778 
8979 
8979 
8877 
8878 
8878 
8833 
8835 
8868 
8868 
8855 
8909 
8910 
8910 
8875 
8875 
8801 
8898 
8882 
8899 
8899 
8816 
8817 
8817 
8905 
8906 
8906 
8884 
8885 
8834 
8834 
8901 
8902 
8902 
8873 
8874 
8874 
8935 
8934 
8935 
8818 
8897 
8896 
8897 
8850 
8852 
8852 
9167 
9010 
9167 
8864 
8842 
8865 
8865 
9024 
9023 
9024 
8955 
9017 
9017 
8941 
8955 
8950 
9008 
9008 
9003 
9002 
9003 
8945 
8944 
8945 
9050 
9093 
9093 
8942 
8980 
8980 
8851 
8851 
8911 
8810 
8912 
8912 
8953 
8952 
8953 
8858 
8931 
8930 
8931 
9011 
9013 
9013 
8888 
8888 
8954 
8900 
8954 
8927 
8926 
8927 
8903 
8903 
8883 
8928 
8929 
8929 
8992 
8993 
8993 
8943 
8943 
8832 
8832 
8907 
8936 
8937 
8937 
9054 
9053 
9054 
9161 
9103 
9161 
8900 
8869 
8856 
8870 
8870 
8924 
8861 
8925 
8925 
8881 
8895 
8938 
8938 
9015 
9016 
9016 
8956 
8958 
8958 
8862 
8880 
8932 
8932 
8913 
8939 
8940 
8940 
9038 
9037 
9038 
9033 
9034 
9034 
9025 
9026 
9026 
9160 
9159 
9160 
9006 
9006 
9044 
9045 
9045 
8989 
8988 
8989 
9078 
9077 
9078 
8986 
8985 
8986 
9001 
9000 
9001 
9005 
9004 
9005 
8998 
8997 
8998 
8948 
8950 
8947 
8949 
8949 
9012 
9012 
8959 
9019 
9018 
9019 
8960 
8961 
8961 
8962 
8963 
8963 
8964 
8965 
8965 
8966 
8967 
8967 
8968 
8969 
8969 
8970 
8971 
8971 
8972 
8973 
8973 
8974 
8975 
8975 
8976 
8978 
8978 
8946 
8977 
8977 
8879 
8880 
8957 
8957 
9064 
8990 
9065 
9065 
9020 
9021 
9021 
9061 
9060 
9061 
9035 
9130 
9130 
8981 
9070 
9071 
9071 
9050 
8994 
8995 
8995 
8951 
9032 
9032 
9073 
9059 
9092 
9092 
9066 
9067 
9067 
9174 
9174 
8982 
8983 
8983 
9040 
9009 
9041 
9041 
9072 
9073 
8946 
8999 
8999 
9159 
9167 
9101 
9102 
9102 
9068 
9014 
9069 
9069 
9097 
9098 
9098 
9140 
9139 
9140 
9131 
9027 
9131 
8984 
8984 
9079 
9096 
9096 
9062 
9022 
9063 
9063 
9031 
9087 
9086 
9087 
9046 
9082 
9083 
9083 
9155 
9157 
9157 
9076 
9158 
9162 
9162 
9030 
9085 
9084 
9085 
8987 
9042 
9043 
9043 
9143 
9145 
9145 
9079 
9173 
9191 
9191 
9052 
9051 
9052 
9235 
9234 
9235 
9134 
9136 
9136 
9029 
9030 
8996 
9058 
9057 
9058 
9074 
9049 
9075 
9075 
9007 
9081 
9080 
9081 
8991 
8991 
9144 
9144 
9146 
9148 
9148 
9095 
9094 
9095 
9165 
9163 
9165 
9048 
9089 
9088 
9089 
9153 
9152 
9153 
9074 
9135 
9135 
9047 
9048 
9106 
9108 
9108 
9039 
9091 
9090 
9091 
9028 
9028 
9192 
9193 
9193 
9181 
9182 
9182 
9055 
9036 
9056 
9056 
9103 
9099 
9100 
9100 
9205 
9206 
9206 
9168 
9236 
9236 
9125 
9127 
9127 
9138 
9137 
9138 
9150 
9149 
9150 
9211 
9209 
9211 
9183 
9184 
9184 
9141 
9141 
9147 
9147 
9178 
9178 
9104 
9132 
9133 
9133 
9104 
9128 
9186 
9187 
9187 
9105 
9155 
9157 
9107 
9107 
9109 
9220 
9219 
9220 
9110 
9111 
9111 
9112 
9113 
9113 
9114 
9115 
9115 
9116 
9117 
9117 
9118 
9119 
9119 
9120 
9121 
9121 
9122 
9123 
9123 
9259 
9260 
9260 
9259 
9259 
9151 
9232 
9233 
9233 
9126 
9126 
9166 
9202 
9202 
9142 
9231 
9230 
9231 
9200 
9199 
9200 
9224 
9225 
9225 
9208 
9226 
9226 
9129 
9129 
9242 
9188 
9241 
9242 
9293 
9293 
9195 
9194 
9195 
9203 
9204 
9204 
9124 
9185 
9185 
9240 
9170 
9239 
9240 
9180 
9196 
9197 
9197 
9227 
9251 
9250 
9251 
9171 
9173 
9252 
9253 
9253 
9296 
9298 
9298 
9172 
9172 
9303 
9164 
9303 
9283 
9318 
9318 
9201 
9201 
9213 
9212 
9213 
9189 
9245 
9243 
9245 
9330 
9332 
9332 
9255 
9214 
9190 
9215 
9215 
9177 
9176 
9177 
9216 
9246 
9247 
9247 
9363 
9362 
9363 
9413 
9411 
9413 
9284 
9285 
9285 
9237 
9207 
9238 
9238 
9218 
9217 
9218 
9154 
9221 
9222 
9222 
9154 
9175 
9361 
9361 
9320 
9321 
9321 
9305 
9304 
9305 
9156 
9229 
9228 
9229 
9289 
9291 
9291 
9244 
9338 
9337 
9338 
9254 
9254 
9256 
9258 
9258 
9292 
9292 
9316 
9317 
9317 
9179 
9179 
9169 
9249 
9248 
9249 
9287 
9286 
9287 
9279 
9280 
9280 
9356 
9357 
9357 
9276 
9277 
9277 
9264 
9263 
9264 
9314 
9341 
9341 
9295 
9294 
9295 
9198 
9210 
9210 
9282 
9283 
9198 
9361 
9164 
9257 
9257 
9262 
9367 
9366 
9367 
9266 
9267 
9267 
9268 
9269 
9269 
9270 
9271 
9271 
9272 
9273 
9273 
9274 
9275 
9275 
9398 
9390 
9398 
9376 
9398 
9299 
9261 
9315 
9315 
9278 
9278 
9312 
9311 
9312 
9344 
9345 
9345 
9299 
9288 
9297 
9297 
9290 
9290 
9333 
9355 
9354 
9355 
9346 
9346 
9331 
9331 
9223 
9223 
9373 
9360 
9372 
9373 
9301 
9300 
9301 
9265 
9323 
9322 
9323 
9376 
9281 
9281 
9302 
9302 
9400 
9400 
9343 
9325 
9342 
9343 
9244 
9408 
9410 
9410 
9348 
9371 
9371 
9379 
9377 
9379 
9384 
9386 
9386 
9405 
9407 
9407 
9308 
9327 
9326 
9327 
9328 
9319 
9329 
9329 
9352 
9324 
9353 
9353 
9435 
9436 
9436 
9351 
9350 
9351 
9347 
9348 
9385 
9385 
9369 
9415 
9415 
9336 
9334 
9336 
9364 
9340 
9365 
9365 
9310 
9309 
9310 
9349 
9349 
9381 
9382 
9382 
9425 
9426 
9426 
9307 
9359 
9358 
9359 
9440 
9438 
9440 
9462 
9463 
9463 
9409 
9409 
9451 
9452 
9452 
9306 
9370 
9368 
9370 
9430 
9429 
9430 
9445 
9446 
9446 
9421 
9422 
9422 
9401 
9412 
9412 
9447 
9448 
9448 
9419 
9418 
9419 
9403 
9402 
9403 
9339 
9339 
9416 
9404 
9416 
9497 
9414 
9497 
9374 
9375 
9375 
9464 
9464 
9313 
9313 
9335 
9388 
9389 
9389 
9424 
9417 
9467 
9467 
9387 
9406 
9406 
9500 
9461 
9519 
9519 
9391 
9423 
9424 
9392 
9393 
9393 
9394 
9395 
9395 
9396 
9397 
9397 
9414 
9383 
9383 
9524 
9524 
9378 
9378 
9335 
9460 
9431 
9460 
9511 
9399 
9499 
9511 
9369 
9450 
9449 
9450 
9538 
9538 
9512 
9512 
9496 
9494 
9496 
9490 
9518 
9518 
9473 
9459 
9472 
9473 
9457 
9439 
9458 
9458 
9477 
9478 
9478 
9571 
9571 
9432 
9441 
9441 
9528 
9530 
9530 
9433 
9428 
9434 
9434 
9562 
9563 
9563 
9517 
9516 
9517 
9443 
9427 
9444 
9444 
9466 
9420 
9465 
9466 
9504 
9505 
9505 
9482 
9484 
9484 
9541 
9541 
9453 
9470 
9471 
9471 
9545 
9545 
9483 
9483 
9455 
9442 
9456 
9456 
9589 
9588 
9589 
9506 
9507 
9507 
9380 
9404 
9574 
9575 
9575 
9539 
9540 
9540 
9509 
9508 
9509 
9526 
9527 
9527 
9580 
9579 
9580 
9469 
9437 
9468 
9469 
9454 
9454 
9572 
9573 
9573 
9475 
9476 
9476 
9488 
9490 
9479 
9480 
9480 
9549 
9523 
9549 
9529 
9529 
9510 
9501 
9510 
9481 
9481 
9637 
9637 
9594 
9520 
9615 
9615 
9485 
9558 
9558 
9474 
9513 
9514 
9514 
9491 
9492 
9492 
9493 
9550 
9550 
9558 
9502 
9561 
9564 
9564 
9486 
9510 
9487 
9495 
9495 
9609 
9609 
9576 
9576 
9489 
9489 
9503 
9584 
9583 
9584 
9546 
9636 
9636 
9544 
9534 
9543 
9544 
9498 
9542 
9542 
9515 
9515 
9643 
9642 
9643 
9569 
9553 
9568 
9569 
9621 
9554 
9614 
9621 
9535 
9536 
9536 
9537 
9537 
9532 
9578 
9577 
9578 
9632 
9632 
9602 
9602 
9533 
9559 
9560 
9560 
9531 
9532 
9585 
9548 
9586 
9586 
9581 
9567 
9582 
9582 
9631 
9608 
9631 
9521 
9522 
9522 
9660 
9661 
9661 
9658 
9657 
9658 
9551 
9552 
9552 
9556 
9555 
9557 
9557 
9651 
9652 
9652 
9612 
9613 
9613 
9587 
9570 
9587 
9566 
9525 
9565 
9566 
9592 
9592 
9619 
9620 
9620 
9591 
9590 
9591 
9638 
9639 
9639 
9644 
9607 
9644 
9604 
9654 
9653 
9654 
9646 
9645 
9646 
9595 
9609 
9593 
9593 
9602 
9632 
9553 
9606 
9606 
9623 
9596 
9622 
9623 
9523 
9603 
9604 
9702 
9702 
9634 
9641 
9695 
9677 
9695 
9547 
9547 
9605 
9614 
9664 
9650 
9666 
9666 
9655 
9656 
9656 
9599 
9597 
9599 
9598 
9600 
9600 
9665 
9665 
9627 
9628 
9628 
9601 
9640 
9617 
9640 
9598 
9633 
9649 
9648 
9649 
9690 
9692 
9692 
9634 
9618 
9616 
9618 
9670 
9625 
9671 
9671 
9659 
9667 
9669 
9669 
9629 
9629 
9676 
9707 
9707 
9694 
9693 
9694 
9680 
9678 
9680 
9662 
9630 
9663 
9663 
9647 
9647 
9611 
9610 
9611 
9635 
9695 
9677 
9699 
9700 
9700 
9682 
9682 
9711 
9711 
9696 
9697 
9697 
9626 
9626 
9624 
9624 
9673 
9672 
9673 
9716 
9715 
9716 
9691 
9691 
9684 
9712 
9712 
9703 
9709 
9709 
9674 
9710 
9710 
9687 
9686 
9687 
9688 
9689 
9689 
9679 
9679 
9668 
9668 
9617 
9714 
9685 
9713 
9714 
9675 
9683 
9724 
9724 
9681 
9717 
9717 
9758 
9704 
9758 
9722 
9722 
9706 
9706 
9720 
9721 
9721 
9684 
9754 
9753 
9754 
9748 
9748 
9727 
9705 
9729 
9729 
9698 
9698 
9723 
9735 
9734 
9735 
9731 
9708 
9730 
9731 
9701 
9701 
9740 
9768 
9768 
9737 
9748 
9739 
9740 
9760 
9759 
9760 
9725 
9718 
9726 
9726 
9756 
9772 
9772 
9746 
9751 
9751 
9741 
9742 
9742 
9780 
9738 
9780 
9719 
9733 
9732 
9733 
9781 
9782 
9782 
9749 
9750 
9750 
9747 
9747 
9728 
9728 
9757 
9757 
9764 
9766 
9766 
9736 
9784 
9784 
9755 
9783 
9783 
9752 
9819 
9819 
9769 
9769 
9778 
9777 
9778 
9755 
9816 
9773 
9794 
9816 
9743 
9744 
9744 
9770 
9771 
9771 
9807 
9807 
9762 
9763 
9763 
9765 
9765 
9785 
9811 
9811 
9789 
9790 
9790 
9745 
9767 
9785 
9788 
9804 
9810 
9810 
9819 
9802 
9820 
9820 
9786 
9779 
9787 
9787 
9776 
9774 
9793 
9793 
9798 
9799 
9799 
9792 
9761 
9791 
9792 
9795 
9797 
9797 
9775 
9776 
9814 
9813 
9814 
9801 
9800 
9801 
9832 
9837 
9837 
9809 
9818 
9842 
9841 
9842 
9829 
9828 
9829 
9803 
9811 
9809 
9806 
9806 
9808 
9805 
9817 
9817 
9796 
9796 
9824 
9826 
9826 
9831 
9831 
9812 
9812 
9827 
9827 
9822 
9823 
9823 
9853 
9854 
9854 
9821 
9844 
9843 
9844 
9839 
9838 
9839 
9855 
9855 
9808 
9850 
9858 
9858 
9859 
9861 
9861 
9834 
9833 
9845 
9845 
9846 
9846 
9884 
9862 
9884 
9825 
9825 
9830 
9830 
9882 
9849 
9882 
9815 
9836 
9835 
9836 
9871 
9870 
9871 
9847 
9848 
9848 
9884 
9850 
9856 
9857 
9857 
9860 
9869 
9869 
9840 
9840 
9851 
9851 
9867 
9868 
9868 
9873 
9874 
9876 
9876 
9879 
9880 
9880 
9889 
9866 
9866 
9883 
9889 
9886 
9888 
9888 
9878 
9877 
9878 
9872 
9872 
9863 
9863 
9852 
9895 
9865 
9895 
9864 
9864 
9867 
5700 
9873 
9875 
9875 
9881 
9881 
9893 
9892 
9893 
9891 
9895 
9885 
9885 
9891 
9887 
9887 
9890 
9890 
9896 
9898 
9898 
9887 
4385 
5597 
9897 
9897 
6296 
9899 
9899 
9894 
9899 
6226 
9881 
9893 
4780 
9898 
9894 
9897 
6296 
4628 
