1 2 5 3 
2 5 6 3 
3 6 7 3 
4 7 8 3 
5 8 9 3 
6 9 10 3 
7 10 11 3 
8 11 12 3 
9 12 13 3 
10 13 14 3 
11 14 15 3 
12 15 16 3 
13 16 17 3 
14 17 18 3 
15 18 19 3 
16 19 20 3 
17 20 21 3 
18 21 22 3 
19 22 23 3 
20 23 24 3 
21 24 25 3 
22 25 26 3 
23 26 27 3 
24 27 28 3 
25 28 29 3 
26 29 30 3 
27 30 31 3 
28 31 32 3 
29 32 33 3 
30 33 34 3 
31 34 35 3 
32 35 36 3 
33 36 37 3 
34 37 38 3 
35 38 39 3 
36 39 40 3 
37 40 41 3 
38 41 42 3 
39 42 43 3 
40 43 44 3 
41 44 45 3 
42 45 46 3 
43 46 47 3 
44 47 48 3 
45 48 49 3 
46 49 50 3 
47 50 51 3 
48 51 52 3 
49 52 53 3 
50 53 54 3 
51 54 55 3 
52 55 56 3 
53 56 57 3 
54 57 58 3 
55 58 59 3 
56 59 60 3 
57 60 61 3 
58 61 62 3 
59 62 63 3 
60 63 64 3 
61 64 65 3 
62 65 66 3 
63 66 67 3 
64 67 68 3 
65 68 69 3 
66 69 70 3 
67 70 71 3 
68 71 72 3 
69 72 73 3 
70 73 74 3 
71 74 75 3 
72 75 76 3 
73 76 77 3 
74 77 78 3 
75 78 79 3 
76 79 80 3 
77 80 81 3 
78 81 82 3 
79 82 83 3 
80 83 84 3 
81 84 85 3 
82 85 86 3 
83 86 87 3 
84 87 88 3 
85 88 89 3 
86 89 90 3 
87 90 91 3 
88 91 92 3 
89 92 93 3 
90 93 94 3 
91 94 95 3 
92 95 96 3 
93 96 97 3 
94 97 98 3 
95 98 99 3 
96 99 100 3 
97 100 101 3 
98 101 102 3 
99 102 103 3 
100 103 3 3 
101 1 104 2 
102 104 105 2 
103 105 106 2 
104 106 107 2 
105 107 108 2 
106 108 109 2 
107 109 110 2 
108 110 111 2 
109 111 112 2 
110 112 113 2 
111 113 114 2 
112 114 115 2 
113 115 116 2 
114 116 117 2 
115 117 118 2 
116 118 119 2 
117 119 120 2 
118 120 121 2 
119 121 122 2 
120 122 123 2 
121 123 124 2 
122 124 125 2 
123 125 126 2 
124 126 127 2 
125 127 128 2 
126 128 129 2 
127 129 130 2 
128 130 131 2 
129 131 132 2 
130 132 133 2 
131 133 134 2 
132 134 135 2 
133 135 136 2 
134 136 137 2 
135 137 138 2 
136 138 139 2 
137 139 140 2 
138 140 141 2 
139 141 142 2 
140 142 143 2 
141 143 144 2 
142 144 145 2 
143 145 146 2 
144 146 147 2 
145 147 148 2 
146 148 149 2 
147 149 150 2 
148 150 151 2 
149 151 152 2 
150 152 153 2 
151 153 154 2 
152 154 155 2 
153 155 156 2 
154 156 157 2 
155 157 158 2 
156 158 159 2 
157 159 160 2 
158 160 161 2 
159 161 162 2 
160 162 163 2 
161 163 164 2 
162 164 165 2 
163 165 166 2 
164 166 167 2 
165 167 168 2 
166 168 169 2 
167 169 170 2 
168 170 171 2 
169 171 172 2 
170 172 173 2 
171 173 174 2 
172 174 175 2 
173 175 176 2 
174 176 177 2 
175 177 178 2 
176 178 179 2 
177 179 180 2 
178 180 181 2 
179 181 182 2 
180 182 183 2 
181 183 184 2 
182 184 185 2 
183 185 186 2 
184 186 187 2 
185 187 188 2 
186 188 189 2 
187 189 190 2 
188 190 191 2 
189 191 192 2 
190 192 193 2 
191 193 194 2 
192 194 195 2 
193 195 196 2 
194 196 197 2 
195 197 198 2 
196 198 199 2 
197 199 200 2 
198 200 201 2 
199 201 202 2 
200 202 4 2 
201 1 203 4 
202 203 204 4 
203 204 205 4 
204 205 206 4 
205 206 207 4 
206 207 208 4 
207 208 209 4 
208 209 210 4 
209 210 211 4 
210 211 212 4 
211 212 213 4 
212 213 214 4 
213 214 215 4 
214 215 216 4 
215 216 217 4 
216 217 218 4 
217 218 219 4 
218 219 220 4 
219 220 221 4 
220 221 222 4 
221 222 223 4 
222 223 224 4 
223 224 225 4 
224 225 226 4 
225 226 227 4 
226 227 228 4 
227 228 229 4 
228 229 230 4 
229 230 231 4 
230 231 232 4 
231 232 233 4 
232 233 234 4 
233 234 235 4 
234 235 236 4 
235 236 237 4 
236 237 238 4 
237 238 239 4 
238 239 240 4 
239 240 241 4 
240 241 242 4 
241 242 243 4 
242 243 244 4 
243 244 245 4 
244 245 246 4 
245 246 247 4 
246 247 248 4 
247 248 249 4 
248 249 250 4 
249 250 251 4 
250 251 2 4 
251 4 252 1 
252 252 253 1 
253 253 254 1 
254 254 255 1 
255 255 256 1 
256 256 257 1 
257 257 258 1 
258 258 259 1 
259 259 260 1 
260 260 261 1 
261 261 262 1 
262 262 263 1 
263 263 264 1 
264 264 265 1 
265 265 266 1 
266 266 267 1 
267 267 268 1 
268 268 269 1 
269 269 270 1 
270 270 271 1 
271 271 272 1 
272 272 273 1 
273 273 274 1 
274 274 275 1 
275 275 276 1 
276 276 277 1 
277 277 278 1 
278 278 279 1 
279 279 280 1 
280 280 281 1 
281 281 282 1 
282 282 283 1 
283 283 284 1 
284 284 285 1 
285 285 286 1 
286 286 287 1 
287 287 288 1 
288 288 289 1 
289 289 290 1 
290 290 291 1 
291 291 292 1 
292 292 293 1 
293 293 294 1 
294 294 295 1 
295 295 296 1 
296 296 297 1 
297 297 298 1 
298 298 299 1 
299 299 300 1 
300 300 3 1 
