+------------------------------ CFD LOVES C++ ---------------------------+
|--------------------DISCONTINUOS GALERKIN METHOD SOLVER-----------------|
|                                  Author                                |
|   Nam Ha Tran.                                                         |
|   Ver 1.00                                                             |
+------------------------------------------------------------------------+
|   This program uses Discontinous Galerkin method to solve 2D problems  |
|   on structural and unstructural mesh.                                 |
+------------------------------------------------------------------------+
	Program ran at (d-m-y_h-m-s) 08-12-2018_16-17-08

	MasterElemOfEdge array

9900 
4899 
9900 
4999 
4999 
98 
5099 
5099 
9999 
9999 
0 
5000 
5000 
5001 
1 
5001 
5002 
2 
5002 
5003 
3 
5003 
5004 
4 
5004 
5005 
5 
5005 
5006 
6 
5006 
5007 
7 
5007 
5008 
8 
5008 
5009 
9 
5009 
5010 
10 
5010 
5011 
11 
5011 
5012 
12 
5012 
5013 
13 
5013 
5014 
14 
5014 
5015 
15 
5015 
5016 
16 
5016 
5017 
17 
5017 
5018 
18 
5018 
5019 
19 
5019 
5020 
20 
5020 
5021 
21 
5021 
5022 
22 
5022 
5023 
23 
5023 
5024 
24 
5024 
5025 
25 
5025 
5026 
26 
5026 
5027 
27 
5027 
5028 
28 
5028 
5029 
29 
5029 
5030 
30 
5030 
5031 
31 
5031 
5032 
32 
5032 
5033 
33 
5033 
5034 
34 
5034 
5035 
35 
5035 
5036 
36 
5036 
5037 
37 
5037 
5038 
38 
5038 
5039 
39 
5039 
5040 
40 
5040 
5041 
41 
5041 
5042 
42 
5042 
5043 
43 
5043 
5044 
44 
5044 
5045 
45 
5045 
5046 
46 
5046 
5047 
47 
5047 
5048 
48 
5048 
5049 
49 
5049 
5050 
50 
5050 
5051 
51 
5051 
5052 
52 
5052 
5053 
53 
5053 
5054 
54 
5054 
5055 
55 
5055 
5056 
56 
5056 
5057 
57 
5057 
5058 
58 
5058 
5059 
59 
5059 
5060 
60 
5060 
5061 
61 
5061 
5062 
62 
5062 
5063 
63 
5063 
5064 
64 
5064 
5065 
65 
5065 
5066 
66 
5066 
5067 
67 
5067 
5068 
68 
5068 
5069 
69 
5069 
5070 
70 
5070 
5071 
71 
5071 
5072 
72 
5072 
5073 
73 
5073 
5074 
74 
5074 
5075 
75 
5075 
5076 
76 
5076 
5077 
77 
5077 
5078 
78 
5078 
5079 
79 
5079 
5080 
80 
5080 
5081 
81 
5081 
5082 
82 
5082 
5083 
83 
5083 
5084 
84 
5084 
5085 
85 
5085 
5086 
86 
5086 
5087 
87 
5087 
5088 
88 
5088 
5089 
89 
5089 
5090 
90 
5090 
5091 
91 
5091 
5092 
92 
5092 
5093 
93 
5093 
5094 
94 
5094 
5095 
95 
5095 
5096 
96 
5096 
5097 
97 
5097 
5098 
5098 
9901 
9900 
9901 
9902 
9901 
9902 
9903 
9902 
9903 
9904 
9903 
9904 
9905 
9904 
9905 
9906 
9905 
9906 
9907 
9906 
9907 
9908 
9907 
9908 
9909 
9908 
9909 
9910 
9909 
9910 
9911 
9910 
9911 
9912 
9911 
9912 
9913 
9912 
9913 
9914 
9913 
9914 
9915 
9914 
9915 
9916 
9915 
9916 
9917 
9916 
9917 
9918 
9917 
9918 
9919 
9918 
9919 
9920 
9919 
9920 
9921 
9920 
9921 
9922 
9921 
9922 
9923 
9922 
9923 
9924 
9923 
9924 
9925 
9924 
9925 
9926 
9925 
9926 
9927 
9926 
9927 
9928 
9927 
9928 
9929 
9928 
9929 
9930 
9929 
9930 
9931 
9930 
9931 
9932 
9931 
9932 
9933 
9932 
9933 
9934 
9933 
9934 
9935 
9934 
9935 
9936 
9935 
9936 
9937 
9936 
9937 
9938 
9937 
9938 
9939 
9938 
9939 
9940 
9939 
9940 
9941 
9940 
9941 
9942 
9941 
9942 
9943 
9942 
9943 
9944 
9943 
9944 
9945 
9944 
9945 
9946 
9945 
9946 
9947 
9946 
9947 
9948 
9947 
9948 
9949 
9948 
9949 
9950 
9949 
9950 
9951 
9950 
9951 
9952 
9951 
9952 
9953 
9952 
9953 
9954 
9953 
9954 
9955 
9954 
9955 
9956 
9955 
9956 
9957 
9956 
9957 
9958 
9957 
9958 
9959 
9958 
9959 
9960 
9959 
9960 
9961 
9960 
9961 
9962 
9961 
9962 
9963 
9962 
9963 
9964 
9963 
9964 
9965 
9964 
9965 
9966 
9965 
9966 
9967 
9966 
9967 
9968 
9967 
9968 
9969 
9968 
9969 
9970 
9969 
9970 
9971 
9970 
9971 
9972 
9971 
9972 
9973 
9972 
9973 
9974 
9973 
9974 
9975 
9974 
9975 
9976 
9975 
9976 
9977 
9976 
9977 
9978 
9977 
9978 
9979 
9978 
9979 
9980 
9979 
9980 
9981 
9980 
9981 
9982 
9981 
9982 
9983 
9982 
9983 
9984 
9983 
9984 
9985 
9984 
9985 
9986 
9985 
9986 
9987 
9986 
9987 
9988 
9987 
9988 
9989 
9988 
9989 
9990 
9989 
9990 
9991 
9990 
9991 
9992 
9991 
9992 
9993 
9992 
9993 
9994 
9993 
9994 
9995 
9994 
9995 
9996 
9995 
9996 
9997 
9996 
9997 
9998 
9997 
9998 
9999 
9998 
9800 
4799 
9800 
9700 
4699 
9700 
9600 
4599 
9600 
9500 
4499 
9500 
9400 
4399 
9400 
9300 
4299 
9300 
9200 
4199 
9200 
9100 
4099 
9100 
9000 
3999 
9000 
8900 
3899 
8900 
8800 
3799 
8800 
8700 
3699 
8700 
8600 
3599 
8600 
8500 
3499 
8500 
8400 
3399 
8400 
8300 
3299 
8300 
8200 
3199 
8200 
8100 
3099 
8100 
8000 
2999 
8000 
7900 
2899 
7900 
7800 
2799 
7800 
7700 
2699 
7700 
7600 
2599 
7600 
7500 
2499 
7500 
7400 
2399 
7400 
7300 
2299 
7300 
7200 
2199 
7200 
7100 
2099 
7100 
7000 
1999 
7000 
6900 
1899 
6900 
6800 
1799 
6800 
6700 
1699 
6700 
6600 
1599 
6600 
6500 
1499 
6500 
6400 
1399 
6400 
6300 
1299 
6300 
6200 
1199 
6200 
6100 
1099 
6100 
6000 
999 
6000 
5900 
899 
5900 
5800 
799 
5800 
5700 
699 
5700 
5600 
599 
5600 
5500 
499 
5500 
5400 
399 
5400 
5300 
299 
5300 
5200 
199 
5200 
5100 
99 
5100 
5000 
9899 
9899 
9799 
9899 
9799 
9699 
9799 
9699 
9599 
9699 
9599 
9499 
9599 
9499 
9399 
9499 
9399 
9299 
9399 
9299 
9199 
9299 
9199 
9099 
9199 
9099 
8999 
9099 
8999 
8899 
8999 
8899 
8799 
8899 
8799 
8699 
8799 
8699 
8599 
8699 
8599 
8499 
8599 
8499 
8399 
8499 
8399 
8299 
8399 
8299 
8199 
8299 
8199 
8099 
8199 
8099 
7999 
8099 
7999 
7899 
7999 
7899 
7799 
7899 
7799 
7699 
7799 
7699 
7599 
7699 
7599 
7499 
7599 
7499 
7399 
7499 
7399 
7299 
7399 
7299 
7199 
7299 
7199 
7099 
7199 
7099 
6999 
7099 
6999 
6899 
6999 
6899 
6799 
6899 
6799 
6699 
6799 
6699 
6599 
6699 
6599 
6499 
6599 
6499 
6399 
6499 
6399 
6299 
6399 
6299 
6199 
6299 
6199 
6099 
6199 
6099 
5999 
6099 
5999 
5899 
5999 
5899 
5799 
5899 
5799 
5699 
5799 
5699 
5599 
5699 
5599 
5499 
5599 
5499 
5399 
5499 
5399 
5299 
5399 
5299 
5199 
5299 
5199 
5099 
5199 
5001 
5100 
5101 
5002 
5101 
5102 
5003 
5102 
5103 
5004 
5103 
5104 
5005 
5104 
5105 
5006 
5105 
5106 
5007 
5106 
5107 
5008 
5107 
5108 
5009 
5108 
5109 
5010 
5109 
5110 
5011 
5110 
5111 
5012 
5111 
5112 
5013 
5112 
5113 
5014 
5113 
5114 
5015 
5114 
5115 
5016 
5115 
5116 
5017 
5116 
5117 
5018 
5117 
5118 
5019 
5118 
5119 
5020 
5119 
5120 
5021 
5120 
5121 
5022 
5121 
5122 
5023 
5122 
5123 
5024 
5123 
5124 
5025 
5124 
5125 
5026 
5125 
5126 
5027 
5126 
5127 
5028 
5127 
5128 
5029 
5128 
5129 
5030 
5129 
5130 
5031 
5130 
5131 
5032 
5131 
5132 
5033 
5132 
5133 
5034 
5133 
5134 
5035 
5134 
5135 
5036 
5135 
5136 
5037 
5136 
5137 
5038 
5137 
5138 
5039 
5138 
5139 
5040 
5139 
5140 
5041 
5140 
5141 
5042 
5141 
5142 
5043 
5142 
5143 
5044 
5143 
5144 
5045 
5144 
5145 
5046 
5145 
5146 
5047 
5146 
5147 
5048 
5147 
5148 
5049 
5148 
5149 
5050 
5149 
5150 
5051 
5150 
5151 
5052 
5151 
5152 
5053 
5152 
5153 
5054 
5153 
5154 
5055 
5154 
5155 
5056 
5155 
5156 
5057 
5156 
5157 
5058 
5157 
5158 
5059 
5158 
5159 
5060 
5159 
5160 
5061 
5160 
5161 
5062 
5161 
5162 
5063 
5162 
5163 
5064 
5163 
5164 
5065 
5164 
5165 
5066 
5165 
5166 
5067 
5166 
5167 
5068 
5167 
5168 
5069 
5168 
5169 
5070 
5169 
5170 
5071 
5170 
5171 
5072 
5171 
5172 
5073 
5172 
5173 
5074 
5173 
5174 
5075 
5174 
5175 
5076 
5175 
5176 
5077 
5176 
5177 
5078 
5177 
5178 
5079 
5178 
5179 
5080 
5179 
5180 
5081 
5180 
5181 
5082 
5181 
5182 
5083 
5182 
5183 
5084 
5183 
5184 
5085 
5184 
5185 
5086 
5185 
5186 
5087 
5186 
5187 
5088 
5187 
5188 
5089 
5188 
5189 
5090 
5189 
5190 
5091 
5190 
5191 
5092 
5191 
5192 
5093 
5192 
5193 
5094 
5193 
5194 
5095 
5194 
5195 
5096 
5195 
5196 
5097 
5196 
5197 
5098 
5197 
5198 
5198 
5101 
5200 
5201 
5102 
5201 
5202 
5103 
5202 
5203 
5104 
5203 
5204 
5105 
5204 
5205 
5106 
5205 
5206 
5107 
5206 
5207 
5108 
5207 
5208 
5109 
5208 
5209 
5110 
5209 
5210 
5111 
5210 
5211 
5112 
5211 
5212 
5113 
5212 
5213 
5114 
5213 
5214 
5115 
5214 
5215 
5116 
5215 
5216 
5117 
5216 
5217 
5118 
5217 
5218 
5119 
5218 
5219 
5120 
5219 
5220 
5121 
5220 
5221 
5122 
5221 
5222 
5123 
5222 
5223 
5124 
5223 
5224 
5125 
5224 
5225 
5126 
5225 
5226 
5127 
5226 
5227 
5128 
5227 
5228 
5129 
5228 
5229 
5130 
5229 
5230 
5131 
5230 
5231 
5132 
5231 
5232 
5133 
5232 
5233 
5134 
5233 
5234 
5135 
5234 
5235 
5136 
5235 
5236 
5137 
5236 
5237 
5138 
5237 
5238 
5139 
5238 
5239 
5140 
5239 
5240 
5141 
5240 
5241 
5142 
5241 
5242 
5143 
5242 
5243 
5144 
5243 
5244 
5145 
5244 
5245 
5146 
5245 
5246 
5147 
5246 
5247 
5148 
5247 
5248 
5149 
5248 
5249 
5150 
5249 
5250 
5151 
5250 
5251 
5152 
5251 
5252 
5153 
5252 
5253 
5154 
5253 
5254 
5155 
5254 
5255 
5156 
5255 
5256 
5157 
5256 
5257 
5158 
5257 
5258 
5159 
5258 
5259 
5160 
5259 
5260 
5161 
5260 
5261 
5162 
5261 
5262 
5163 
5262 
5263 
5164 
5263 
5264 
5165 
5264 
5265 
5166 
5265 
5266 
5167 
5266 
5267 
5168 
5267 
5268 
5169 
5268 
5269 
5170 
5269 
5270 
5171 
5270 
5271 
5172 
5271 
5272 
5173 
5272 
5273 
5174 
5273 
5274 
5175 
5274 
5275 
5176 
5275 
5276 
5177 
5276 
5277 
5178 
5277 
5278 
5179 
5278 
5279 
5180 
5279 
5280 
5181 
5280 
5281 
5182 
5281 
5282 
5183 
5282 
5283 
5184 
5283 
5284 
5185 
5284 
5285 
5186 
5285 
5286 
5187 
5286 
5287 
5188 
5287 
5288 
5189 
5288 
5289 
5190 
5289 
5290 
5191 
5290 
5291 
5192 
5291 
5292 
5193 
5292 
5293 
5194 
5293 
5294 
5195 
5294 
5295 
5196 
5295 
5296 
5197 
5296 
5297 
5198 
5297 
5298 
5298 
5201 
5300 
5301 
5202 
5301 
5302 
5203 
5302 
5303 
5204 
5303 
5304 
5205 
5304 
5305 
5206 
5305 
5306 
5207 
5306 
5307 
5208 
5307 
5308 
5209 
5308 
5309 
5210 
5309 
5310 
5211 
5310 
5311 
5212 
5311 
5312 
5213 
5312 
5313 
5214 
5313 
5314 
5215 
5314 
5315 
5216 
5315 
5316 
5217 
5316 
5317 
5218 
5317 
5318 
5219 
5318 
5319 
5220 
5319 
5320 
5221 
5320 
5321 
5222 
5321 
5322 
5223 
5322 
5323 
5224 
5323 
5324 
5225 
5324 
5325 
5226 
5325 
5326 
5227 
5326 
5327 
5228 
5327 
5328 
5229 
5328 
5329 
5230 
5329 
5330 
5231 
5330 
5331 
5232 
5331 
5332 
5233 
5332 
5333 
5234 
5333 
5334 
5235 
5334 
5335 
5236 
5335 
5336 
5237 
5336 
5337 
5238 
5337 
5338 
5239 
5338 
5339 
5240 
5339 
5340 
5241 
5340 
5341 
5242 
5341 
5342 
5243 
5342 
5343 
5244 
5343 
5344 
5245 
5344 
5345 
5246 
5345 
5346 
5247 
5346 
5347 
5248 
5347 
5348 
5249 
5348 
5349 
5250 
5349 
5350 
5251 
5350 
5351 
5252 
5351 
5352 
5253 
5352 
5353 
5254 
5353 
5354 
5255 
5354 
5355 
5256 
5355 
5356 
5257 
5356 
5357 
5258 
5357 
5358 
5259 
5358 
5359 
5260 
5359 
5360 
5261 
5360 
5361 
5262 
5361 
5362 
5263 
5362 
5363 
5264 
5363 
5364 
5265 
5364 
5365 
5266 
5365 
5366 
5267 
5366 
5367 
5268 
5367 
5368 
5269 
5368 
5369 
5270 
5369 
5370 
5271 
5370 
5371 
5272 
5371 
5372 
5273 
5372 
5373 
5274 
5373 
5374 
5275 
5374 
5375 
5276 
5375 
5376 
5277 
5376 
5377 
5278 
5377 
5378 
5279 
5378 
5379 
5280 
5379 
5380 
5281 
5380 
5381 
5282 
5381 
5382 
5283 
5382 
5383 
5284 
5383 
5384 
5285 
5384 
5385 
5286 
5385 
5386 
5287 
5386 
5387 
5288 
5387 
5388 
5289 
5388 
5389 
5290 
5389 
5390 
5291 
5390 
5391 
5292 
5391 
5392 
5293 
5392 
5393 
5294 
5393 
5394 
5295 
5394 
5395 
5296 
5395 
5396 
5297 
5396 
5397 
5298 
5397 
5398 
5398 
5301 
5400 
5401 
5302 
5401 
5402 
5303 
5402 
5403 
5304 
5403 
5404 
5305 
5404 
5405 
5306 
5405 
5406 
5307 
5406 
5407 
5308 
5407 
5408 
5309 
5408 
5409 
5310 
5409 
5410 
5311 
5410 
5411 
5312 
5411 
5412 
5313 
5412 
5413 
5314 
5413 
5414 
5315 
5414 
5415 
5316 
5415 
5416 
5317 
5416 
5417 
5318 
5417 
5418 
5319 
5418 
5419 
5320 
5419 
5420 
5321 
5420 
5421 
5322 
5421 
5422 
5323 
5422 
5423 
5324 
5423 
5424 
5325 
5424 
5425 
5326 
5425 
5426 
5327 
5426 
5427 
5328 
5427 
5428 
5329 
5428 
5429 
5330 
5429 
5430 
5331 
5430 
5431 
5332 
5431 
5432 
5333 
5432 
5433 
5334 
5433 
5434 
5335 
5434 
5435 
5336 
5435 
5436 
5337 
5436 
5437 
5338 
5437 
5438 
5339 
5438 
5439 
5340 
5439 
5440 
5341 
5440 
5441 
5342 
5441 
5442 
5343 
5442 
5443 
5344 
5443 
5444 
5345 
5444 
5445 
5346 
5445 
5446 
5347 
5446 
5447 
5348 
5447 
5448 
5349 
5448 
5449 
5350 
5449 
5450 
5351 
5450 
5451 
5352 
5451 
5452 
5353 
5452 
5453 
5354 
5453 
5454 
5355 
5454 
5455 
5356 
5455 
5456 
5357 
5456 
5457 
5358 
5457 
5458 
5359 
5458 
5459 
5360 
5459 
5460 
5361 
5460 
5461 
5362 
5461 
5462 
5363 
5462 
5463 
5364 
5463 
5464 
5365 
5464 
5465 
5366 
5465 
5466 
5367 
5466 
5467 
5368 
5467 
5468 
5369 
5468 
5469 
5370 
5469 
5470 
5371 
5470 
5471 
5372 
5471 
5472 
5373 
5472 
5473 
5374 
5473 
5474 
5375 
5474 
5475 
5376 
5475 
5476 
5377 
5476 
5477 
5378 
5477 
5478 
5379 
5478 
5479 
5380 
5479 
5480 
5381 
5480 
5481 
5382 
5481 
5482 
5383 
5482 
5483 
5384 
5483 
5484 
5385 
5484 
5485 
5386 
5485 
5486 
5387 
5486 
5487 
5388 
5487 
5488 
5389 
5488 
5489 
5390 
5489 
5490 
5391 
5490 
5491 
5392 
5491 
5492 
5393 
5492 
5493 
5394 
5493 
5494 
5395 
5494 
5495 
5396 
5495 
5496 
5397 
5496 
5497 
5398 
5497 
5498 
5498 
5401 
5500 
5501 
5402 
5501 
5502 
5403 
5502 
5503 
5404 
5503 
5504 
5405 
5504 
5505 
5406 
5505 
5506 
5407 
5506 
5507 
5408 
5507 
5508 
5409 
5508 
5509 
5410 
5509 
5510 
5411 
5510 
5511 
5412 
5511 
5512 
5413 
5512 
5513 
5414 
5513 
5514 
5415 
5514 
5515 
5416 
5515 
5516 
5417 
5516 
5517 
5418 
5517 
5518 
5419 
5518 
5519 
5420 
5519 
5520 
5421 
5520 
5521 
5422 
5521 
5522 
5423 
5522 
5523 
5424 
5523 
5524 
5425 
5524 
5525 
5426 
5525 
5526 
5427 
5526 
5527 
5428 
5527 
5528 
5429 
5528 
5529 
5430 
5529 
5530 
5431 
5530 
5531 
5432 
5531 
5532 
5433 
5532 
5533 
5434 
5533 
5534 
5435 
5534 
5535 
5436 
5535 
5536 
5437 
5536 
5537 
5438 
5537 
5538 
5439 
5538 
5539 
5440 
5539 
5540 
5441 
5540 
5541 
5442 
5541 
5542 
5443 
5542 
5543 
5444 
5543 
5544 
5445 
5544 
5545 
5446 
5545 
5546 
5447 
5546 
5547 
5448 
5547 
5548 
5449 
5548 
5549 
5450 
5549 
5550 
5451 
5550 
5551 
5452 
5551 
5552 
5453 
5552 
5553 
5454 
5553 
5554 
5455 
5554 
5555 
5456 
5555 
5556 
5457 
5556 
5557 
5458 
5557 
5558 
5459 
5558 
5559 
5460 
5559 
5560 
5461 
5560 
5561 
5462 
5561 
5562 
5463 
5562 
5563 
5464 
5563 
5564 
5465 
5564 
5565 
5466 
5565 
5566 
5467 
5566 
5567 
5468 
5567 
5568 
5469 
5568 
5569 
5470 
5569 
5570 
5471 
5570 
5571 
5472 
5571 
5572 
5473 
5572 
5573 
5474 
5573 
5574 
5475 
5574 
5575 
5476 
5575 
5576 
5477 
5576 
5577 
5478 
5577 
5578 
5479 
5578 
5579 
5480 
5579 
5580 
5481 
5580 
5581 
5482 
5581 
5582 
5483 
5582 
5583 
5484 
5583 
5584 
5485 
5584 
5585 
5486 
5585 
5586 
5487 
5586 
5587 
5488 
5587 
5588 
5489 
5588 
5589 
5490 
5589 
5590 
5491 
5590 
5591 
5492 
5591 
5592 
5493 
5592 
5593 
5494 
5593 
5594 
5495 
5594 
5595 
5496 
5595 
5596 
5497 
5596 
5597 
5498 
5597 
5598 
5598 
5501 
5600 
5601 
5502 
5601 
5602 
5503 
5602 
5603 
5504 
5603 
5604 
5505 
5604 
5605 
5506 
5605 
5606 
5507 
5606 
5607 
5508 
5607 
5608 
5509 
5608 
5609 
5510 
5609 
5610 
5511 
5610 
5611 
5512 
5611 
5612 
5513 
5612 
5613 
5514 
5613 
5614 
5515 
5614 
5615 
5516 
5615 
5616 
5517 
5616 
5617 
5518 
5617 
5618 
5519 
5618 
5619 
5520 
5619 
5620 
5521 
5620 
5621 
5522 
5621 
5622 
5523 
5622 
5623 
5524 
5623 
5624 
5525 
5624 
5625 
5526 
5625 
5626 
5527 
5626 
5627 
5528 
5627 
5628 
5529 
5628 
5629 
5530 
5629 
5630 
5531 
5630 
5631 
5532 
5631 
5632 
5533 
5632 
5633 
5534 
5633 
5634 
5535 
5634 
5635 
5536 
5635 
5636 
5537 
5636 
5637 
5538 
5637 
5638 
5539 
5638 
5639 
5540 
5639 
5640 
5541 
5640 
5641 
5542 
5641 
5642 
5543 
5642 
5643 
5544 
5643 
5644 
5545 
5644 
5645 
5546 
5645 
5646 
5547 
5646 
5647 
5548 
5647 
5648 
5549 
5648 
5649 
5550 
5649 
5650 
5551 
5650 
5651 
5552 
5651 
5652 
5553 
5652 
5653 
5554 
5653 
5654 
5555 
5654 
5655 
5556 
5655 
5656 
5557 
5656 
5657 
5558 
5657 
5658 
5559 
5658 
5659 
5560 
5659 
5660 
5561 
5660 
5661 
5562 
5661 
5662 
5563 
5662 
5663 
5564 
5663 
5664 
5565 
5664 
5665 
5566 
5665 
5666 
5567 
5666 
5667 
5568 
5667 
5668 
5569 
5668 
5669 
5570 
5669 
5670 
5571 
5670 
5671 
5572 
5671 
5672 
5573 
5672 
5673 
5574 
5673 
5674 
5575 
5674 
5675 
5576 
5675 
5676 
5577 
5676 
5677 
5578 
5677 
5678 
5579 
5678 
5679 
5580 
5679 
5680 
5581 
5680 
5681 
5582 
5681 
5682 
5583 
5682 
5683 
5584 
5683 
5684 
5585 
5684 
5685 
5586 
5685 
5686 
5587 
5686 
5687 
5588 
5687 
5688 
5589 
5688 
5689 
5590 
5689 
5690 
5591 
5690 
5691 
5592 
5691 
5692 
5593 
5692 
5693 
5594 
5693 
5694 
5595 
5694 
5695 
5596 
5695 
5696 
5597 
5696 
5697 
5598 
5697 
5698 
5698 
5601 
5700 
5701 
5602 
5701 
5702 
5603 
5702 
5703 
5604 
5703 
5704 
5605 
5704 
5705 
5606 
5705 
5706 
5607 
5706 
5707 
5608 
5707 
5708 
5609 
5708 
5709 
5610 
5709 
5710 
5611 
5710 
5711 
5612 
5711 
5712 
5613 
5712 
5713 
5614 
5713 
5714 
5615 
5714 
5715 
5616 
5715 
5716 
5617 
5716 
5717 
5618 
5717 
5718 
5619 
5718 
5719 
5620 
5719 
5720 
5621 
5720 
5721 
5622 
5721 
5722 
5623 
5722 
5723 
5624 
5723 
5724 
5625 
5724 
5725 
5626 
5725 
5726 
5627 
5726 
5727 
5628 
5727 
5728 
5629 
5728 
5729 
5630 
5729 
5730 
5631 
5730 
5731 
5632 
5731 
5732 
5633 
5732 
5733 
5634 
5733 
5734 
5635 
5734 
5735 
5636 
5735 
5736 
5637 
5736 
5737 
5638 
5737 
5738 
5639 
5738 
5739 
5640 
5739 
5740 
5641 
5740 
5741 
5642 
5741 
5742 
5643 
5742 
5743 
5644 
5743 
5744 
5645 
5744 
5745 
5646 
5745 
5746 
5647 
5746 
5747 
5648 
5747 
5748 
5649 
5748 
5749 
5650 
5749 
5750 
5651 
5750 
5751 
5652 
5751 
5752 
5653 
5752 
5753 
5654 
5753 
5754 
5655 
5754 
5755 
5656 
5755 
5756 
5657 
5756 
5757 
5658 
5757 
5758 
5659 
5758 
5759 
5660 
5759 
5760 
5661 
5760 
5761 
5662 
5761 
5762 
5663 
5762 
5763 
5664 
5763 
5764 
5665 
5764 
5765 
5666 
5765 
5766 
5667 
5766 
5767 
5668 
5767 
5768 
5669 
5768 
5769 
5670 
5769 
5770 
5671 
5770 
5771 
5672 
5771 
5772 
5673 
5772 
5773 
5674 
5773 
5774 
5675 
5774 
5775 
5676 
5775 
5776 
5677 
5776 
5777 
5678 
5777 
5778 
5679 
5778 
5779 
5680 
5779 
5780 
5681 
5780 
5781 
5682 
5781 
5782 
5683 
5782 
5783 
5684 
5783 
5784 
5685 
5784 
5785 
5686 
5785 
5786 
5687 
5786 
5787 
5688 
5787 
5788 
5689 
5788 
5789 
5690 
5789 
5790 
5691 
5790 
5791 
5692 
5791 
5792 
5693 
5792 
5793 
5694 
5793 
5794 
5695 
5794 
5795 
5696 
5795 
5796 
5697 
5796 
5797 
5698 
5797 
5798 
5798 
5701 
5800 
5801 
5702 
5801 
5802 
5703 
5802 
5803 
5704 
5803 
5804 
5705 
5804 
5805 
5706 
5805 
5806 
5707 
5806 
5807 
5708 
5807 
5808 
5709 
5808 
5809 
5710 
5809 
5810 
5711 
5810 
5811 
5712 
5811 
5812 
5713 
5812 
5813 
5714 
5813 
5814 
5715 
5814 
5815 
5716 
5815 
5816 
5717 
5816 
5817 
5718 
5817 
5818 
5719 
5818 
5819 
5720 
5819 
5820 
5721 
5820 
5821 
5722 
5821 
5822 
5723 
5822 
5823 
5724 
5823 
5824 
5725 
5824 
5825 
5726 
5825 
5826 
5727 
5826 
5827 
5728 
5827 
5828 
5729 
5828 
5829 
5730 
5829 
5830 
5731 
5830 
5831 
5732 
5831 
5832 
5733 
5832 
5833 
5734 
5833 
5834 
5735 
5834 
5835 
5736 
5835 
5836 
5737 
5836 
5837 
5738 
5837 
5838 
5739 
5838 
5839 
5740 
5839 
5840 
5741 
5840 
5841 
5742 
5841 
5842 
5743 
5842 
5843 
5744 
5843 
5844 
5745 
5844 
5845 
5746 
5845 
5846 
5747 
5846 
5847 
5748 
5847 
5848 
5749 
5848 
5849 
5750 
5849 
5850 
5751 
5850 
5851 
5752 
5851 
5852 
5753 
5852 
5853 
5754 
5853 
5854 
5755 
5854 
5855 
5756 
5855 
5856 
5757 
5856 
5857 
5758 
5857 
5858 
5759 
5858 
5859 
5760 
5859 
5860 
5761 
5860 
5861 
5762 
5861 
5862 
5763 
5862 
5863 
5764 
5863 
5864 
5765 
5864 
5865 
5766 
5865 
5866 
5767 
5866 
5867 
5768 
5867 
5868 
5769 
5868 
5869 
5770 
5869 
5870 
5771 
5870 
5871 
5772 
5871 
5872 
5773 
5872 
5873 
5774 
5873 
5874 
5775 
5874 
5875 
5776 
5875 
5876 
5777 
5876 
5877 
5778 
5877 
5878 
5779 
5878 
5879 
5780 
5879 
5880 
5781 
5880 
5881 
5782 
5881 
5882 
5783 
5882 
5883 
5784 
5883 
5884 
5785 
5884 
5885 
5786 
5885 
5886 
5787 
5886 
5887 
5788 
5887 
5888 
5789 
5888 
5889 
5790 
5889 
5890 
5791 
5890 
5891 
5792 
5891 
5892 
5793 
5892 
5893 
5794 
5893 
5894 
5795 
5894 
5895 
5796 
5895 
5896 
5797 
5896 
5897 
5798 
5897 
5898 
5898 
5801 
5900 
5901 
5802 
5901 
5902 
5803 
5902 
5903 
5804 
5903 
5904 
5805 
5904 
5905 
5806 
5905 
5906 
5807 
5906 
5907 
5808 
5907 
5908 
5809 
5908 
5909 
5810 
5909 
5910 
5811 
5910 
5911 
5812 
5911 
5912 
5813 
5912 
5913 
5814 
5913 
5914 
5815 
5914 
5915 
5816 
5915 
5916 
5817 
5916 
5917 
5818 
5917 
5918 
5819 
5918 
5919 
5820 
5919 
5920 
5821 
5920 
5921 
5822 
5921 
5922 
5823 
5922 
5923 
5824 
5923 
5924 
5825 
5924 
5925 
5826 
5925 
5926 
5827 
5926 
5927 
5828 
5927 
5928 
5829 
5928 
5929 
5830 
5929 
5930 
5831 
5930 
5931 
5832 
5931 
5932 
5833 
5932 
5933 
5834 
5933 
5934 
5835 
5934 
5935 
5836 
5935 
5936 
5837 
5936 
5937 
5838 
5937 
5938 
5839 
5938 
5939 
5840 
5939 
5940 
5841 
5940 
5941 
5842 
5941 
5942 
5843 
5942 
5943 
5844 
5943 
5944 
5845 
5944 
5945 
5846 
5945 
5946 
5847 
5946 
5947 
5848 
5947 
5948 
5849 
5948 
5949 
5850 
5949 
5950 
5851 
5950 
5951 
5852 
5951 
5952 
5853 
5952 
5953 
5854 
5953 
5954 
5855 
5954 
5955 
5856 
5955 
5956 
5857 
5956 
5957 
5858 
5957 
5958 
5859 
5958 
5959 
5860 
5959 
5960 
5861 
5960 
5961 
5862 
5961 
5962 
5863 
5962 
5963 
5864 
5963 
5964 
5865 
5964 
5965 
5866 
5965 
5966 
5867 
5966 
5967 
5868 
5967 
5968 
5869 
5968 
5969 
5870 
5969 
5970 
5871 
5970 
5971 
5872 
5971 
5972 
5873 
5972 
5973 
5874 
5973 
5974 
5875 
5974 
5975 
5876 
5975 
5976 
5877 
5976 
5977 
5878 
5977 
5978 
5879 
5978 
5979 
5880 
5979 
5980 
5881 
5980 
5981 
5882 
5981 
5982 
5883 
5982 
5983 
5884 
5983 
5984 
5885 
5984 
5985 
5886 
5985 
5986 
5887 
5986 
5987 
5888 
5987 
5988 
5889 
5988 
5989 
5890 
5989 
5990 
5891 
5990 
5991 
5892 
5991 
5992 
5893 
5992 
5993 
5894 
5993 
5994 
5895 
5994 
5995 
5896 
5995 
5996 
5897 
5996 
5997 
5898 
5997 
5998 
5998 
5901 
6000 
6001 
5902 
6001 
6002 
5903 
6002 
6003 
5904 
6003 
6004 
5905 
6004 
6005 
5906 
6005 
6006 
5907 
6006 
6007 
5908 
6007 
6008 
5909 
6008 
6009 
5910 
6009 
6010 
5911 
6010 
6011 
5912 
6011 
6012 
5913 
6012 
6013 
5914 
6013 
6014 
5915 
6014 
6015 
5916 
6015 
6016 
5917 
6016 
6017 
5918 
6017 
6018 
5919 
6018 
6019 
5920 
6019 
6020 
5921 
6020 
6021 
5922 
6021 
6022 
5923 
6022 
6023 
5924 
6023 
6024 
5925 
6024 
6025 
5926 
6025 
6026 
5927 
6026 
6027 
5928 
6027 
6028 
5929 
6028 
6029 
5930 
6029 
6030 
5931 
6030 
6031 
5932 
6031 
6032 
5933 
6032 
6033 
5934 
6033 
6034 
5935 
6034 
6035 
5936 
6035 
6036 
5937 
6036 
6037 
5938 
6037 
6038 
5939 
6038 
6039 
5940 
6039 
6040 
5941 
6040 
6041 
5942 
6041 
6042 
5943 
6042 
6043 
5944 
6043 
6044 
5945 
6044 
6045 
5946 
6045 
6046 
5947 
6046 
6047 
5948 
6047 
6048 
5949 
6048 
6049 
5950 
6049 
6050 
5951 
6050 
6051 
5952 
6051 
6052 
5953 
6052 
6053 
5954 
6053 
6054 
5955 
6054 
6055 
5956 
6055 
6056 
5957 
6056 
6057 
5958 
6057 
6058 
5959 
6058 
6059 
5960 
6059 
6060 
5961 
6060 
6061 
5962 
6061 
6062 
5963 
6062 
6063 
5964 
6063 
6064 
5965 
6064 
6065 
5966 
6065 
6066 
5967 
6066 
6067 
5968 
6067 
6068 
5969 
6068 
6069 
5970 
6069 
6070 
5971 
6070 
6071 
5972 
6071 
6072 
5973 
6072 
6073 
5974 
6073 
6074 
5975 
6074 
6075 
5976 
6075 
6076 
5977 
6076 
6077 
5978 
6077 
6078 
5979 
6078 
6079 
5980 
6079 
6080 
5981 
6080 
6081 
5982 
6081 
6082 
5983 
6082 
6083 
5984 
6083 
6084 
5985 
6084 
6085 
5986 
6085 
6086 
5987 
6086 
6087 
5988 
6087 
6088 
5989 
6088 
6089 
5990 
6089 
6090 
5991 
6090 
6091 
5992 
6091 
6092 
5993 
6092 
6093 
5994 
6093 
6094 
5995 
6094 
6095 
5996 
6095 
6096 
5997 
6096 
6097 
5998 
6097 
6098 
6098 
6001 
6100 
6101 
6002 
6101 
6102 
6003 
6102 
6103 
6004 
6103 
6104 
6005 
6104 
6105 
6006 
6105 
6106 
6007 
6106 
6107 
6008 
6107 
6108 
6009 
6108 
6109 
6010 
6109 
6110 
6011 
6110 
6111 
6012 
6111 
6112 
6013 
6112 
6113 
6014 
6113 
6114 
6015 
6114 
6115 
6016 
6115 
6116 
6017 
6116 
6117 
6018 
6117 
6118 
6019 
6118 
6119 
6020 
6119 
6120 
6021 
6120 
6121 
6022 
6121 
6122 
6023 
6122 
6123 
6024 
6123 
6124 
6025 
6124 
6125 
6026 
6125 
6126 
6027 
6126 
6127 
6028 
6127 
6128 
6029 
6128 
6129 
6030 
6129 
6130 
6031 
6130 
6131 
6032 
6131 
6132 
6033 
6132 
6133 
6034 
6133 
6134 
6035 
6134 
6135 
6036 
6135 
6136 
6037 
6136 
6137 
6038 
6137 
6138 
6039 
6138 
6139 
6040 
6139 
6140 
6041 
6140 
6141 
6042 
6141 
6142 
6043 
6142 
6143 
6044 
6143 
6144 
6045 
6144 
6145 
6046 
6145 
6146 
6047 
6146 
6147 
6048 
6147 
6148 
6049 
6148 
6149 
6050 
6149 
6150 
6051 
6150 
6151 
6052 
6151 
6152 
6053 
6152 
6153 
6054 
6153 
6154 
6055 
6154 
6155 
6056 
6155 
6156 
6057 
6156 
6157 
6058 
6157 
6158 
6059 
6158 
6159 
6060 
6159 
6160 
6061 
6160 
6161 
6062 
6161 
6162 
6063 
6162 
6163 
6064 
6163 
6164 
6065 
6164 
6165 
6066 
6165 
6166 
6067 
6166 
6167 
6068 
6167 
6168 
6069 
6168 
6169 
6070 
6169 
6170 
6071 
6170 
6171 
6072 
6171 
6172 
6073 
6172 
6173 
6074 
6173 
6174 
6075 
6174 
6175 
6076 
6175 
6176 
6077 
6176 
6177 
6078 
6177 
6178 
6079 
6178 
6179 
6080 
6179 
6180 
6081 
6180 
6181 
6082 
6181 
6182 
6083 
6182 
6183 
6084 
6183 
6184 
6085 
6184 
6185 
6086 
6185 
6186 
6087 
6186 
6187 
6088 
6187 
6188 
6089 
6188 
6189 
6090 
6189 
6190 
6091 
6190 
6191 
6092 
6191 
6192 
6093 
6192 
6193 
6094 
6193 
6194 
6095 
6194 
6195 
6096 
6195 
6196 
6097 
6196 
6197 
6098 
6197 
6198 
6198 
6101 
6200 
6201 
6102 
6201 
6202 
6103 
6202 
6203 
6104 
6203 
6204 
6105 
6204 
6205 
6106 
6205 
6206 
6107 
6206 
6207 
6108 
6207 
6208 
6109 
6208 
6209 
6110 
6209 
6210 
6111 
6210 
6211 
6112 
6211 
6212 
6113 
6212 
6213 
6114 
6213 
6214 
6115 
6214 
6215 
6116 
6215 
6216 
6117 
6216 
6217 
6118 
6217 
6218 
6119 
6218 
6219 
6120 
6219 
6220 
6121 
6220 
6221 
6122 
6221 
6222 
6123 
6222 
6223 
6124 
6223 
6224 
6125 
6224 
6225 
6126 
6225 
6226 
6127 
6226 
6227 
6128 
6227 
6228 
6129 
6228 
6229 
6130 
6229 
6230 
6131 
6230 
6231 
6132 
6231 
6232 
6133 
6232 
6233 
6134 
6233 
6234 
6135 
6234 
6235 
6136 
6235 
6236 
6137 
6236 
6237 
6138 
6237 
6238 
6139 
6238 
6239 
6140 
6239 
6240 
6141 
6240 
6241 
6142 
6241 
6242 
6143 
6242 
6243 
6144 
6243 
6244 
6145 
6244 
6245 
6146 
6245 
6246 
6147 
6246 
6247 
6148 
6247 
6248 
6149 
6248 
6249 
6150 
6249 
6250 
6151 
6250 
6251 
6152 
6251 
6252 
6153 
6252 
6253 
6154 
6253 
6254 
6155 
6254 
6255 
6156 
6255 
6256 
6157 
6256 
6257 
6158 
6257 
6258 
6159 
6258 
6259 
6160 
6259 
6260 
6161 
6260 
6261 
6162 
6261 
6262 
6163 
6262 
6263 
6164 
6263 
6264 
6165 
6264 
6265 
6166 
6265 
6266 
6167 
6266 
6267 
6168 
6267 
6268 
6169 
6268 
6269 
6170 
6269 
6270 
6171 
6270 
6271 
6172 
6271 
6272 
6173 
6272 
6273 
6174 
6273 
6274 
6175 
6274 
6275 
6176 
6275 
6276 
6177 
6276 
6277 
6178 
6277 
6278 
6179 
6278 
6279 
6180 
6279 
6280 
6181 
6280 
6281 
6182 
6281 
6282 
6183 
6282 
6283 
6184 
6283 
6284 
6185 
6284 
6285 
6186 
6285 
6286 
6187 
6286 
6287 
6188 
6287 
6288 
6189 
6288 
6289 
6190 
6289 
6290 
6191 
6290 
6291 
6192 
6291 
6292 
6193 
6292 
6293 
6194 
6293 
6294 
6195 
6294 
6295 
6196 
6295 
6296 
6197 
6296 
6297 
6198 
6297 
6298 
6298 
6201 
6300 
6301 
6202 
6301 
6302 
6203 
6302 
6303 
6204 
6303 
6304 
6205 
6304 
6305 
6206 
6305 
6306 
6207 
6306 
6307 
6208 
6307 
6308 
6209 
6308 
6309 
6210 
6309 
6310 
6211 
6310 
6311 
6212 
6311 
6312 
6213 
6312 
6313 
6214 
6313 
6314 
6215 
6314 
6315 
6216 
6315 
6316 
6217 
6316 
6317 
6218 
6317 
6318 
6219 
6318 
6319 
6220 
6319 
6320 
6221 
6320 
6321 
6222 
6321 
6322 
6223 
6322 
6323 
6224 
6323 
6324 
6225 
6324 
6325 
6226 
6325 
6326 
6227 
6326 
6327 
6228 
6327 
6328 
6229 
6328 
6329 
6230 
6329 
6330 
6231 
6330 
6331 
6232 
6331 
6332 
6233 
6332 
6333 
6234 
6333 
6334 
6235 
6334 
6335 
6236 
6335 
6336 
6237 
6336 
6337 
6238 
6337 
6338 
6239 
6338 
6339 
6240 
6339 
6340 
6241 
6340 
6341 
6242 
6341 
6342 
6243 
6342 
6343 
6244 
6343 
6344 
6245 
6344 
6345 
6246 
6345 
6346 
6247 
6346 
6347 
6248 
6347 
6348 
6249 
6348 
6349 
6250 
6349 
6350 
6251 
6350 
6351 
6252 
6351 
6352 
6253 
6352 
6353 
6254 
6353 
6354 
6255 
6354 
6355 
6256 
6355 
6356 
6257 
6356 
6357 
6258 
6357 
6358 
6259 
6358 
6359 
6260 
6359 
6360 
6261 
6360 
6361 
6262 
6361 
6362 
6263 
6362 
6363 
6264 
6363 
6364 
6265 
6364 
6365 
6266 
6365 
6366 
6267 
6366 
6367 
6268 
6367 
6368 
6269 
6368 
6369 
6270 
6369 
6370 
6271 
6370 
6371 
6272 
6371 
6372 
6273 
6372 
6373 
6274 
6373 
6374 
6275 
6374 
6375 
6276 
6375 
6376 
6277 
6376 
6377 
6278 
6377 
6378 
6279 
6378 
6379 
6280 
6379 
6380 
6281 
6380 
6381 
6282 
6381 
6382 
6283 
6382 
6383 
6284 
6383 
6384 
6285 
6384 
6385 
6286 
6385 
6386 
6287 
6386 
6387 
6288 
6387 
6388 
6289 
6388 
6389 
6290 
6389 
6390 
6291 
6390 
6391 
6292 
6391 
6392 
6293 
6392 
6393 
6294 
6393 
6394 
6295 
6394 
6395 
6296 
6395 
6396 
6297 
6396 
6397 
6298 
6397 
6398 
6398 
6301 
6400 
6401 
6302 
6401 
6402 
6303 
6402 
6403 
6304 
6403 
6404 
6305 
6404 
6405 
6306 
6405 
6406 
6307 
6406 
6407 
6308 
6407 
6408 
6309 
6408 
6409 
6310 
6409 
6410 
6311 
6410 
6411 
6312 
6411 
6412 
6313 
6412 
6413 
6314 
6413 
6414 
6315 
6414 
6415 
6316 
6415 
6416 
6317 
6416 
6417 
6318 
6417 
6418 
6319 
6418 
6419 
6320 
6419 
6420 
6321 
6420 
6421 
6322 
6421 
6422 
6323 
6422 
6423 
6324 
6423 
6424 
6325 
6424 
6425 
6326 
6425 
6426 
6327 
6426 
6427 
6328 
6427 
6428 
6329 
6428 
6429 
6330 
6429 
6430 
6331 
6430 
6431 
6332 
6431 
6432 
6333 
6432 
6433 
6334 
6433 
6434 
6335 
6434 
6435 
6336 
6435 
6436 
6337 
6436 
6437 
6338 
6437 
6438 
6339 
6438 
6439 
6340 
6439 
6440 
6341 
6440 
6441 
6342 
6441 
6442 
6343 
6442 
6443 
6344 
6443 
6444 
6345 
6444 
6445 
6346 
6445 
6446 
6347 
6446 
6447 
6348 
6447 
6448 
6349 
6448 
6449 
6350 
6449 
6450 
6351 
6450 
6451 
6352 
6451 
6452 
6353 
6452 
6453 
6354 
6453 
6454 
6355 
6454 
6455 
6356 
6455 
6456 
6357 
6456 
6457 
6358 
6457 
6458 
6359 
6458 
6459 
6360 
6459 
6460 
6361 
6460 
6461 
6362 
6461 
6462 
6363 
6462 
6463 
6364 
6463 
6464 
6365 
6464 
6465 
6366 
6465 
6466 
6367 
6466 
6467 
6368 
6467 
6468 
6369 
6468 
6469 
6370 
6469 
6470 
6371 
6470 
6471 
6372 
6471 
6472 
6373 
6472 
6473 
6374 
6473 
6474 
6375 
6474 
6475 
6376 
6475 
6476 
6377 
6476 
6477 
6378 
6477 
6478 
6379 
6478 
6479 
6380 
6479 
6480 
6381 
6480 
6481 
6382 
6481 
6482 
6383 
6482 
6483 
6384 
6483 
6484 
6385 
6484 
6485 
6386 
6485 
6486 
6387 
6486 
6487 
6388 
6487 
6488 
6389 
6488 
6489 
6390 
6489 
6490 
6391 
6490 
6491 
6392 
6491 
6492 
6393 
6492 
6493 
6394 
6493 
6494 
6395 
6494 
6495 
6396 
6495 
6496 
6397 
6496 
6497 
6398 
6497 
6498 
6498 
6401 
6500 
6501 
6402 
6501 
6502 
6403 
6502 
6503 
6404 
6503 
6504 
6405 
6504 
6505 
6406 
6505 
6506 
6407 
6506 
6507 
6408 
6507 
6508 
6409 
6508 
6509 
6410 
6509 
6510 
6411 
6510 
6511 
6412 
6511 
6512 
6413 
6512 
6513 
6414 
6513 
6514 
6415 
6514 
6515 
6416 
6515 
6516 
6417 
6516 
6517 
6418 
6517 
6518 
6419 
6518 
6519 
6420 
6519 
6520 
6421 
6520 
6521 
6422 
6521 
6522 
6423 
6522 
6523 
6424 
6523 
6524 
6425 
6524 
6525 
6426 
6525 
6526 
6427 
6526 
6527 
6428 
6527 
6528 
6429 
6528 
6529 
6430 
6529 
6530 
6431 
6530 
6531 
6432 
6531 
6532 
6433 
6532 
6533 
6434 
6533 
6534 
6435 
6534 
6535 
6436 
6535 
6536 
6437 
6536 
6537 
6438 
6537 
6538 
6439 
6538 
6539 
6440 
6539 
6540 
6441 
6540 
6541 
6442 
6541 
6542 
6443 
6542 
6543 
6444 
6543 
6544 
6445 
6544 
6545 
6446 
6545 
6546 
6447 
6546 
6547 
6448 
6547 
6548 
6449 
6548 
6549 
6450 
6549 
6550 
6451 
6550 
6551 
6452 
6551 
6552 
6453 
6552 
6553 
6454 
6553 
6554 
6455 
6554 
6555 
6456 
6555 
6556 
6457 
6556 
6557 
6458 
6557 
6558 
6459 
6558 
6559 
6460 
6559 
6560 
6461 
6560 
6561 
6462 
6561 
6562 
6463 
6562 
6563 
6464 
6563 
6564 
6465 
6564 
6565 
6466 
6565 
6566 
6467 
6566 
6567 
6468 
6567 
6568 
6469 
6568 
6569 
6470 
6569 
6570 
6471 
6570 
6571 
6472 
6571 
6572 
6473 
6572 
6573 
6474 
6573 
6574 
6475 
6574 
6575 
6476 
6575 
6576 
6477 
6576 
6577 
6478 
6577 
6578 
6479 
6578 
6579 
6480 
6579 
6580 
6481 
6580 
6581 
6482 
6581 
6582 
6483 
6582 
6583 
6484 
6583 
6584 
6485 
6584 
6585 
6486 
6585 
6586 
6487 
6586 
6587 
6488 
6587 
6588 
6489 
6588 
6589 
6490 
6589 
6590 
6491 
6590 
6591 
6492 
6591 
6592 
6493 
6592 
6593 
6494 
6593 
6594 
6495 
6594 
6595 
6496 
6595 
6596 
6497 
6596 
6597 
6498 
6597 
6598 
6598 
6501 
6600 
6601 
6502 
6601 
6602 
6503 
6602 
6603 
6504 
6603 
6604 
6505 
6604 
6605 
6506 
6605 
6606 
6507 
6606 
6607 
6508 
6607 
6608 
6509 
6608 
6609 
6510 
6609 
6610 
6511 
6610 
6611 
6512 
6611 
6612 
6513 
6612 
6613 
6514 
6613 
6614 
6515 
6614 
6615 
6516 
6615 
6616 
6517 
6616 
6617 
6518 
6617 
6618 
6519 
6618 
6619 
6520 
6619 
6620 
6521 
6620 
6621 
6522 
6621 
6622 
6523 
6622 
6623 
6524 
6623 
6624 
6525 
6624 
6625 
6526 
6625 
6626 
6527 
6626 
6627 
6528 
6627 
6628 
6529 
6628 
6629 
6530 
6629 
6630 
6531 
6630 
6631 
6532 
6631 
6632 
6533 
6632 
6633 
6534 
6633 
6634 
6535 
6634 
6635 
6536 
6635 
6636 
6537 
6636 
6637 
6538 
6637 
6638 
6539 
6638 
6639 
6540 
6639 
6640 
6541 
6640 
6641 
6542 
6641 
6642 
6543 
6642 
6643 
6544 
6643 
6644 
6545 
6644 
6645 
6546 
6645 
6646 
6547 
6646 
6647 
6548 
6647 
6648 
6549 
6648 
6649 
6550 
6649 
6650 
6551 
6650 
6651 
6552 
6651 
6652 
6553 
6652 
6653 
6554 
6653 
6654 
6555 
6654 
6655 
6556 
6655 
6656 
6557 
6656 
6657 
6558 
6657 
6658 
6559 
6658 
6659 
6560 
6659 
6660 
6561 
6660 
6661 
6562 
6661 
6662 
6563 
6662 
6663 
6564 
6663 
6664 
6565 
6664 
6665 
6566 
6665 
6666 
6567 
6666 
6667 
6568 
6667 
6668 
6569 
6668 
6669 
6570 
6669 
6670 
6571 
6670 
6671 
6572 
6671 
6672 
6573 
6672 
6673 
6574 
6673 
6674 
6575 
6674 
6675 
6576 
6675 
6676 
6577 
6676 
6677 
6578 
6677 
6678 
6579 
6678 
6679 
6580 
6679 
6680 
6581 
6680 
6681 
6582 
6681 
6682 
6583 
6682 
6683 
6584 
6683 
6684 
6585 
6684 
6685 
6586 
6685 
6686 
6587 
6686 
6687 
6588 
6687 
6688 
6589 
6688 
6689 
6590 
6689 
6690 
6591 
6690 
6691 
6592 
6691 
6692 
6593 
6692 
6693 
6594 
6693 
6694 
6595 
6694 
6695 
6596 
6695 
6696 
6597 
6696 
6697 
6598 
6697 
6698 
6698 
6601 
6700 
6701 
6602 
6701 
6702 
6603 
6702 
6703 
6604 
6703 
6704 
6605 
6704 
6705 
6606 
6705 
6706 
6607 
6706 
6707 
6608 
6707 
6708 
6609 
6708 
6709 
6610 
6709 
6710 
6611 
6710 
6711 
6612 
6711 
6712 
6613 
6712 
6713 
6614 
6713 
6714 
6615 
6714 
6715 
6616 
6715 
6716 
6617 
6716 
6717 
6618 
6717 
6718 
6619 
6718 
6719 
6620 
6719 
6720 
6621 
6720 
6721 
6622 
6721 
6722 
6623 
6722 
6723 
6624 
6723 
6724 
6625 
6724 
6725 
6626 
6725 
6726 
6627 
6726 
6727 
6628 
6727 
6728 
6629 
6728 
6729 
6630 
6729 
6730 
6631 
6730 
6731 
6632 
6731 
6732 
6633 
6732 
6733 
6634 
6733 
6734 
6635 
6734 
6735 
6636 
6735 
6736 
6637 
6736 
6737 
6638 
6737 
6738 
6639 
6738 
6739 
6640 
6739 
6740 
6641 
6740 
6741 
6642 
6741 
6742 
6643 
6742 
6743 
6644 
6743 
6744 
6645 
6744 
6745 
6646 
6745 
6746 
6647 
6746 
6747 
6648 
6747 
6748 
6649 
6748 
6749 
6650 
6749 
6750 
6651 
6750 
6751 
6652 
6751 
6752 
6653 
6752 
6753 
6654 
6753 
6754 
6655 
6754 
6755 
6656 
6755 
6756 
6657 
6756 
6757 
6658 
6757 
6758 
6659 
6758 
6759 
6660 
6759 
6760 
6661 
6760 
6761 
6662 
6761 
6762 
6663 
6762 
6763 
6664 
6763 
6764 
6665 
6764 
6765 
6666 
6765 
6766 
6667 
6766 
6767 
6668 
6767 
6768 
6669 
6768 
6769 
6670 
6769 
6770 
6671 
6770 
6771 
6672 
6771 
6772 
6673 
6772 
6773 
6674 
6773 
6774 
6675 
6774 
6775 
6676 
6775 
6776 
6677 
6776 
6777 
6678 
6777 
6778 
6679 
6778 
6779 
6680 
6779 
6780 
6681 
6780 
6781 
6682 
6781 
6782 
6683 
6782 
6783 
6684 
6783 
6784 
6685 
6784 
6785 
6686 
6785 
6786 
6687 
6786 
6787 
6688 
6787 
6788 
6689 
6788 
6789 
6690 
6789 
6790 
6691 
6790 
6791 
6692 
6791 
6792 
6693 
6792 
6793 
6694 
6793 
6794 
6695 
6794 
6795 
6696 
6795 
6796 
6697 
6796 
6797 
6698 
6797 
6798 
6798 
6701 
6800 
6801 
6702 
6801 
6802 
6703 
6802 
6803 
6704 
6803 
6804 
6705 
6804 
6805 
6706 
6805 
6806 
6707 
6806 
6807 
6708 
6807 
6808 
6709 
6808 
6809 
6710 
6809 
6810 
6711 
6810 
6811 
6712 
6811 
6812 
6713 
6812 
6813 
6714 
6813 
6814 
6715 
6814 
6815 
6716 
6815 
6816 
6717 
6816 
6817 
6718 
6817 
6818 
6719 
6818 
6819 
6720 
6819 
6820 
6721 
6820 
6821 
6722 
6821 
6822 
6723 
6822 
6823 
6724 
6823 
6824 
6725 
6824 
6825 
6726 
6825 
6826 
6727 
6826 
6827 
6728 
6827 
6828 
6729 
6828 
6829 
6730 
6829 
6830 
6731 
6830 
6831 
6732 
6831 
6832 
6733 
6832 
6833 
6734 
6833 
6834 
6735 
6834 
6835 
6736 
6835 
6836 
6737 
6836 
6837 
6738 
6837 
6838 
6739 
6838 
6839 
6740 
6839 
6840 
6741 
6840 
6841 
6742 
6841 
6842 
6743 
6842 
6843 
6744 
6843 
6844 
6745 
6844 
6845 
6746 
6845 
6846 
6747 
6846 
6847 
6748 
6847 
6848 
6749 
6848 
6849 
6750 
6849 
6850 
6751 
6850 
6851 
6752 
6851 
6852 
6753 
6852 
6853 
6754 
6853 
6854 
6755 
6854 
6855 
6756 
6855 
6856 
6757 
6856 
6857 
6758 
6857 
6858 
6759 
6858 
6859 
6760 
6859 
6860 
6761 
6860 
6861 
6762 
6861 
6862 
6763 
6862 
6863 
6764 
6863 
6864 
6765 
6864 
6865 
6766 
6865 
6866 
6767 
6866 
6867 
6768 
6867 
6868 
6769 
6868 
6869 
6770 
6869 
6870 
6771 
6870 
6871 
6772 
6871 
6872 
6773 
6872 
6873 
6774 
6873 
6874 
6775 
6874 
6875 
6776 
6875 
6876 
6777 
6876 
6877 
6778 
6877 
6878 
6779 
6878 
6879 
6780 
6879 
6880 
6781 
6880 
6881 
6782 
6881 
6882 
6783 
6882 
6883 
6784 
6883 
6884 
6785 
6884 
6885 
6786 
6885 
6886 
6787 
6886 
6887 
6788 
6887 
6888 
6789 
6888 
6889 
6790 
6889 
6890 
6791 
6890 
6891 
6792 
6891 
6892 
6793 
6892 
6893 
6794 
6893 
6894 
6795 
6894 
6895 
6796 
6895 
6896 
6797 
6896 
6897 
6798 
6897 
6898 
6898 
6801 
6900 
6901 
6802 
6901 
6902 
6803 
6902 
6903 
6804 
6903 
6904 
6805 
6904 
6905 
6806 
6905 
6906 
6807 
6906 
6907 
6808 
6907 
6908 
6809 
6908 
6909 
6810 
6909 
6910 
6811 
6910 
6911 
6812 
6911 
6912 
6813 
6912 
6913 
6814 
6913 
6914 
6815 
6914 
6915 
6816 
6915 
6916 
6817 
6916 
6917 
6818 
6917 
6918 
6819 
6918 
6919 
6820 
6919 
6920 
6821 
6920 
6921 
6822 
6921 
6922 
6823 
6922 
6923 
6824 
6923 
6924 
6825 
6924 
6925 
6826 
6925 
6926 
6827 
6926 
6927 
6828 
6927 
6928 
6829 
6928 
6929 
6830 
6929 
6930 
6831 
6930 
6931 
6832 
6931 
6932 
6833 
6932 
6933 
6834 
6933 
6934 
6835 
6934 
6935 
6836 
6935 
6936 
6837 
6936 
6937 
6838 
6937 
6938 
6839 
6938 
6939 
6840 
6939 
6940 
6841 
6940 
6941 
6842 
6941 
6942 
6843 
6942 
6943 
6844 
6943 
6944 
6845 
6944 
6945 
6846 
6945 
6946 
6847 
6946 
6947 
6848 
6947 
6948 
6849 
6948 
6949 
6850 
6949 
6950 
6851 
6950 
6951 
6852 
6951 
6952 
6853 
6952 
6953 
6854 
6953 
6954 
6855 
6954 
6955 
6856 
6955 
6956 
6857 
6956 
6957 
6858 
6957 
6958 
6859 
6958 
6959 
6860 
6959 
6960 
6861 
6960 
6961 
6862 
6961 
6962 
6863 
6962 
6963 
6864 
6963 
6964 
6865 
6964 
6965 
6866 
6965 
6966 
6867 
6966 
6967 
6868 
6967 
6968 
6869 
6968 
6969 
6870 
6969 
6970 
6871 
6970 
6971 
6872 
6971 
6972 
6873 
6972 
6973 
6874 
6973 
6974 
6875 
6974 
6975 
6876 
6975 
6976 
6877 
6976 
6977 
6878 
6977 
6978 
6879 
6978 
6979 
6880 
6979 
6980 
6881 
6980 
6981 
6882 
6981 
6982 
6883 
6982 
6983 
6884 
6983 
6984 
6885 
6984 
6985 
6886 
6985 
6986 
6887 
6986 
6987 
6888 
6987 
6988 
6889 
6988 
6989 
6890 
6989 
6990 
6891 
6990 
6991 
6892 
6991 
6992 
6893 
6992 
6993 
6894 
6993 
6994 
6895 
6994 
6995 
6896 
6995 
6996 
6897 
6996 
6997 
6898 
6997 
6998 
6998 
6901 
7000 
7001 
6902 
7001 
7002 
6903 
7002 
7003 
6904 
7003 
7004 
6905 
7004 
7005 
6906 
7005 
7006 
6907 
7006 
7007 
6908 
7007 
7008 
6909 
7008 
7009 
6910 
7009 
7010 
6911 
7010 
7011 
6912 
7011 
7012 
6913 
7012 
7013 
6914 
7013 
7014 
6915 
7014 
7015 
6916 
7015 
7016 
6917 
7016 
7017 
6918 
7017 
7018 
6919 
7018 
7019 
6920 
7019 
7020 
6921 
7020 
7021 
6922 
7021 
7022 
6923 
7022 
7023 
6924 
7023 
7024 
6925 
7024 
7025 
6926 
7025 
7026 
6927 
7026 
7027 
6928 
7027 
7028 
6929 
7028 
7029 
6930 
7029 
7030 
6931 
7030 
7031 
6932 
7031 
7032 
6933 
7032 
7033 
6934 
7033 
7034 
6935 
7034 
7035 
6936 
7035 
7036 
6937 
7036 
7037 
6938 
7037 
7038 
6939 
7038 
7039 
6940 
7039 
7040 
6941 
7040 
7041 
6942 
7041 
7042 
6943 
7042 
7043 
6944 
7043 
7044 
6945 
7044 
7045 
6946 
7045 
7046 
6947 
7046 
7047 
6948 
7047 
7048 
6949 
7048 
7049 
6950 
7049 
7050 
6951 
7050 
7051 
6952 
7051 
7052 
6953 
7052 
7053 
6954 
7053 
7054 
6955 
7054 
7055 
6956 
7055 
7056 
6957 
7056 
7057 
6958 
7057 
7058 
6959 
7058 
7059 
6960 
7059 
7060 
6961 
7060 
7061 
6962 
7061 
7062 
6963 
7062 
7063 
6964 
7063 
7064 
6965 
7064 
7065 
6966 
7065 
7066 
6967 
7066 
7067 
6968 
7067 
7068 
6969 
7068 
7069 
6970 
7069 
7070 
6971 
7070 
7071 
6972 
7071 
7072 
6973 
7072 
7073 
6974 
7073 
7074 
6975 
7074 
7075 
6976 
7075 
7076 
6977 
7076 
7077 
6978 
7077 
7078 
6979 
7078 
7079 
6980 
7079 
7080 
6981 
7080 
7081 
6982 
7081 
7082 
6983 
7082 
7083 
6984 
7083 
7084 
6985 
7084 
7085 
6986 
7085 
7086 
6987 
7086 
7087 
6988 
7087 
7088 
6989 
7088 
7089 
6990 
7089 
7090 
6991 
7090 
7091 
6992 
7091 
7092 
6993 
7092 
7093 
6994 
7093 
7094 
6995 
7094 
7095 
6996 
7095 
7096 
6997 
7096 
7097 
6998 
7097 
7098 
7098 
7001 
7100 
7101 
7002 
7101 
7102 
7003 
7102 
7103 
7004 
7103 
7104 
7005 
7104 
7105 
7006 
7105 
7106 
7007 
7106 
7107 
7008 
7107 
7108 
7009 
7108 
7109 
7010 
7109 
7110 
7011 
7110 
7111 
7012 
7111 
7112 
7013 
7112 
7113 
7014 
7113 
7114 
7015 
7114 
7115 
7016 
7115 
7116 
7017 
7116 
7117 
7018 
7117 
7118 
7019 
7118 
7119 
7020 
7119 
7120 
7021 
7120 
7121 
7022 
7121 
7122 
7023 
7122 
7123 
7024 
7123 
7124 
7025 
7124 
7125 
7026 
7125 
7126 
7027 
7126 
7127 
7028 
7127 
7128 
7029 
7128 
7129 
7030 
7129 
7130 
7031 
7130 
7131 
7032 
7131 
7132 
7033 
7132 
7133 
7034 
7133 
7134 
7035 
7134 
7135 
7036 
7135 
7136 
7037 
7136 
7137 
7038 
7137 
7138 
7039 
7138 
7139 
7040 
7139 
7140 
7041 
7140 
7141 
7042 
7141 
7142 
7043 
7142 
7143 
7044 
7143 
7144 
7045 
7144 
7145 
7046 
7145 
7146 
7047 
7146 
7147 
7048 
7147 
7148 
7049 
7148 
7149 
7050 
7149 
7150 
7051 
7150 
7151 
7052 
7151 
7152 
7053 
7152 
7153 
7054 
7153 
7154 
7055 
7154 
7155 
7056 
7155 
7156 
7057 
7156 
7157 
7058 
7157 
7158 
7059 
7158 
7159 
7060 
7159 
7160 
7061 
7160 
7161 
7062 
7161 
7162 
7063 
7162 
7163 
7064 
7163 
7164 
7065 
7164 
7165 
7066 
7165 
7166 
7067 
7166 
7167 
7068 
7167 
7168 
7069 
7168 
7169 
7070 
7169 
7170 
7071 
7170 
7171 
7072 
7171 
7172 
7073 
7172 
7173 
7074 
7173 
7174 
7075 
7174 
7175 
7076 
7175 
7176 
7077 
7176 
7177 
7078 
7177 
7178 
7079 
7178 
7179 
7080 
7179 
7180 
7081 
7180 
7181 
7082 
7181 
7182 
7083 
7182 
7183 
7084 
7183 
7184 
7085 
7184 
7185 
7086 
7185 
7186 
7087 
7186 
7187 
7088 
7187 
7188 
7089 
7188 
7189 
7090 
7189 
7190 
7091 
7190 
7191 
7092 
7191 
7192 
7093 
7192 
7193 
7094 
7193 
7194 
7095 
7194 
7195 
7096 
7195 
7196 
7097 
7196 
7197 
7098 
7197 
7198 
7198 
7101 
7200 
7201 
7102 
7201 
7202 
7103 
7202 
7203 
7104 
7203 
7204 
7105 
7204 
7205 
7106 
7205 
7206 
7107 
7206 
7207 
7108 
7207 
7208 
7109 
7208 
7209 
7110 
7209 
7210 
7111 
7210 
7211 
7112 
7211 
7212 
7113 
7212 
7213 
7114 
7213 
7214 
7115 
7214 
7215 
7116 
7215 
7216 
7117 
7216 
7217 
7118 
7217 
7218 
7119 
7218 
7219 
7120 
7219 
7220 
7121 
7220 
7221 
7122 
7221 
7222 
7123 
7222 
7223 
7124 
7223 
7224 
7125 
7224 
7225 
7126 
7225 
7226 
7127 
7226 
7227 
7128 
7227 
7228 
7129 
7228 
7229 
7130 
7229 
7230 
7131 
7230 
7231 
7132 
7231 
7232 
7133 
7232 
7233 
7134 
7233 
7234 
7135 
7234 
7235 
7136 
7235 
7236 
7137 
7236 
7237 
7138 
7237 
7238 
7139 
7238 
7239 
7140 
7239 
7240 
7141 
7240 
7241 
7142 
7241 
7242 
7143 
7242 
7243 
7144 
7243 
7244 
7145 
7244 
7245 
7146 
7245 
7246 
7147 
7246 
7247 
7148 
7247 
7248 
7149 
7248 
7249 
7150 
7249 
7250 
7151 
7250 
7251 
7152 
7251 
7252 
7153 
7252 
7253 
7154 
7253 
7254 
7155 
7254 
7255 
7156 
7255 
7256 
7157 
7256 
7257 
7158 
7257 
7258 
7159 
7258 
7259 
7160 
7259 
7260 
7161 
7260 
7261 
7162 
7261 
7262 
7163 
7262 
7263 
7164 
7263 
7264 
7165 
7264 
7265 
7166 
7265 
7266 
7167 
7266 
7267 
7168 
7267 
7268 
7169 
7268 
7269 
7170 
7269 
7270 
7171 
7270 
7271 
7172 
7271 
7272 
7173 
7272 
7273 
7174 
7273 
7274 
7175 
7274 
7275 
7176 
7275 
7276 
7177 
7276 
7277 
7178 
7277 
7278 
7179 
7278 
7279 
7180 
7279 
7280 
7181 
7280 
7281 
7182 
7281 
7282 
7183 
7282 
7283 
7184 
7283 
7284 
7185 
7284 
7285 
7186 
7285 
7286 
7187 
7286 
7287 
7188 
7287 
7288 
7189 
7288 
7289 
7190 
7289 
7290 
7191 
7290 
7291 
7192 
7291 
7292 
7193 
7292 
7293 
7194 
7293 
7294 
7195 
7294 
7295 
7196 
7295 
7296 
7197 
7296 
7297 
7198 
7297 
7298 
7298 
7201 
7300 
7301 
7202 
7301 
7302 
7203 
7302 
7303 
7204 
7303 
7304 
7205 
7304 
7305 
7206 
7305 
7306 
7207 
7306 
7307 
7208 
7307 
7308 
7209 
7308 
7309 
7210 
7309 
7310 
7211 
7310 
7311 
7212 
7311 
7312 
7213 
7312 
7313 
7214 
7313 
7314 
7215 
7314 
7315 
7216 
7315 
7316 
7217 
7316 
7317 
7218 
7317 
7318 
7219 
7318 
7319 
7220 
7319 
7320 
7221 
7320 
7321 
7222 
7321 
7322 
7223 
7322 
7323 
7224 
7323 
7324 
7225 
7324 
7325 
7226 
7325 
7326 
7227 
7326 
7327 
7228 
7327 
7328 
7229 
7328 
7329 
7230 
7329 
7330 
7231 
7330 
7331 
7232 
7331 
7332 
7233 
7332 
7333 
7234 
7333 
7334 
7235 
7334 
7335 
7236 
7335 
7336 
7237 
7336 
7337 
7238 
7337 
7338 
7239 
7338 
7339 
7240 
7339 
7340 
7241 
7340 
7341 
7242 
7341 
7342 
7243 
7342 
7343 
7244 
7343 
7344 
7245 
7344 
7345 
7246 
7345 
7346 
7247 
7346 
7347 
7248 
7347 
7348 
7249 
7348 
7349 
7250 
7349 
7350 
7251 
7350 
7351 
7252 
7351 
7352 
7253 
7352 
7353 
7254 
7353 
7354 
7255 
7354 
7355 
7256 
7355 
7356 
7257 
7356 
7357 
7258 
7357 
7358 
7259 
7358 
7359 
7260 
7359 
7360 
7261 
7360 
7361 
7262 
7361 
7362 
7263 
7362 
7363 
7264 
7363 
7364 
7265 
7364 
7365 
7266 
7365 
7366 
7267 
7366 
7367 
7268 
7367 
7368 
7269 
7368 
7369 
7270 
7369 
7370 
7271 
7370 
7371 
7272 
7371 
7372 
7273 
7372 
7373 
7274 
7373 
7374 
7275 
7374 
7375 
7276 
7375 
7376 
7277 
7376 
7377 
7278 
7377 
7378 
7279 
7378 
7379 
7280 
7379 
7380 
7281 
7380 
7381 
7282 
7381 
7382 
7283 
7382 
7383 
7284 
7383 
7384 
7285 
7384 
7385 
7286 
7385 
7386 
7287 
7386 
7387 
7288 
7387 
7388 
7289 
7388 
7389 
7290 
7389 
7390 
7291 
7390 
7391 
7292 
7391 
7392 
7293 
7392 
7393 
7294 
7393 
7394 
7295 
7394 
7395 
7296 
7395 
7396 
7297 
7396 
7397 
7298 
7397 
7398 
7398 
7301 
7400 
7401 
7302 
7401 
7402 
7303 
7402 
7403 
7304 
7403 
7404 
7305 
7404 
7405 
7306 
7405 
7406 
7307 
7406 
7407 
7308 
7407 
7408 
7309 
7408 
7409 
7310 
7409 
7410 
7311 
7410 
7411 
7312 
7411 
7412 
7313 
7412 
7413 
7314 
7413 
7414 
7315 
7414 
7415 
7316 
7415 
7416 
7317 
7416 
7417 
7318 
7417 
7418 
7319 
7418 
7419 
7320 
7419 
7420 
7321 
7420 
7421 
7322 
7421 
7422 
7323 
7422 
7423 
7324 
7423 
7424 
7325 
7424 
7425 
7326 
7425 
7426 
7327 
7426 
7427 
7328 
7427 
7428 
7329 
7428 
7429 
7330 
7429 
7430 
7331 
7430 
7431 
7332 
7431 
7432 
7333 
7432 
7433 
7334 
7433 
7434 
7335 
7434 
7435 
7336 
7435 
7436 
7337 
7436 
7437 
7338 
7437 
7438 
7339 
7438 
7439 
7340 
7439 
7440 
7341 
7440 
7441 
7342 
7441 
7442 
7343 
7442 
7443 
7344 
7443 
7444 
7345 
7444 
7445 
7346 
7445 
7446 
7347 
7446 
7447 
7348 
7447 
7448 
7349 
7448 
7449 
7350 
7449 
7450 
7351 
7450 
7451 
7352 
7451 
7452 
7353 
7452 
7453 
7354 
7453 
7454 
7355 
7454 
7455 
7356 
7455 
7456 
7357 
7456 
7457 
7358 
7457 
7458 
7359 
7458 
7459 
7360 
7459 
7460 
7361 
7460 
7461 
7362 
7461 
7462 
7363 
7462 
7463 
7364 
7463 
7464 
7365 
7464 
7465 
7366 
7465 
7466 
7367 
7466 
7467 
7368 
7467 
7468 
7369 
7468 
7469 
7370 
7469 
7470 
7371 
7470 
7471 
7372 
7471 
7472 
7373 
7472 
7473 
7374 
7473 
7474 
7375 
7474 
7475 
7376 
7475 
7476 
7377 
7476 
7477 
7378 
7477 
7478 
7379 
7478 
7479 
7380 
7479 
7480 
7381 
7480 
7481 
7382 
7481 
7482 
7383 
7482 
7483 
7384 
7483 
7484 
7385 
7484 
7485 
7386 
7485 
7486 
7387 
7486 
7487 
7388 
7487 
7488 
7389 
7488 
7489 
7390 
7489 
7490 
7391 
7490 
7491 
7392 
7491 
7492 
7393 
7492 
7493 
7394 
7493 
7494 
7395 
7494 
7495 
7396 
7495 
7496 
7397 
7496 
7497 
7398 
7497 
7498 
7498 
7401 
7500 
7501 
7402 
7501 
7502 
7403 
7502 
7503 
7404 
7503 
7504 
7405 
7504 
7505 
7406 
7505 
7506 
7407 
7506 
7507 
7408 
7507 
7508 
7409 
7508 
7509 
7410 
7509 
7510 
7411 
7510 
7511 
7412 
7511 
7512 
7413 
7512 
7513 
7414 
7513 
7514 
7415 
7514 
7515 
7416 
7515 
7516 
7417 
7516 
7517 
7418 
7517 
7518 
7419 
7518 
7519 
7420 
7519 
7520 
7421 
7520 
7521 
7422 
7521 
7522 
7423 
7522 
7523 
7424 
7523 
7524 
7425 
7524 
7525 
7426 
7525 
7526 
7427 
7526 
7527 
7428 
7527 
7528 
7429 
7528 
7529 
7430 
7529 
7530 
7431 
7530 
7531 
7432 
7531 
7532 
7433 
7532 
7533 
7434 
7533 
7534 
7435 
7534 
7535 
7436 
7535 
7536 
7437 
7536 
7537 
7438 
7537 
7538 
7439 
7538 
7539 
7440 
7539 
7540 
7441 
7540 
7541 
7442 
7541 
7542 
7443 
7542 
7543 
7444 
7543 
7544 
7445 
7544 
7545 
7446 
7545 
7546 
7447 
7546 
7547 
7448 
7547 
7548 
7449 
7548 
7549 
7450 
7549 
7550 
7451 
7550 
7551 
7452 
7551 
7552 
7453 
7552 
7553 
7454 
7553 
7554 
7455 
7554 
7555 
7456 
7555 
7556 
7457 
7556 
7557 
7458 
7557 
7558 
7459 
7558 
7559 
7460 
7559 
7560 
7461 
7560 
7561 
7462 
7561 
7562 
7463 
7562 
7563 
7464 
7563 
7564 
7465 
7564 
7565 
7466 
7565 
7566 
7467 
7566 
7567 
7468 
7567 
7568 
7469 
7568 
7569 
7470 
7569 
7570 
7471 
7570 
7571 
7472 
7571 
7572 
7473 
7572 
7573 
7474 
7573 
7574 
7475 
7574 
7575 
7476 
7575 
7576 
7477 
7576 
7577 
7478 
7577 
7578 
7479 
7578 
7579 
7480 
7579 
7580 
7481 
7580 
7581 
7482 
7581 
7582 
7483 
7582 
7583 
7484 
7583 
7584 
7485 
7584 
7585 
7486 
7585 
7586 
7487 
7586 
7587 
7488 
7587 
7588 
7489 
7588 
7589 
7490 
7589 
7590 
7491 
7590 
7591 
7492 
7591 
7592 
7493 
7592 
7593 
7494 
7593 
7594 
7495 
7594 
7595 
7496 
7595 
7596 
7497 
7596 
7597 
7498 
7597 
7598 
7598 
7501 
7600 
7601 
7502 
7601 
7602 
7503 
7602 
7603 
7504 
7603 
7604 
7505 
7604 
7605 
7506 
7605 
7606 
7507 
7606 
7607 
7508 
7607 
7608 
7509 
7608 
7609 
7510 
7609 
7610 
7511 
7610 
7611 
7512 
7611 
7612 
7513 
7612 
7613 
7514 
7613 
7614 
7515 
7614 
7615 
7516 
7615 
7616 
7517 
7616 
7617 
7518 
7617 
7618 
7519 
7618 
7619 
7520 
7619 
7620 
7521 
7620 
7621 
7522 
7621 
7622 
7523 
7622 
7623 
7524 
7623 
7624 
7525 
7624 
7625 
7526 
7625 
7626 
7527 
7626 
7627 
7528 
7627 
7628 
7529 
7628 
7629 
7530 
7629 
7630 
7531 
7630 
7631 
7532 
7631 
7632 
7533 
7632 
7633 
7534 
7633 
7634 
7535 
7634 
7635 
7536 
7635 
7636 
7537 
7636 
7637 
7538 
7637 
7638 
7539 
7638 
7639 
7540 
7639 
7640 
7541 
7640 
7641 
7542 
7641 
7642 
7543 
7642 
7643 
7544 
7643 
7644 
7545 
7644 
7645 
7546 
7645 
7646 
7547 
7646 
7647 
7548 
7647 
7648 
7549 
7648 
7649 
7550 
7649 
7650 
7551 
7650 
7651 
7552 
7651 
7652 
7553 
7652 
7653 
7554 
7653 
7654 
7555 
7654 
7655 
7556 
7655 
7656 
7557 
7656 
7657 
7558 
7657 
7658 
7559 
7658 
7659 
7560 
7659 
7660 
7561 
7660 
7661 
7562 
7661 
7662 
7563 
7662 
7663 
7564 
7663 
7664 
7565 
7664 
7665 
7566 
7665 
7666 
7567 
7666 
7667 
7568 
7667 
7668 
7569 
7668 
7669 
7570 
7669 
7670 
7571 
7670 
7671 
7572 
7671 
7672 
7573 
7672 
7673 
7574 
7673 
7674 
7575 
7674 
7675 
7576 
7675 
7676 
7577 
7676 
7677 
7578 
7677 
7678 
7579 
7678 
7679 
7580 
7679 
7680 
7581 
7680 
7681 
7582 
7681 
7682 
7583 
7682 
7683 
7584 
7683 
7684 
7585 
7684 
7685 
7586 
7685 
7686 
7587 
7686 
7687 
7588 
7687 
7688 
7589 
7688 
7689 
7590 
7689 
7690 
7591 
7690 
7691 
7592 
7691 
7692 
7593 
7692 
7693 
7594 
7693 
7694 
7595 
7694 
7695 
7596 
7695 
7696 
7597 
7696 
7697 
7598 
7697 
7698 
7698 
7601 
7700 
7701 
7602 
7701 
7702 
7603 
7702 
7703 
7604 
7703 
7704 
7605 
7704 
7705 
7606 
7705 
7706 
7607 
7706 
7707 
7608 
7707 
7708 
7609 
7708 
7709 
7610 
7709 
7710 
7611 
7710 
7711 
7612 
7711 
7712 
7613 
7712 
7713 
7614 
7713 
7714 
7615 
7714 
7715 
7616 
7715 
7716 
7617 
7716 
7717 
7618 
7717 
7718 
7619 
7718 
7719 
7620 
7719 
7720 
7621 
7720 
7721 
7622 
7721 
7722 
7623 
7722 
7723 
7624 
7723 
7724 
7625 
7724 
7725 
7626 
7725 
7726 
7627 
7726 
7727 
7628 
7727 
7728 
7629 
7728 
7729 
7630 
7729 
7730 
7631 
7730 
7731 
7632 
7731 
7732 
7633 
7732 
7733 
7634 
7733 
7734 
7635 
7734 
7735 
7636 
7735 
7736 
7637 
7736 
7737 
7638 
7737 
7738 
7639 
7738 
7739 
7640 
7739 
7740 
7641 
7740 
7741 
7642 
7741 
7742 
7643 
7742 
7743 
7644 
7743 
7744 
7645 
7744 
7745 
7646 
7745 
7746 
7647 
7746 
7747 
7648 
7747 
7748 
7649 
7748 
7749 
7650 
7749 
7750 
7651 
7750 
7751 
7652 
7751 
7752 
7653 
7752 
7753 
7654 
7753 
7754 
7655 
7754 
7755 
7656 
7755 
7756 
7657 
7756 
7757 
7658 
7757 
7758 
7659 
7758 
7759 
7660 
7759 
7760 
7661 
7760 
7761 
7662 
7761 
7762 
7663 
7762 
7763 
7664 
7763 
7764 
7665 
7764 
7765 
7666 
7765 
7766 
7667 
7766 
7767 
7668 
7767 
7768 
7669 
7768 
7769 
7670 
7769 
7770 
7671 
7770 
7771 
7672 
7771 
7772 
7673 
7772 
7773 
7674 
7773 
7774 
7675 
7774 
7775 
7676 
7775 
7776 
7677 
7776 
7777 
7678 
7777 
7778 
7679 
7778 
7779 
7680 
7779 
7780 
7681 
7780 
7781 
7682 
7781 
7782 
7683 
7782 
7783 
7684 
7783 
7784 
7685 
7784 
7785 
7686 
7785 
7786 
7687 
7786 
7787 
7688 
7787 
7788 
7689 
7788 
7789 
7690 
7789 
7790 
7691 
7790 
7791 
7692 
7791 
7792 
7693 
7792 
7793 
7694 
7793 
7794 
7695 
7794 
7795 
7696 
7795 
7796 
7697 
7796 
7797 
7698 
7797 
7798 
7798 
7701 
7800 
7801 
7702 
7801 
7802 
7703 
7802 
7803 
7704 
7803 
7804 
7705 
7804 
7805 
7706 
7805 
7806 
7707 
7806 
7807 
7708 
7807 
7808 
7709 
7808 
7809 
7710 
7809 
7810 
7711 
7810 
7811 
7712 
7811 
7812 
7713 
7812 
7813 
7714 
7813 
7814 
7715 
7814 
7815 
7716 
7815 
7816 
7717 
7816 
7817 
7718 
7817 
7818 
7719 
7818 
7819 
7720 
7819 
7820 
7721 
7820 
7821 
7722 
7821 
7822 
7723 
7822 
7823 
7724 
7823 
7824 
7725 
7824 
7825 
7726 
7825 
7826 
7727 
7826 
7827 
7728 
7827 
7828 
7729 
7828 
7829 
7730 
7829 
7830 
7731 
7830 
7831 
7732 
7831 
7832 
7733 
7832 
7833 
7734 
7833 
7834 
7735 
7834 
7835 
7736 
7835 
7836 
7737 
7836 
7837 
7738 
7837 
7838 
7739 
7838 
7839 
7740 
7839 
7840 
7741 
7840 
7841 
7742 
7841 
7842 
7743 
7842 
7843 
7744 
7843 
7844 
7745 
7844 
7845 
7746 
7845 
7846 
7747 
7846 
7847 
7748 
7847 
7848 
7749 
7848 
7849 
7750 
7849 
7850 
7751 
7850 
7851 
7752 
7851 
7852 
7753 
7852 
7853 
7754 
7853 
7854 
7755 
7854 
7855 
7756 
7855 
7856 
7757 
7856 
7857 
7758 
7857 
7858 
7759 
7858 
7859 
7760 
7859 
7860 
7761 
7860 
7861 
7762 
7861 
7862 
7763 
7862 
7863 
7764 
7863 
7864 
7765 
7864 
7865 
7766 
7865 
7866 
7767 
7866 
7867 
7768 
7867 
7868 
7769 
7868 
7869 
7770 
7869 
7870 
7771 
7870 
7871 
7772 
7871 
7872 
7773 
7872 
7873 
7774 
7873 
7874 
7775 
7874 
7875 
7776 
7875 
7876 
7777 
7876 
7877 
7778 
7877 
7878 
7779 
7878 
7879 
7780 
7879 
7880 
7781 
7880 
7881 
7782 
7881 
7882 
7783 
7882 
7883 
7784 
7883 
7884 
7785 
7884 
7885 
7786 
7885 
7886 
7787 
7886 
7887 
7788 
7887 
7888 
7789 
7888 
7889 
7790 
7889 
7890 
7791 
7890 
7891 
7792 
7891 
7892 
7793 
7892 
7893 
7794 
7893 
7894 
7795 
7894 
7895 
7796 
7895 
7896 
7797 
7896 
7897 
7798 
7897 
7898 
7898 
7801 
7900 
7901 
7802 
7901 
7902 
7803 
7902 
7903 
7804 
7903 
7904 
7805 
7904 
7905 
7806 
7905 
7906 
7807 
7906 
7907 
7808 
7907 
7908 
7809 
7908 
7909 
7810 
7909 
7910 
7811 
7910 
7911 
7812 
7911 
7912 
7813 
7912 
7913 
7814 
7913 
7914 
7815 
7914 
7915 
7816 
7915 
7916 
7817 
7916 
7917 
7818 
7917 
7918 
7819 
7918 
7919 
7820 
7919 
7920 
7821 
7920 
7921 
7822 
7921 
7922 
7823 
7922 
7923 
7824 
7923 
7924 
7825 
7924 
7925 
7826 
7925 
7926 
7827 
7926 
7927 
7828 
7927 
7928 
7829 
7928 
7929 
7830 
7929 
7930 
7831 
7930 
7931 
7832 
7931 
7932 
7833 
7932 
7933 
7834 
7933 
7934 
7835 
7934 
7935 
7836 
7935 
7936 
7837 
7936 
7937 
7838 
7937 
7938 
7839 
7938 
7939 
7840 
7939 
7940 
7841 
7940 
7941 
7842 
7941 
7942 
7843 
7942 
7943 
7844 
7943 
7944 
7845 
7944 
7945 
7846 
7945 
7946 
7847 
7946 
7947 
7848 
7947 
7948 
7849 
7948 
7949 
7850 
7949 
7950 
7851 
7950 
7951 
7852 
7951 
7952 
7853 
7952 
7953 
7854 
7953 
7954 
7855 
7954 
7955 
7856 
7955 
7956 
7857 
7956 
7957 
7858 
7957 
7958 
7859 
7958 
7959 
7860 
7959 
7960 
7861 
7960 
7961 
7862 
7961 
7962 
7863 
7962 
7963 
7864 
7963 
7964 
7865 
7964 
7965 
7866 
7965 
7966 
7867 
7966 
7967 
7868 
7967 
7968 
7869 
7968 
7969 
7870 
7969 
7970 
7871 
7970 
7971 
7872 
7971 
7972 
7873 
7972 
7973 
7874 
7973 
7974 
7875 
7974 
7975 
7876 
7975 
7976 
7877 
7976 
7977 
7878 
7977 
7978 
7879 
7978 
7979 
7880 
7979 
7980 
7881 
7980 
7981 
7882 
7981 
7982 
7883 
7982 
7983 
7884 
7983 
7984 
7885 
7984 
7985 
7886 
7985 
7986 
7887 
7986 
7987 
7888 
7987 
7988 
7889 
7988 
7989 
7890 
7989 
7990 
7891 
7990 
7991 
7892 
7991 
7992 
7893 
7992 
7993 
7894 
7993 
7994 
7895 
7994 
7995 
7896 
7995 
7996 
7897 
7996 
7997 
7898 
7997 
7998 
7998 
7901 
8000 
8001 
7902 
8001 
8002 
7903 
8002 
8003 
7904 
8003 
8004 
7905 
8004 
8005 
7906 
8005 
8006 
7907 
8006 
8007 
7908 
8007 
8008 
7909 
8008 
8009 
7910 
8009 
8010 
7911 
8010 
8011 
7912 
8011 
8012 
7913 
8012 
8013 
7914 
8013 
8014 
7915 
8014 
8015 
7916 
8015 
8016 
7917 
8016 
8017 
7918 
8017 
8018 
7919 
8018 
8019 
7920 
8019 
8020 
7921 
8020 
8021 
7922 
8021 
8022 
7923 
8022 
8023 
7924 
8023 
8024 
7925 
8024 
8025 
7926 
8025 
8026 
7927 
8026 
8027 
7928 
8027 
8028 
7929 
8028 
8029 
7930 
8029 
8030 
7931 
8030 
8031 
7932 
8031 
8032 
7933 
8032 
8033 
7934 
8033 
8034 
7935 
8034 
8035 
7936 
8035 
8036 
7937 
8036 
8037 
7938 
8037 
8038 
7939 
8038 
8039 
7940 
8039 
8040 
7941 
8040 
8041 
7942 
8041 
8042 
7943 
8042 
8043 
7944 
8043 
8044 
7945 
8044 
8045 
7946 
8045 
8046 
7947 
8046 
8047 
7948 
8047 
8048 
7949 
8048 
8049 
7950 
8049 
8050 
7951 
8050 
8051 
7952 
8051 
8052 
7953 
8052 
8053 
7954 
8053 
8054 
7955 
8054 
8055 
7956 
8055 
8056 
7957 
8056 
8057 
7958 
8057 
8058 
7959 
8058 
8059 
7960 
8059 
8060 
7961 
8060 
8061 
7962 
8061 
8062 
7963 
8062 
8063 
7964 
8063 
8064 
7965 
8064 
8065 
7966 
8065 
8066 
7967 
8066 
8067 
7968 
8067 
8068 
7969 
8068 
8069 
7970 
8069 
8070 
7971 
8070 
8071 
7972 
8071 
8072 
7973 
8072 
8073 
7974 
8073 
8074 
7975 
8074 
8075 
7976 
8075 
8076 
7977 
8076 
8077 
7978 
8077 
8078 
7979 
8078 
8079 
7980 
8079 
8080 
7981 
8080 
8081 
7982 
8081 
8082 
7983 
8082 
8083 
7984 
8083 
8084 
7985 
8084 
8085 
7986 
8085 
8086 
7987 
8086 
8087 
7988 
8087 
8088 
7989 
8088 
8089 
7990 
8089 
8090 
7991 
8090 
8091 
7992 
8091 
8092 
7993 
8092 
8093 
7994 
8093 
8094 
7995 
8094 
8095 
7996 
8095 
8096 
7997 
8096 
8097 
7998 
8097 
8098 
8098 
8001 
8100 
8101 
8002 
8101 
8102 
8003 
8102 
8103 
8004 
8103 
8104 
8005 
8104 
8105 
8006 
8105 
8106 
8007 
8106 
8107 
8008 
8107 
8108 
8009 
8108 
8109 
8010 
8109 
8110 
8011 
8110 
8111 
8012 
8111 
8112 
8013 
8112 
8113 
8014 
8113 
8114 
8015 
8114 
8115 
8016 
8115 
8116 
8017 
8116 
8117 
8018 
8117 
8118 
8019 
8118 
8119 
8020 
8119 
8120 
8021 
8120 
8121 
8022 
8121 
8122 
8023 
8122 
8123 
8024 
8123 
8124 
8025 
8124 
8125 
8026 
8125 
8126 
8027 
8126 
8127 
8028 
8127 
8128 
8029 
8128 
8129 
8030 
8129 
8130 
8031 
8130 
8131 
8032 
8131 
8132 
8033 
8132 
8133 
8034 
8133 
8134 
8035 
8134 
8135 
8036 
8135 
8136 
8037 
8136 
8137 
8038 
8137 
8138 
8039 
8138 
8139 
8040 
8139 
8140 
8041 
8140 
8141 
8042 
8141 
8142 
8043 
8142 
8143 
8044 
8143 
8144 
8045 
8144 
8145 
8046 
8145 
8146 
8047 
8146 
8147 
8048 
8147 
8148 
8049 
8148 
8149 
8050 
8149 
8150 
8051 
8150 
8151 
8052 
8151 
8152 
8053 
8152 
8153 
8054 
8153 
8154 
8055 
8154 
8155 
8056 
8155 
8156 
8057 
8156 
8157 
8058 
8157 
8158 
8059 
8158 
8159 
8060 
8159 
8160 
8061 
8160 
8161 
8062 
8161 
8162 
8063 
8162 
8163 
8064 
8163 
8164 
8065 
8164 
8165 
8066 
8165 
8166 
8067 
8166 
8167 
8068 
8167 
8168 
8069 
8168 
8169 
8070 
8169 
8170 
8071 
8170 
8171 
8072 
8171 
8172 
8073 
8172 
8173 
8074 
8173 
8174 
8075 
8174 
8175 
8076 
8175 
8176 
8077 
8176 
8177 
8078 
8177 
8178 
8079 
8178 
8179 
8080 
8179 
8180 
8081 
8180 
8181 
8082 
8181 
8182 
8083 
8182 
8183 
8084 
8183 
8184 
8085 
8184 
8185 
8086 
8185 
8186 
8087 
8186 
8187 
8088 
8187 
8188 
8089 
8188 
8189 
8090 
8189 
8190 
8091 
8190 
8191 
8092 
8191 
8192 
8093 
8192 
8193 
8094 
8193 
8194 
8095 
8194 
8195 
8096 
8195 
8196 
8097 
8196 
8197 
8098 
8197 
8198 
8198 
8101 
8200 
8201 
8102 
8201 
8202 
8103 
8202 
8203 
8104 
8203 
8204 
8105 
8204 
8205 
8106 
8205 
8206 
8107 
8206 
8207 
8108 
8207 
8208 
8109 
8208 
8209 
8110 
8209 
8210 
8111 
8210 
8211 
8112 
8211 
8212 
8113 
8212 
8213 
8114 
8213 
8214 
8115 
8214 
8215 
8116 
8215 
8216 
8117 
8216 
8217 
8118 
8217 
8218 
8119 
8218 
8219 
8120 
8219 
8220 
8121 
8220 
8221 
8122 
8221 
8222 
8123 
8222 
8223 
8124 
8223 
8224 
8125 
8224 
8225 
8126 
8225 
8226 
8127 
8226 
8227 
8128 
8227 
8228 
8129 
8228 
8229 
8130 
8229 
8230 
8131 
8230 
8231 
8132 
8231 
8232 
8133 
8232 
8233 
8134 
8233 
8234 
8135 
8234 
8235 
8136 
8235 
8236 
8137 
8236 
8237 
8138 
8237 
8238 
8139 
8238 
8239 
8140 
8239 
8240 
8141 
8240 
8241 
8142 
8241 
8242 
8143 
8242 
8243 
8144 
8243 
8244 
8145 
8244 
8245 
8146 
8245 
8246 
8147 
8246 
8247 
8148 
8247 
8248 
8149 
8248 
8249 
8150 
8249 
8250 
8151 
8250 
8251 
8152 
8251 
8252 
8153 
8252 
8253 
8154 
8253 
8254 
8155 
8254 
8255 
8156 
8255 
8256 
8157 
8256 
8257 
8158 
8257 
8258 
8159 
8258 
8259 
8160 
8259 
8260 
8161 
8260 
8261 
8162 
8261 
8262 
8163 
8262 
8263 
8164 
8263 
8264 
8165 
8264 
8265 
8166 
8265 
8266 
8167 
8266 
8267 
8168 
8267 
8268 
8169 
8268 
8269 
8170 
8269 
8270 
8171 
8270 
8271 
8172 
8271 
8272 
8173 
8272 
8273 
8174 
8273 
8274 
8175 
8274 
8275 
8176 
8275 
8276 
8177 
8276 
8277 
8178 
8277 
8278 
8179 
8278 
8279 
8180 
8279 
8280 
8181 
8280 
8281 
8182 
8281 
8282 
8183 
8282 
8283 
8184 
8283 
8284 
8185 
8284 
8285 
8186 
8285 
8286 
8187 
8286 
8287 
8188 
8287 
8288 
8189 
8288 
8289 
8190 
8289 
8290 
8191 
8290 
8291 
8192 
8291 
8292 
8193 
8292 
8293 
8194 
8293 
8294 
8195 
8294 
8295 
8196 
8295 
8296 
8197 
8296 
8297 
8198 
8297 
8298 
8298 
8201 
8300 
8301 
8202 
8301 
8302 
8203 
8302 
8303 
8204 
8303 
8304 
8205 
8304 
8305 
8206 
8305 
8306 
8207 
8306 
8307 
8208 
8307 
8308 
8209 
8308 
8309 
8210 
8309 
8310 
8211 
8310 
8311 
8212 
8311 
8312 
8213 
8312 
8313 
8214 
8313 
8314 
8215 
8314 
8315 
8216 
8315 
8316 
8217 
8316 
8317 
8218 
8317 
8318 
8219 
8318 
8319 
8220 
8319 
8320 
8221 
8320 
8321 
8222 
8321 
8322 
8223 
8322 
8323 
8224 
8323 
8324 
8225 
8324 
8325 
8226 
8325 
8326 
8227 
8326 
8327 
8228 
8327 
8328 
8229 
8328 
8329 
8230 
8329 
8330 
8231 
8330 
8331 
8232 
8331 
8332 
8233 
8332 
8333 
8234 
8333 
8334 
8235 
8334 
8335 
8236 
8335 
8336 
8237 
8336 
8337 
8238 
8337 
8338 
8239 
8338 
8339 
8240 
8339 
8340 
8241 
8340 
8341 
8242 
8341 
8342 
8243 
8342 
8343 
8244 
8343 
8344 
8245 
8344 
8345 
8246 
8345 
8346 
8247 
8346 
8347 
8248 
8347 
8348 
8249 
8348 
8349 
8250 
8349 
8350 
8251 
8350 
8351 
8252 
8351 
8352 
8253 
8352 
8353 
8254 
8353 
8354 
8255 
8354 
8355 
8256 
8355 
8356 
8257 
8356 
8357 
8258 
8357 
8358 
8259 
8358 
8359 
8260 
8359 
8360 
8261 
8360 
8361 
8262 
8361 
8362 
8263 
8362 
8363 
8264 
8363 
8364 
8265 
8364 
8365 
8266 
8365 
8366 
8267 
8366 
8367 
8268 
8367 
8368 
8269 
8368 
8369 
8270 
8369 
8370 
8271 
8370 
8371 
8272 
8371 
8372 
8273 
8372 
8373 
8274 
8373 
8374 
8275 
8374 
8375 
8276 
8375 
8376 
8277 
8376 
8377 
8278 
8377 
8378 
8279 
8378 
8379 
8280 
8379 
8380 
8281 
8380 
8381 
8282 
8381 
8382 
8283 
8382 
8383 
8284 
8383 
8384 
8285 
8384 
8385 
8286 
8385 
8386 
8287 
8386 
8387 
8288 
8387 
8388 
8289 
8388 
8389 
8290 
8389 
8390 
8291 
8390 
8391 
8292 
8391 
8392 
8293 
8392 
8393 
8294 
8393 
8394 
8295 
8394 
8395 
8296 
8395 
8396 
8297 
8396 
8397 
8298 
8397 
8398 
8398 
8301 
8400 
8401 
8302 
8401 
8402 
8303 
8402 
8403 
8304 
8403 
8404 
8305 
8404 
8405 
8306 
8405 
8406 
8307 
8406 
8407 
8308 
8407 
8408 
8309 
8408 
8409 
8310 
8409 
8410 
8311 
8410 
8411 
8312 
8411 
8412 
8313 
8412 
8413 
8314 
8413 
8414 
8315 
8414 
8415 
8316 
8415 
8416 
8317 
8416 
8417 
8318 
8417 
8418 
8319 
8418 
8419 
8320 
8419 
8420 
8321 
8420 
8421 
8322 
8421 
8422 
8323 
8422 
8423 
8324 
8423 
8424 
8325 
8424 
8425 
8326 
8425 
8426 
8327 
8426 
8427 
8328 
8427 
8428 
8329 
8428 
8429 
8330 
8429 
8430 
8331 
8430 
8431 
8332 
8431 
8432 
8333 
8432 
8433 
8334 
8433 
8434 
8335 
8434 
8435 
8336 
8435 
8436 
8337 
8436 
8437 
8338 
8437 
8438 
8339 
8438 
8439 
8340 
8439 
8440 
8341 
8440 
8441 
8342 
8441 
8442 
8343 
8442 
8443 
8344 
8443 
8444 
8345 
8444 
8445 
8346 
8445 
8446 
8347 
8446 
8447 
8348 
8447 
8448 
8349 
8448 
8449 
8350 
8449 
8450 
8351 
8450 
8451 
8352 
8451 
8452 
8353 
8452 
8453 
8354 
8453 
8454 
8355 
8454 
8455 
8356 
8455 
8456 
8357 
8456 
8457 
8358 
8457 
8458 
8359 
8458 
8459 
8360 
8459 
8460 
8361 
8460 
8461 
8362 
8461 
8462 
8363 
8462 
8463 
8364 
8463 
8464 
8365 
8464 
8465 
8366 
8465 
8466 
8367 
8466 
8467 
8368 
8467 
8468 
8369 
8468 
8469 
8370 
8469 
8470 
8371 
8470 
8471 
8372 
8471 
8472 
8373 
8472 
8473 
8374 
8473 
8474 
8375 
8474 
8475 
8376 
8475 
8476 
8377 
8476 
8477 
8378 
8477 
8478 
8379 
8478 
8479 
8380 
8479 
8480 
8381 
8480 
8481 
8382 
8481 
8482 
8383 
8482 
8483 
8384 
8483 
8484 
8385 
8484 
8485 
8386 
8485 
8486 
8387 
8486 
8487 
8388 
8487 
8488 
8389 
8488 
8489 
8390 
8489 
8490 
8391 
8490 
8491 
8392 
8491 
8492 
8393 
8492 
8493 
8394 
8493 
8494 
8395 
8494 
8495 
8396 
8495 
8496 
8397 
8496 
8497 
8398 
8497 
8498 
8498 
8401 
8500 
8501 
8402 
8501 
8502 
8403 
8502 
8503 
8404 
8503 
8504 
8405 
8504 
8505 
8406 
8505 
8506 
8407 
8506 
8507 
8408 
8507 
8508 
8409 
8508 
8509 
8410 
8509 
8510 
8411 
8510 
8511 
8412 
8511 
8512 
8413 
8512 
8513 
8414 
8513 
8514 
8415 
8514 
8515 
8416 
8515 
8516 
8417 
8516 
8517 
8418 
8517 
8518 
8419 
8518 
8519 
8420 
8519 
8520 
8421 
8520 
8521 
8422 
8521 
8522 
8423 
8522 
8523 
8424 
8523 
8524 
8425 
8524 
8525 
8426 
8525 
8526 
8427 
8526 
8527 
8428 
8527 
8528 
8429 
8528 
8529 
8430 
8529 
8530 
8431 
8530 
8531 
8432 
8531 
8532 
8433 
8532 
8533 
8434 
8533 
8534 
8435 
8534 
8535 
8436 
8535 
8536 
8437 
8536 
8537 
8438 
8537 
8538 
8439 
8538 
8539 
8440 
8539 
8540 
8441 
8540 
8541 
8442 
8541 
8542 
8443 
8542 
8543 
8444 
8543 
8544 
8445 
8544 
8545 
8446 
8545 
8546 
8447 
8546 
8547 
8448 
8547 
8548 
8449 
8548 
8549 
8450 
8549 
8550 
8451 
8550 
8551 
8452 
8551 
8552 
8453 
8552 
8553 
8454 
8553 
8554 
8455 
8554 
8555 
8456 
8555 
8556 
8457 
8556 
8557 
8458 
8557 
8558 
8459 
8558 
8559 
8460 
8559 
8560 
8461 
8560 
8561 
8462 
8561 
8562 
8463 
8562 
8563 
8464 
8563 
8564 
8465 
8564 
8565 
8466 
8565 
8566 
8467 
8566 
8567 
8468 
8567 
8568 
8469 
8568 
8569 
8470 
8569 
8570 
8471 
8570 
8571 
8472 
8571 
8572 
8473 
8572 
8573 
8474 
8573 
8574 
8475 
8574 
8575 
8476 
8575 
8576 
8477 
8576 
8577 
8478 
8577 
8578 
8479 
8578 
8579 
8480 
8579 
8580 
8481 
8580 
8581 
8482 
8581 
8582 
8483 
8582 
8583 
8484 
8583 
8584 
8485 
8584 
8585 
8486 
8585 
8586 
8487 
8586 
8587 
8488 
8587 
8588 
8489 
8588 
8589 
8490 
8589 
8590 
8491 
8590 
8591 
8492 
8591 
8592 
8493 
8592 
8593 
8494 
8593 
8594 
8495 
8594 
8595 
8496 
8595 
8596 
8497 
8596 
8597 
8498 
8597 
8598 
8598 
8501 
8600 
8601 
8502 
8601 
8602 
8503 
8602 
8603 
8504 
8603 
8604 
8505 
8604 
8605 
8506 
8605 
8606 
8507 
8606 
8607 
8508 
8607 
8608 
8509 
8608 
8609 
8510 
8609 
8610 
8511 
8610 
8611 
8512 
8611 
8612 
8513 
8612 
8613 
8514 
8613 
8614 
8515 
8614 
8615 
8516 
8615 
8616 
8517 
8616 
8617 
8518 
8617 
8618 
8519 
8618 
8619 
8520 
8619 
8620 
8521 
8620 
8621 
8522 
8621 
8622 
8523 
8622 
8623 
8524 
8623 
8624 
8525 
8624 
8625 
8526 
8625 
8626 
8527 
8626 
8627 
8528 
8627 
8628 
8529 
8628 
8629 
8530 
8629 
8630 
8531 
8630 
8631 
8532 
8631 
8632 
8533 
8632 
8633 
8534 
8633 
8634 
8535 
8634 
8635 
8536 
8635 
8636 
8537 
8636 
8637 
8538 
8637 
8638 
8539 
8638 
8639 
8540 
8639 
8640 
8541 
8640 
8641 
8542 
8641 
8642 
8543 
8642 
8643 
8544 
8643 
8644 
8545 
8644 
8645 
8546 
8645 
8646 
8547 
8646 
8647 
8548 
8647 
8648 
8549 
8648 
8649 
8550 
8649 
8650 
8551 
8650 
8651 
8552 
8651 
8652 
8553 
8652 
8653 
8554 
8653 
8654 
8555 
8654 
8655 
8556 
8655 
8656 
8557 
8656 
8657 
8558 
8657 
8658 
8559 
8658 
8659 
8560 
8659 
8660 
8561 
8660 
8661 
8562 
8661 
8662 
8563 
8662 
8663 
8564 
8663 
8664 
8565 
8664 
8665 
8566 
8665 
8666 
8567 
8666 
8667 
8568 
8667 
8668 
8569 
8668 
8669 
8570 
8669 
8670 
8571 
8670 
8671 
8572 
8671 
8672 
8573 
8672 
8673 
8574 
8673 
8674 
8575 
8674 
8675 
8576 
8675 
8676 
8577 
8676 
8677 
8578 
8677 
8678 
8579 
8678 
8679 
8580 
8679 
8680 
8581 
8680 
8681 
8582 
8681 
8682 
8583 
8682 
8683 
8584 
8683 
8684 
8585 
8684 
8685 
8586 
8685 
8686 
8587 
8686 
8687 
8588 
8687 
8688 
8589 
8688 
8689 
8590 
8689 
8690 
8591 
8690 
8691 
8592 
8691 
8692 
8593 
8692 
8693 
8594 
8693 
8694 
8595 
8694 
8695 
8596 
8695 
8696 
8597 
8696 
8697 
8598 
8697 
8698 
8698 
8601 
8700 
8701 
8602 
8701 
8702 
8603 
8702 
8703 
8604 
8703 
8704 
8605 
8704 
8705 
8606 
8705 
8706 
8607 
8706 
8707 
8608 
8707 
8708 
8609 
8708 
8709 
8610 
8709 
8710 
8611 
8710 
8711 
8612 
8711 
8712 
8613 
8712 
8713 
8614 
8713 
8714 
8615 
8714 
8715 
8616 
8715 
8716 
8617 
8716 
8717 
8618 
8717 
8718 
8619 
8718 
8719 
8620 
8719 
8720 
8621 
8720 
8721 
8622 
8721 
8722 
8623 
8722 
8723 
8624 
8723 
8724 
8625 
8724 
8725 
8626 
8725 
8726 
8627 
8726 
8727 
8628 
8727 
8728 
8629 
8728 
8729 
8630 
8729 
8730 
8631 
8730 
8731 
8632 
8731 
8732 
8633 
8732 
8733 
8634 
8733 
8734 
8635 
8734 
8735 
8636 
8735 
8736 
8637 
8736 
8737 
8638 
8737 
8738 
8639 
8738 
8739 
8640 
8739 
8740 
8641 
8740 
8741 
8642 
8741 
8742 
8643 
8742 
8743 
8644 
8743 
8744 
8645 
8744 
8745 
8646 
8745 
8746 
8647 
8746 
8747 
8648 
8747 
8748 
8649 
8748 
8749 
8650 
8749 
8750 
8651 
8750 
8751 
8652 
8751 
8752 
8653 
8752 
8753 
8654 
8753 
8754 
8655 
8754 
8755 
8656 
8755 
8756 
8657 
8756 
8757 
8658 
8757 
8758 
8659 
8758 
8759 
8660 
8759 
8760 
8661 
8760 
8761 
8662 
8761 
8762 
8663 
8762 
8763 
8664 
8763 
8764 
8665 
8764 
8765 
8666 
8765 
8766 
8667 
8766 
8767 
8668 
8767 
8768 
8669 
8768 
8769 
8670 
8769 
8770 
8671 
8770 
8771 
8672 
8771 
8772 
8673 
8772 
8773 
8674 
8773 
8774 
8675 
8774 
8775 
8676 
8775 
8776 
8677 
8776 
8777 
8678 
8777 
8778 
8679 
8778 
8779 
8680 
8779 
8780 
8681 
8780 
8781 
8682 
8781 
8782 
8683 
8782 
8783 
8684 
8783 
8784 
8685 
8784 
8785 
8686 
8785 
8786 
8687 
8786 
8787 
8688 
8787 
8788 
8689 
8788 
8789 
8690 
8789 
8790 
8691 
8790 
8791 
8692 
8791 
8792 
8693 
8792 
8793 
8694 
8793 
8794 
8695 
8794 
8795 
8696 
8795 
8796 
8697 
8796 
8797 
8698 
8797 
8798 
8798 
8701 
8800 
8801 
8702 
8801 
8802 
8703 
8802 
8803 
8704 
8803 
8804 
8705 
8804 
8805 
8706 
8805 
8806 
8707 
8806 
8807 
8708 
8807 
8808 
8709 
8808 
8809 
8710 
8809 
8810 
8711 
8810 
8811 
8712 
8811 
8812 
8713 
8812 
8813 
8714 
8813 
8814 
8715 
8814 
8815 
8716 
8815 
8816 
8717 
8816 
8817 
8718 
8817 
8818 
8719 
8818 
8819 
8720 
8819 
8820 
8721 
8820 
8821 
8722 
8821 
8822 
8723 
8822 
8823 
8724 
8823 
8824 
8725 
8824 
8825 
8726 
8825 
8826 
8727 
8826 
8827 
8728 
8827 
8828 
8729 
8828 
8829 
8730 
8829 
8830 
8731 
8830 
8831 
8732 
8831 
8832 
8733 
8832 
8833 
8734 
8833 
8834 
8735 
8834 
8835 
8736 
8835 
8836 
8737 
8836 
8837 
8738 
8837 
8838 
8739 
8838 
8839 
8740 
8839 
8840 
8741 
8840 
8841 
8742 
8841 
8842 
8743 
8842 
8843 
8744 
8843 
8844 
8745 
8844 
8845 
8746 
8845 
8846 
8747 
8846 
8847 
8748 
8847 
8848 
8749 
8848 
8849 
8750 
8849 
8850 
8751 
8850 
8851 
8752 
8851 
8852 
8753 
8852 
8853 
8754 
8853 
8854 
8755 
8854 
8855 
8756 
8855 
8856 
8757 
8856 
8857 
8758 
8857 
8858 
8759 
8858 
8859 
8760 
8859 
8860 
8761 
8860 
8861 
8762 
8861 
8862 
8763 
8862 
8863 
8764 
8863 
8864 
8765 
8864 
8865 
8766 
8865 
8866 
8767 
8866 
8867 
8768 
8867 
8868 
8769 
8868 
8869 
8770 
8869 
8870 
8771 
8870 
8871 
8772 
8871 
8872 
8773 
8872 
8873 
8774 
8873 
8874 
8775 
8874 
8875 
8776 
8875 
8876 
8777 
8876 
8877 
8778 
8877 
8878 
8779 
8878 
8879 
8780 
8879 
8880 
8781 
8880 
8881 
8782 
8881 
8882 
8783 
8882 
8883 
8784 
8883 
8884 
8785 
8884 
8885 
8786 
8885 
8886 
8787 
8886 
8887 
8788 
8887 
8888 
8789 
8888 
8889 
8790 
8889 
8890 
8791 
8890 
8891 
8792 
8891 
8892 
8793 
8892 
8893 
8794 
8893 
8894 
8795 
8894 
8895 
8796 
8895 
8896 
8797 
8896 
8897 
8798 
8897 
8898 
8898 
8801 
8900 
8901 
8802 
8901 
8902 
8803 
8902 
8903 
8804 
8903 
8904 
8805 
8904 
8905 
8806 
8905 
8906 
8807 
8906 
8907 
8808 
8907 
8908 
8809 
8908 
8909 
8810 
8909 
8910 
8811 
8910 
8911 
8812 
8911 
8912 
8813 
8912 
8913 
8814 
8913 
8914 
8815 
8914 
8915 
8816 
8915 
8916 
8817 
8916 
8917 
8818 
8917 
8918 
8819 
8918 
8919 
8820 
8919 
8920 
8821 
8920 
8921 
8822 
8921 
8922 
8823 
8922 
8923 
8824 
8923 
8924 
8825 
8924 
8925 
8826 
8925 
8926 
8827 
8926 
8927 
8828 
8927 
8928 
8829 
8928 
8929 
8830 
8929 
8930 
8831 
8930 
8931 
8832 
8931 
8932 
8833 
8932 
8933 
8834 
8933 
8934 
8835 
8934 
8935 
8836 
8935 
8936 
8837 
8936 
8937 
8838 
8937 
8938 
8839 
8938 
8939 
8840 
8939 
8940 
8841 
8940 
8941 
8842 
8941 
8942 
8843 
8942 
8943 
8844 
8943 
8944 
8845 
8944 
8945 
8846 
8945 
8946 
8847 
8946 
8947 
8848 
8947 
8948 
8849 
8948 
8949 
8850 
8949 
8950 
8851 
8950 
8951 
8852 
8951 
8952 
8853 
8952 
8953 
8854 
8953 
8954 
8855 
8954 
8955 
8856 
8955 
8956 
8857 
8956 
8957 
8858 
8957 
8958 
8859 
8958 
8959 
8860 
8959 
8960 
8861 
8960 
8961 
8862 
8961 
8962 
8863 
8962 
8963 
8864 
8963 
8964 
8865 
8964 
8965 
8866 
8965 
8966 
8867 
8966 
8967 
8868 
8967 
8968 
8869 
8968 
8969 
8870 
8969 
8970 
8871 
8970 
8971 
8872 
8971 
8972 
8873 
8972 
8973 
8874 
8973 
8974 
8875 
8974 
8975 
8876 
8975 
8976 
8877 
8976 
8977 
8878 
8977 
8978 
8879 
8978 
8979 
8880 
8979 
8980 
8881 
8980 
8981 
8882 
8981 
8982 
8883 
8982 
8983 
8884 
8983 
8984 
8885 
8984 
8985 
8886 
8985 
8986 
8887 
8986 
8987 
8888 
8987 
8988 
8889 
8988 
8989 
8890 
8989 
8990 
8891 
8990 
8991 
8892 
8991 
8992 
8893 
8992 
8993 
8894 
8993 
8994 
8895 
8994 
8995 
8896 
8995 
8996 
8897 
8996 
8997 
8898 
8997 
8998 
8998 
8901 
9000 
9001 
8902 
9001 
9002 
8903 
9002 
9003 
8904 
9003 
9004 
8905 
9004 
9005 
8906 
9005 
9006 
8907 
9006 
9007 
8908 
9007 
9008 
8909 
9008 
9009 
8910 
9009 
9010 
8911 
9010 
9011 
8912 
9011 
9012 
8913 
9012 
9013 
8914 
9013 
9014 
8915 
9014 
9015 
8916 
9015 
9016 
8917 
9016 
9017 
8918 
9017 
9018 
8919 
9018 
9019 
8920 
9019 
9020 
8921 
9020 
9021 
8922 
9021 
9022 
8923 
9022 
9023 
8924 
9023 
9024 
8925 
9024 
9025 
8926 
9025 
9026 
8927 
9026 
9027 
8928 
9027 
9028 
8929 
9028 
9029 
8930 
9029 
9030 
8931 
9030 
9031 
8932 
9031 
9032 
8933 
9032 
9033 
8934 
9033 
9034 
8935 
9034 
9035 
8936 
9035 
9036 
8937 
9036 
9037 
8938 
9037 
9038 
8939 
9038 
9039 
8940 
9039 
9040 
8941 
9040 
9041 
8942 
9041 
9042 
8943 
9042 
9043 
8944 
9043 
9044 
8945 
9044 
9045 
8946 
9045 
9046 
8947 
9046 
9047 
8948 
9047 
9048 
8949 
9048 
9049 
8950 
9049 
9050 
8951 
9050 
9051 
8952 
9051 
9052 
8953 
9052 
9053 
8954 
9053 
9054 
8955 
9054 
9055 
8956 
9055 
9056 
8957 
9056 
9057 
8958 
9057 
9058 
8959 
9058 
9059 
8960 
9059 
9060 
8961 
9060 
9061 
8962 
9061 
9062 
8963 
9062 
9063 
8964 
9063 
9064 
8965 
9064 
9065 
8966 
9065 
9066 
8967 
9066 
9067 
8968 
9067 
9068 
8969 
9068 
9069 
8970 
9069 
9070 
8971 
9070 
9071 
8972 
9071 
9072 
8973 
9072 
9073 
8974 
9073 
9074 
8975 
9074 
9075 
8976 
9075 
9076 
8977 
9076 
9077 
8978 
9077 
9078 
8979 
9078 
9079 
8980 
9079 
9080 
8981 
9080 
9081 
8982 
9081 
9082 
8983 
9082 
9083 
8984 
9083 
9084 
8985 
9084 
9085 
8986 
9085 
9086 
8987 
9086 
9087 
8988 
9087 
9088 
8989 
9088 
9089 
8990 
9089 
9090 
8991 
9090 
9091 
8992 
9091 
9092 
8993 
9092 
9093 
8994 
9093 
9094 
8995 
9094 
9095 
8996 
9095 
9096 
8997 
9096 
9097 
8998 
9097 
9098 
9098 
9001 
9100 
9101 
9002 
9101 
9102 
9003 
9102 
9103 
9004 
9103 
9104 
9005 
9104 
9105 
9006 
9105 
9106 
9007 
9106 
9107 
9008 
9107 
9108 
9009 
9108 
9109 
9010 
9109 
9110 
9011 
9110 
9111 
9012 
9111 
9112 
9013 
9112 
9113 
9014 
9113 
9114 
9015 
9114 
9115 
9016 
9115 
9116 
9017 
9116 
9117 
9018 
9117 
9118 
9019 
9118 
9119 
9020 
9119 
9120 
9021 
9120 
9121 
9022 
9121 
9122 
9023 
9122 
9123 
9024 
9123 
9124 
9025 
9124 
9125 
9026 
9125 
9126 
9027 
9126 
9127 
9028 
9127 
9128 
9029 
9128 
9129 
9030 
9129 
9130 
9031 
9130 
9131 
9032 
9131 
9132 
9033 
9132 
9133 
9034 
9133 
9134 
9035 
9134 
9135 
9036 
9135 
9136 
9037 
9136 
9137 
9038 
9137 
9138 
9039 
9138 
9139 
9040 
9139 
9140 
9041 
9140 
9141 
9042 
9141 
9142 
9043 
9142 
9143 
9044 
9143 
9144 
9045 
9144 
9145 
9046 
9145 
9146 
9047 
9146 
9147 
9048 
9147 
9148 
9049 
9148 
9149 
9050 
9149 
9150 
9051 
9150 
9151 
9052 
9151 
9152 
9053 
9152 
9153 
9054 
9153 
9154 
9055 
9154 
9155 
9056 
9155 
9156 
9057 
9156 
9157 
9058 
9157 
9158 
9059 
9158 
9159 
9060 
9159 
9160 
9061 
9160 
9161 
9062 
9161 
9162 
9063 
9162 
9163 
9064 
9163 
9164 
9065 
9164 
9165 
9066 
9165 
9166 
9067 
9166 
9167 
9068 
9167 
9168 
9069 
9168 
9169 
9070 
9169 
9170 
9071 
9170 
9171 
9072 
9171 
9172 
9073 
9172 
9173 
9074 
9173 
9174 
9075 
9174 
9175 
9076 
9175 
9176 
9077 
9176 
9177 
9078 
9177 
9178 
9079 
9178 
9179 
9080 
9179 
9180 
9081 
9180 
9181 
9082 
9181 
9182 
9083 
9182 
9183 
9084 
9183 
9184 
9085 
9184 
9185 
9086 
9185 
9186 
9087 
9186 
9187 
9088 
9187 
9188 
9089 
9188 
9189 
9090 
9189 
9190 
9091 
9190 
9191 
9092 
9191 
9192 
9093 
9192 
9193 
9094 
9193 
9194 
9095 
9194 
9195 
9096 
9195 
9196 
9097 
9196 
9197 
9098 
9197 
9198 
9198 
9101 
9200 
9201 
9102 
9201 
9202 
9103 
9202 
9203 
9104 
9203 
9204 
9105 
9204 
9205 
9106 
9205 
9206 
9107 
9206 
9207 
9108 
9207 
9208 
9109 
9208 
9209 
9110 
9209 
9210 
9111 
9210 
9211 
9112 
9211 
9212 
9113 
9212 
9213 
9114 
9213 
9214 
9115 
9214 
9215 
9116 
9215 
9216 
9117 
9216 
9217 
9118 
9217 
9218 
9119 
9218 
9219 
9120 
9219 
9220 
9121 
9220 
9221 
9122 
9221 
9222 
9123 
9222 
9223 
9124 
9223 
9224 
9125 
9224 
9225 
9126 
9225 
9226 
9127 
9226 
9227 
9128 
9227 
9228 
9129 
9228 
9229 
9130 
9229 
9230 
9131 
9230 
9231 
9132 
9231 
9232 
9133 
9232 
9233 
9134 
9233 
9234 
9135 
9234 
9235 
9136 
9235 
9236 
9137 
9236 
9237 
9138 
9237 
9238 
9139 
9238 
9239 
9140 
9239 
9240 
9141 
9240 
9241 
9142 
9241 
9242 
9143 
9242 
9243 
9144 
9243 
9244 
9145 
9244 
9245 
9146 
9245 
9246 
9147 
9246 
9247 
9148 
9247 
9248 
9149 
9248 
9249 
9150 
9249 
9250 
9151 
9250 
9251 
9152 
9251 
9252 
9153 
9252 
9253 
9154 
9253 
9254 
9155 
9254 
9255 
9156 
9255 
9256 
9157 
9256 
9257 
9158 
9257 
9258 
9159 
9258 
9259 
9160 
9259 
9260 
9161 
9260 
9261 
9162 
9261 
9262 
9163 
9262 
9263 
9164 
9263 
9264 
9165 
9264 
9265 
9166 
9265 
9266 
9167 
9266 
9267 
9168 
9267 
9268 
9169 
9268 
9269 
9170 
9269 
9270 
9171 
9270 
9271 
9172 
9271 
9272 
9173 
9272 
9273 
9174 
9273 
9274 
9175 
9274 
9275 
9176 
9275 
9276 
9177 
9276 
9277 
9178 
9277 
9278 
9179 
9278 
9279 
9180 
9279 
9280 
9181 
9280 
9281 
9182 
9281 
9282 
9183 
9282 
9283 
9184 
9283 
9284 
9185 
9284 
9285 
9186 
9285 
9286 
9187 
9286 
9287 
9188 
9287 
9288 
9189 
9288 
9289 
9190 
9289 
9290 
9191 
9290 
9291 
9192 
9291 
9292 
9193 
9292 
9293 
9194 
9293 
9294 
9195 
9294 
9295 
9196 
9295 
9296 
9197 
9296 
9297 
9198 
9297 
9298 
9298 
9201 
9300 
9301 
9202 
9301 
9302 
9203 
9302 
9303 
9204 
9303 
9304 
9205 
9304 
9305 
9206 
9305 
9306 
9207 
9306 
9307 
9208 
9307 
9308 
9209 
9308 
9309 
9210 
9309 
9310 
9211 
9310 
9311 
9212 
9311 
9312 
9213 
9312 
9313 
9214 
9313 
9314 
9215 
9314 
9315 
9216 
9315 
9316 
9217 
9316 
9317 
9218 
9317 
9318 
9219 
9318 
9319 
9220 
9319 
9320 
9221 
9320 
9321 
9222 
9321 
9322 
9223 
9322 
9323 
9224 
9323 
9324 
9225 
9324 
9325 
9226 
9325 
9326 
9227 
9326 
9327 
9228 
9327 
9328 
9229 
9328 
9329 
9230 
9329 
9330 
9231 
9330 
9331 
9232 
9331 
9332 
9233 
9332 
9333 
9234 
9333 
9334 
9235 
9334 
9335 
9236 
9335 
9336 
9237 
9336 
9337 
9238 
9337 
9338 
9239 
9338 
9339 
9240 
9339 
9340 
9241 
9340 
9341 
9242 
9341 
9342 
9243 
9342 
9343 
9244 
9343 
9344 
9245 
9344 
9345 
9246 
9345 
9346 
9247 
9346 
9347 
9248 
9347 
9348 
9249 
9348 
9349 
9250 
9349 
9350 
9251 
9350 
9351 
9252 
9351 
9352 
9253 
9352 
9353 
9254 
9353 
9354 
9255 
9354 
9355 
9256 
9355 
9356 
9257 
9356 
9357 
9258 
9357 
9358 
9259 
9358 
9359 
9260 
9359 
9360 
9261 
9360 
9361 
9262 
9361 
9362 
9263 
9362 
9363 
9264 
9363 
9364 
9265 
9364 
9365 
9266 
9365 
9366 
9267 
9366 
9367 
9268 
9367 
9368 
9269 
9368 
9369 
9270 
9369 
9370 
9271 
9370 
9371 
9272 
9371 
9372 
9273 
9372 
9373 
9274 
9373 
9374 
9275 
9374 
9375 
9276 
9375 
9376 
9277 
9376 
9377 
9278 
9377 
9378 
9279 
9378 
9379 
9280 
9379 
9380 
9281 
9380 
9381 
9282 
9381 
9382 
9283 
9382 
9383 
9284 
9383 
9384 
9285 
9384 
9385 
9286 
9385 
9386 
9287 
9386 
9387 
9288 
9387 
9388 
9289 
9388 
9389 
9290 
9389 
9390 
9291 
9390 
9391 
9292 
9391 
9392 
9293 
9392 
9393 
9294 
9393 
9394 
9295 
9394 
9395 
9296 
9395 
9396 
9297 
9396 
9397 
9298 
9397 
9398 
9398 
9301 
9400 
9401 
9302 
9401 
9402 
9303 
9402 
9403 
9304 
9403 
9404 
9305 
9404 
9405 
9306 
9405 
9406 
9307 
9406 
9407 
9308 
9407 
9408 
9309 
9408 
9409 
9310 
9409 
9410 
9311 
9410 
9411 
9312 
9411 
9412 
9313 
9412 
9413 
9314 
9413 
9414 
9315 
9414 
9415 
9316 
9415 
9416 
9317 
9416 
9417 
9318 
9417 
9418 
9319 
9418 
9419 
9320 
9419 
9420 
9321 
9420 
9421 
9322 
9421 
9422 
9323 
9422 
9423 
9324 
9423 
9424 
9325 
9424 
9425 
9326 
9425 
9426 
9327 
9426 
9427 
9328 
9427 
9428 
9329 
9428 
9429 
9330 
9429 
9430 
9331 
9430 
9431 
9332 
9431 
9432 
9333 
9432 
9433 
9334 
9433 
9434 
9335 
9434 
9435 
9336 
9435 
9436 
9337 
9436 
9437 
9338 
9437 
9438 
9339 
9438 
9439 
9340 
9439 
9440 
9341 
9440 
9441 
9342 
9441 
9442 
9343 
9442 
9443 
9344 
9443 
9444 
9345 
9444 
9445 
9346 
9445 
9446 
9347 
9446 
9447 
9348 
9447 
9448 
9349 
9448 
9449 
9350 
9449 
9450 
9351 
9450 
9451 
9352 
9451 
9452 
9353 
9452 
9453 
9354 
9453 
9454 
9355 
9454 
9455 
9356 
9455 
9456 
9357 
9456 
9457 
9358 
9457 
9458 
9359 
9458 
9459 
9360 
9459 
9460 
9361 
9460 
9461 
9362 
9461 
9462 
9363 
9462 
9463 
9364 
9463 
9464 
9365 
9464 
9465 
9366 
9465 
9466 
9367 
9466 
9467 
9368 
9467 
9468 
9369 
9468 
9469 
9370 
9469 
9470 
9371 
9470 
9471 
9372 
9471 
9472 
9373 
9472 
9473 
9374 
9473 
9474 
9375 
9474 
9475 
9376 
9475 
9476 
9377 
9476 
9477 
9378 
9477 
9478 
9379 
9478 
9479 
9380 
9479 
9480 
9381 
9480 
9481 
9382 
9481 
9482 
9383 
9482 
9483 
9384 
9483 
9484 
9385 
9484 
9485 
9386 
9485 
9486 
9387 
9486 
9487 
9388 
9487 
9488 
9389 
9488 
9489 
9390 
9489 
9490 
9391 
9490 
9491 
9392 
9491 
9492 
9393 
9492 
9493 
9394 
9493 
9494 
9395 
9494 
9495 
9396 
9495 
9496 
9397 
9496 
9497 
9398 
9497 
9498 
9498 
9401 
9500 
9501 
9402 
9501 
9502 
9403 
9502 
9503 
9404 
9503 
9504 
9405 
9504 
9505 
9406 
9505 
9506 
9407 
9506 
9507 
9408 
9507 
9508 
9409 
9508 
9509 
9410 
9509 
9510 
9411 
9510 
9511 
9412 
9511 
9512 
9413 
9512 
9513 
9414 
9513 
9514 
9415 
9514 
9515 
9416 
9515 
9516 
9417 
9516 
9517 
9418 
9517 
9518 
9419 
9518 
9519 
9420 
9519 
9520 
9421 
9520 
9521 
9422 
9521 
9522 
9423 
9522 
9523 
9424 
9523 
9524 
9425 
9524 
9525 
9426 
9525 
9526 
9427 
9526 
9527 
9428 
9527 
9528 
9429 
9528 
9529 
9430 
9529 
9530 
9431 
9530 
9531 
9432 
9531 
9532 
9433 
9532 
9533 
9434 
9533 
9534 
9435 
9534 
9535 
9436 
9535 
9536 
9437 
9536 
9537 
9438 
9537 
9538 
9439 
9538 
9539 
9440 
9539 
9540 
9441 
9540 
9541 
9442 
9541 
9542 
9443 
9542 
9543 
9444 
9543 
9544 
9445 
9544 
9545 
9446 
9545 
9546 
9447 
9546 
9547 
9448 
9547 
9548 
9449 
9548 
9549 
9450 
9549 
9550 
9451 
9550 
9551 
9452 
9551 
9552 
9453 
9552 
9553 
9454 
9553 
9554 
9455 
9554 
9555 
9456 
9555 
9556 
9457 
9556 
9557 
9458 
9557 
9558 
9459 
9558 
9559 
9460 
9559 
9560 
9461 
9560 
9561 
9462 
9561 
9562 
9463 
9562 
9563 
9464 
9563 
9564 
9465 
9564 
9565 
9466 
9565 
9566 
9467 
9566 
9567 
9468 
9567 
9568 
9469 
9568 
9569 
9470 
9569 
9570 
9471 
9570 
9571 
9472 
9571 
9572 
9473 
9572 
9573 
9474 
9573 
9574 
9475 
9574 
9575 
9476 
9575 
9576 
9477 
9576 
9577 
9478 
9577 
9578 
9479 
9578 
9579 
9480 
9579 
9580 
9481 
9580 
9581 
9482 
9581 
9582 
9483 
9582 
9583 
9484 
9583 
9584 
9485 
9584 
9585 
9486 
9585 
9586 
9487 
9586 
9587 
9488 
9587 
9588 
9489 
9588 
9589 
9490 
9589 
9590 
9491 
9590 
9591 
9492 
9591 
9592 
9493 
9592 
9593 
9494 
9593 
9594 
9495 
9594 
9595 
9496 
9595 
9596 
9497 
9596 
9597 
9498 
9597 
9598 
9598 
9501 
9600 
9601 
9502 
9601 
9602 
9503 
9602 
9603 
9504 
9603 
9604 
9505 
9604 
9605 
9506 
9605 
9606 
9507 
9606 
9607 
9508 
9607 
9608 
9509 
9608 
9609 
9510 
9609 
9610 
9511 
9610 
9611 
9512 
9611 
9612 
9513 
9612 
9613 
9514 
9613 
9614 
9515 
9614 
9615 
9516 
9615 
9616 
9517 
9616 
9617 
9518 
9617 
9618 
9519 
9618 
9619 
9520 
9619 
9620 
9521 
9620 
9621 
9522 
9621 
9622 
9523 
9622 
9623 
9524 
9623 
9624 
9525 
9624 
9625 
9526 
9625 
9626 
9527 
9626 
9627 
9528 
9627 
9628 
9529 
9628 
9629 
9530 
9629 
9630 
9531 
9630 
9631 
9532 
9631 
9632 
9533 
9632 
9633 
9534 
9633 
9634 
9535 
9634 
9635 
9536 
9635 
9636 
9537 
9636 
9637 
9538 
9637 
9638 
9539 
9638 
9639 
9540 
9639 
9640 
9541 
9640 
9641 
9542 
9641 
9642 
9543 
9642 
9643 
9544 
9643 
9644 
9545 
9644 
9645 
9546 
9645 
9646 
9547 
9646 
9647 
9548 
9647 
9648 
9549 
9648 
9649 
9550 
9649 
9650 
9551 
9650 
9651 
9552 
9651 
9652 
9553 
9652 
9653 
9554 
9653 
9654 
9555 
9654 
9655 
9556 
9655 
9656 
9557 
9656 
9657 
9558 
9657 
9658 
9559 
9658 
9659 
9560 
9659 
9660 
9561 
9660 
9661 
9562 
9661 
9662 
9563 
9662 
9663 
9564 
9663 
9664 
9565 
9664 
9665 
9566 
9665 
9666 
9567 
9666 
9667 
9568 
9667 
9668 
9569 
9668 
9669 
9570 
9669 
9670 
9571 
9670 
9671 
9572 
9671 
9672 
9573 
9672 
9673 
9574 
9673 
9674 
9575 
9674 
9675 
9576 
9675 
9676 
9577 
9676 
9677 
9578 
9677 
9678 
9579 
9678 
9679 
9580 
9679 
9680 
9581 
9680 
9681 
9582 
9681 
9682 
9583 
9682 
9683 
9584 
9683 
9684 
9585 
9684 
9685 
9586 
9685 
9686 
9587 
9686 
9687 
9588 
9687 
9688 
9589 
9688 
9689 
9590 
9689 
9690 
9591 
9690 
9691 
9592 
9691 
9692 
9593 
9692 
9693 
9594 
9693 
9694 
9595 
9694 
9695 
9596 
9695 
9696 
9597 
9696 
9697 
9598 
9697 
9698 
9698 
9601 
9700 
9701 
9602 
9701 
9702 
9603 
9702 
9703 
9604 
9703 
9704 
9605 
9704 
9705 
9606 
9705 
9706 
9607 
9706 
9707 
9608 
9707 
9708 
9609 
9708 
9709 
9610 
9709 
9710 
9611 
9710 
9711 
9612 
9711 
9712 
9613 
9712 
9713 
9614 
9713 
9714 
9615 
9714 
9715 
9616 
9715 
9716 
9617 
9716 
9717 
9618 
9717 
9718 
9619 
9718 
9719 
9620 
9719 
9720 
9621 
9720 
9721 
9622 
9721 
9722 
9623 
9722 
9723 
9624 
9723 
9724 
9625 
9724 
9725 
9626 
9725 
9726 
9627 
9726 
9727 
9628 
9727 
9728 
9629 
9728 
9729 
9630 
9729 
9730 
9631 
9730 
9731 
9632 
9731 
9732 
9633 
9732 
9733 
9634 
9733 
9734 
9635 
9734 
9735 
9636 
9735 
9736 
9637 
9736 
9737 
9638 
9737 
9738 
9639 
9738 
9739 
9640 
9739 
9740 
9641 
9740 
9741 
9642 
9741 
9742 
9643 
9742 
9743 
9644 
9743 
9744 
9645 
9744 
9745 
9646 
9745 
9746 
9647 
9746 
9747 
9648 
9747 
9748 
9649 
9748 
9749 
9650 
9749 
9750 
9651 
9750 
9751 
9652 
9751 
9752 
9653 
9752 
9753 
9654 
9753 
9754 
9655 
9754 
9755 
9656 
9755 
9756 
9657 
9756 
9757 
9658 
9757 
9758 
9659 
9758 
9759 
9660 
9759 
9760 
9661 
9760 
9761 
9662 
9761 
9762 
9663 
9762 
9763 
9664 
9763 
9764 
9665 
9764 
9765 
9666 
9765 
9766 
9667 
9766 
9767 
9668 
9767 
9768 
9669 
9768 
9769 
9670 
9769 
9770 
9671 
9770 
9771 
9672 
9771 
9772 
9673 
9772 
9773 
9674 
9773 
9774 
9675 
9774 
9775 
9676 
9775 
9776 
9677 
9776 
9777 
9678 
9777 
9778 
9679 
9778 
9779 
9680 
9779 
9780 
9681 
9780 
9781 
9682 
9781 
9782 
9683 
9782 
9783 
9684 
9783 
9784 
9685 
9784 
9785 
9686 
9785 
9786 
9687 
9786 
9787 
9688 
9787 
9788 
9689 
9788 
9789 
9690 
9789 
9790 
9691 
9790 
9791 
9692 
9791 
9792 
9693 
9792 
9793 
9694 
9793 
9794 
9695 
9794 
9795 
9696 
9795 
9796 
9697 
9796 
9797 
9698 
9797 
9798 
9798 
9701 
9800 
9801 
9702 
9801 
9802 
9703 
9802 
9803 
9704 
9803 
9804 
9705 
9804 
9805 
9706 
9805 
9806 
9707 
9806 
9807 
9708 
9807 
9808 
9709 
9808 
9809 
9710 
9809 
9810 
9711 
9810 
9811 
9712 
9811 
9812 
9713 
9812 
9813 
9714 
9813 
9814 
9715 
9814 
9815 
9716 
9815 
9816 
9717 
9816 
9817 
9718 
9817 
9818 
9719 
9818 
9819 
9720 
9819 
9820 
9721 
9820 
9821 
9722 
9821 
9822 
9723 
9822 
9823 
9724 
9823 
9824 
9725 
9824 
9825 
9726 
9825 
9826 
9727 
9826 
9827 
9728 
9827 
9828 
9729 
9828 
9829 
9730 
9829 
9830 
9731 
9830 
9831 
9732 
9831 
9832 
9733 
9832 
9833 
9734 
9833 
9834 
9735 
9834 
9835 
9736 
9835 
9836 
9737 
9836 
9837 
9738 
9837 
9838 
9739 
9838 
9839 
9740 
9839 
9840 
9741 
9840 
9841 
9742 
9841 
9842 
9743 
9842 
9843 
9744 
9843 
9844 
9745 
9844 
9845 
9746 
9845 
9846 
9747 
9846 
9847 
9748 
9847 
9848 
9749 
9848 
9849 
9750 
9849 
9850 
9751 
9850 
9851 
9752 
9851 
9852 
9753 
9852 
9853 
9754 
9853 
9854 
9755 
9854 
9855 
9756 
9855 
9856 
9757 
9856 
9857 
9758 
9857 
9858 
9759 
9858 
9859 
9760 
9859 
9860 
9761 
9860 
9861 
9762 
9861 
9862 
9763 
9862 
9863 
9764 
9863 
9864 
9765 
9864 
9865 
9766 
9865 
9866 
9767 
9866 
9867 
9768 
9867 
9868 
9769 
9868 
9869 
9770 
9869 
9870 
9771 
9870 
9871 
9772 
9871 
9872 
9773 
9872 
9873 
9774 
9873 
9874 
9775 
9874 
9875 
9776 
9875 
9876 
9777 
9876 
9877 
9778 
9877 
9878 
9779 
9878 
9879 
9780 
9879 
9880 
9781 
9880 
9881 
9782 
9881 
9882 
9783 
9882 
9883 
9784 
9883 
9884 
9785 
9884 
9885 
9786 
9885 
9886 
9787 
9886 
9887 
9788 
9887 
9888 
9789 
9888 
9889 
9790 
9889 
9890 
9791 
9890 
9891 
9792 
9891 
9892 
9793 
9892 
9893 
9794 
9893 
9894 
9795 
9894 
9895 
9796 
9895 
9896 
9797 
9896 
9897 
9798 
9897 
9898 
9898 
9801 
9802 
9803 
9804 
9805 
9806 
9807 
9808 
9809 
9810 
9811 
9812 
9813 
9814 
9815 
9816 
9817 
9818 
9819 
9820 
9821 
9822 
9823 
9824 
9825 
9826 
9827 
9828 
9829 
9830 
9831 
9832 
9833 
9834 
9835 
9836 
9837 
9838 
9839 
9840 
9841 
9842 
9843 
9844 
9845 
9846 
9847 
9848 
9849 
9850 
9851 
9852 
9853 
9854 
9855 
9856 
9857 
9858 
9859 
9860 
9861 
9862 
9863 
9864 
9865 
9866 
9867 
9868 
9869 
9870 
9871 
9872 
9873 
9874 
9875 
9876 
9877 
9878 
9879 
9880 
9881 
9882 
9883 
9884 
9885 
9886 
9887 
9888 
9889 
9890 
9891 
9892 
9893 
9894 
9895 
9896 
9897 
9898 
