1 2 5 2 
2 5 6 2 
3 6 7 2 
4 7 8 2 
5 8 9 2 
6 9 10 2 
7 10 11 2 
8 11 12 2 
9 12 13 2 
10 13 14 2 
11 14 15 2 
12 15 16 2 
13 16 17 2 
14 17 18 2 
15 18 19 2 
16 19 20 2 
17 20 21 2 
18 21 22 2 
19 22 23 2 
20 23 24 2 
21 24 25 2 
22 25 26 2 
23 26 27 2 
24 27 28 2 
25 28 29 2 
26 29 30 2 
27 30 31 2 
28 31 32 2 
29 32 33 2 
30 33 34 2 
31 34 35 2 
32 35 36 2 
33 36 37 2 
34 37 38 2 
35 38 39 2 
36 39 40 2 
37 40 41 2 
38 41 42 2 
39 42 43 2 
40 43 44 2 
41 44 45 2 
42 45 46 2 
43 46 47 2 
44 47 48 2 
45 48 49 2 
46 49 50 2 
47 50 51 2 
48 51 52 2 
49 52 53 2 
50 53 54 2 
51 54 55 2 
52 55 56 2 
53 56 57 2 
54 57 58 2 
55 58 59 2 
56 59 60 2 
57 60 61 2 
58 61 62 2 
59 62 63 2 
60 63 3 2 
61 1 64 1 
62 64 65 1 
63 65 66 1 
64 66 67 1 
65 67 68 1 
66 68 69 1 
67 69 70 1 
68 70 71 1 
69 71 72 1 
70 72 73 1 
71 73 74 1 
72 74 75 1 
73 75 76 1 
74 76 77 1 
75 77 78 1 
76 78 79 1 
77 79 80 1 
78 80 81 1 
79 81 82 1 
80 82 83 1 
81 83 84 1 
82 84 85 1 
83 85 86 1 
84 86 87 1 
85 87 88 1 
86 88 89 1 
87 89 90 1 
88 90 91 1 
89 91 92 1 
90 92 93 1 
91 93 94 1 
92 94 95 1 
93 95 96 1 
94 96 97 1 
95 97 98 1 
96 98 99 1 
97 99 100 1 
98 100 101 1 
99 101 102 1 
100 102 103 1 
101 103 104 1 
102 104 105 1 
103 105 106 1 
104 106 107 1 
105 107 108 1 
106 108 109 1 
107 109 110 1 
108 110 111 1 
109 111 112 1 
110 112 113 1 
111 113 114 1 
112 114 115 1 
113 115 116 1 
114 116 117 1 
115 117 118 1 
116 118 119 1 
117 119 120 1 
118 120 121 1 
119 121 122 1 
120 122 4 1 
121 4 123 3 
122 123 124 3 
123 124 125 3 
124 125 126 3 
125 126 127 3 
126 127 128 3 
127 128 129 3 
128 129 130 3 
129 130 131 3 
130 131 132 3 
131 132 133 3 
132 133 134 3 
133 134 135 3 
134 135 136 3 
135 136 137 3 
136 137 138 3 
137 138 139 3 
138 139 140 3 
139 140 141 3 
140 141 142 3 
141 142 143 3 
142 143 144 3 
143 144 145 3 
144 145 146 3 
145 146 147 3 
146 147 148 3 
147 148 149 3 
148 149 150 3 
149 150 151 3 
150 151 152 3 
151 152 153 3 
152 153 154 3 
153 154 155 3 
154 155 156 3 
155 156 157 3 
156 157 158 3 
157 158 159 3 
158 159 160 3 
159 160 161 3 
160 161 162 3 
161 162 163 3 
162 163 164 3 
163 164 165 3 
164 165 166 3 
165 166 167 3 
166 167 168 3 
167 168 169 3 
168 169 170 3 
169 170 171 3 
170 171 172 3 
171 172 173 3 
172 173 174 3 
173 174 175 3 
174 175 176 3 
175 176 177 3 
176 177 178 3 
177 178 179 3 
178 179 180 3 
179 180 181 3 
180 181 1 3 
181 3 182 2 
182 182 183 2 
183 183 184 2 
184 184 185 2 
185 185 186 2 
186 186 187 2 
187 187 188 2 
188 188 189 2 
189 189 190 2 
190 190 191 2 
191 191 192 2 
192 192 193 2 
193 193 194 2 
194 194 195 2 
195 195 196 2 
196 196 197 2 
197 197 198 2 
198 198 199 2 
199 199 200 2 
200 200 201 2 
201 201 202 2 
202 202 203 2 
203 203 204 2 
204 204 205 2 
205 205 206 2 
206 206 207 2 
207 207 208 2 
208 208 209 2 
209 209 210 2 
210 210 211 2 
211 211 212 2 
212 212 213 2 
213 213 214 2 
214 214 215 2 
215 215 216 2 
216 216 217 2 
217 217 218 2 
218 218 219 2 
219 219 220 2 
220 220 221 2 
221 221 222 2 
222 222 223 2 
223 223 224 2 
224 224 225 2 
225 225 226 2 
226 226 227 2 
227 227 228 2 
228 228 229 2 
229 229 230 2 
230 230 231 2 
231 231 232 2 
232 232 233 2 
233 233 234 2 
234 234 235 2 
235 235 236 2 
236 236 237 2 
237 237 238 2 
238 238 239 2 
239 239 240 2 
240 240 2 2 
241 1 241 0 
242 241 242 0 
243 242 243 0 
244 243 244 0 
245 244 245 0 
246 245 246 0 
247 246 247 0 
248 247 248 0 
249 248 249 0 
250 249 250 0 
251 250 251 0 
252 251 252 0 
253 252 253 0 
254 253 254 0 
255 254 255 0 
256 255 256 0 
257 256 257 0 
258 257 258 0 
259 258 259 0 
260 259 260 0 
261 260 261 0 
262 261 262 0 
263 262 263 0 
264 263 264 0 
265 264 265 0 
266 265 266 0 
267 266 267 0 
268 267 268 0 
269 268 269 0 
270 269 270 0 
271 270 271 0 
272 271 272 0 
273 272 273 0 
274 273 274 0 
275 274 275 0 
276 275 276 0 
277 276 277 0 
278 277 278 0 
279 278 279 0 
280 279 280 0 
281 280 281 0 
282 281 282 0 
283 282 283 0 
284 283 284 0 
285 284 285 0 
286 285 286 0 
287 286 287 0 
288 287 288 0 
289 288 289 0 
290 289 290 0 
291 290 291 0 
292 291 292 0 
293 292 293 0 
294 293 294 0 
295 294 295 0 
296 295 296 0 
297 296 297 0 
298 297 298 0 
299 298 299 0 
300 299 2 0 
301 3 300 0 
302 300 301 0 
303 301 302 0 
304 302 303 0 
305 303 304 0 
306 304 305 0 
307 305 306 0 
308 306 307 0 
309 307 308 0 
310 308 309 0 
311 309 310 0 
312 310 311 0 
313 311 312 0 
314 312 313 0 
315 313 314 0 
316 314 315 0 
317 315 316 0 
318 316 317 0 
319 317 318 0 
320 318 319 0 
321 319 320 0 
322 320 321 0 
323 321 322 0 
324 322 323 0 
325 323 324 0 
326 324 325 0 
327 325 326 0 
328 326 327 0 
329 327 328 0 
330 328 329 0 
331 329 330 0 
332 330 331 0 
333 331 332 0 
334 332 333 0 
335 333 334 0 
336 334 335 0 
337 335 336 0 
338 336 337 0 
339 337 338 0 
340 338 339 0 
341 339 340 0 
342 340 341 0 
343 341 342 0 
344 342 343 0 
345 343 344 0 
346 344 345 0 
347 345 346 0 
348 346 347 0 
349 347 348 0 
350 348 349 0 
351 349 350 0 
352 350 351 0 
353 351 352 0 
354 352 353 0 
355 353 354 0 
356 354 355 0 
357 355 356 0 
358 356 357 0 
359 357 358 0 
360 358 4 0 
